34 0.53203125 0.45159722222222226 0.07734375 0.12479166666666668
22 0.6671875 0.40494212962962967 0.0765625 0.11775462962962954
22 0.725 0.3819328703703704 0.07734375 0.12244791666666668
34 0.46875 0.47222222222222215 0.0765625 0.12322337962962955
22 0.60859375 0.42716435185185186 0.07734375 0.12557291666666667
34 0.4140625 0.4975983796296296 0.07890625 0.13027199074074075
2 0.9296875 0.313136574074074 0.078125 0.11698495370370363
2 0.81484375 0.3521296296296296 0.07734375 0.12088541666666668
2 0.86953125 0.3306597222222222 0.07890625 0.11699074074074076
25 0.128125 0.5939178240740741 0.08359375 0.12327546296296284
25 0.06328125 0.616875 0.08125 0.12403935185185197
31 0.334375 0.5235706018518519 0.07890625 0.12402199074074076
31 0.20859375 0.5624826388888889 0.0796875 0.11309027777777772
31 0.26953125 0.5387152777777777 0.04609375 0.0995601851851852