5 0.6925405092592593 0.5799942129629629 0.04283564814814813 0.08781250000000007
5 0.7503703703703704 0.5772222222222222 0.039704861111111 0.0870081018518519
5 0.8112962962962962 0.5783333333333334 0.04284143518518526 0.08859375000000007
25 0.507349537037037 0.5860532407407407 0.050642361111111 0.08708912037037031
22 0.565949074074074 0.584837962962963 0.05061342592592588 0.08318287037037031
38 0.9300752314814815 0.5735474537037037 0.044357638888888926 0.08235532407407416
17 0.6308101851851852 0.5820138888888889 0.05061921296296301 0.08396412037037031
12 0.4456076388888889 0.5896354166666666 0.050642361111111 0.08708912037037031
22 0.3245196759259259 0.5897511574074075 0.05218749999999996 0.0847569444444444
17 0.38544560185185184 0.5908622685185185 0.051412037037037096 0.08553240740740745
38 0.8691261574074074 0.5755613425925926 0.04438657407407405 0.08626157407407416
31 0.1979224537037037 0.5953761574074073 0.05457175925925926 0.09024305555555542
31 0.26200810185185186 0.5917766203703703 0.05298032407407405 0.08632523148148152
31 0.09597222222222221 0.5430092592592592 0.05061921296296297 0.08396412037037031