1 0.5421875 0.36484375 0.1390625 0.171875
28 0.3078125 0.54296875 0.125 0.15625
16 0.46796875 0.4328125 0.13203125 0.1640625
14 0.26953125 0.753125 0.13515625 0.178125
10 0.778125 0.171875 0.1515625 0.16796875
37 0.615625 0.3015625 0.1390625 0.16328125
7 0.7046875 0.24765625 0.14453125 0.1625
8 0.73359375 0.39609375 0.16015625 0.1875
9 0.38359375 0.478125 0.12734375 0.1609375
23 0.3515625 0.69375 0.14140625 0.1875
26 0.43515625 0.634375 0.14296875 0.1796875
21 0.82421875 0.321875 0.1671875 0.18203125
6 0.8328125 0.53359375 0.18671875 0.2171875
19 0.4203125 0.84140625 0.16015625 0.2109375
18 0.23515625 0.6046875 0.10546875 0.1578125
13 0.5921875 0.50859375 0.15 0.1796875