28 0.3151215277777778 0.6908043981481482 0.1521354166666667 0.1691724537037036
37 0.5182465277777778 0.2783275462962963 0.1467071759259259 0.1696701388888889
14 0.34529513888888885 0.8944733796296298 0.16351851851851862 0.17833333333333315
1 0.46808449074074077 0.38461226851851854 0.15093750000000003 0.1761226851851852
23 0.401707175925926 0.7885127314814815 0.1621585648148148 0.18215856481481474
9 0.36528356481481483 0.5845196759259259 0.14765046296296305 0.17283564814814803
8 0.6459259259259259 0.29356481481481483 0.1699710648148148 0.1825636574074075
7 0.5763946759259259 0.18420717592592592 0.14856481481481473 0.1604166666666667
19 0.51640625 0.872795138888889 0.19120370370370363 0.21638888888888913
16 0.42437500000000006 0.48731481481481487 0.15221643518518527 0.1707349537037036
6 0.7855208333333333 0.3509375 0.1961053240740739 0.20573495370370365
26 0.45471064814814816 0.6878587962962962 0.16589120370370375 0.1940393518518519
18 0.2742824074074074 0.7834722222222222 0.1440277777777778 0.17810185185185184
13 0.5591030092592593 0.4723668981481481 0.17267939814814817 0.18971643518518527
21 0.7174537037037038 0.16802083333333334 0.1699826388888887 0.1677604166666667