25 0.5043865740740741 0.4845833333333333 0.11303240740740747 0.13072916666666679
11 0.6487094907407407 0.57359375 0.11967592592592595 0.14442708333333343
0 0.37024305555555553 0.3956770833333333 0.10728587962962957 0.12098958333333334
33 0.4383391203703704 0.44828124999999996 0.10981481481481481 0.1273958333333333
21 0.8876736111111111 0.7392708333333333 0.1228761574074074 0.17348958333333328
22 0.240625 0.3009895833333333 0.10406828703703708 0.11765624999999993
12 0.18 0.26276041666666666 0.10891782407407406 0.1234375
5 0.5769155092592593 0.52828125 0.11473379629629629 0.13552083333333337
36 0.3083738425925926 0.34187500000000004 0.10880208333333333 0.11953125
4 0.7246643518518519 0.6272395833333333 0.1229166666666666 0.14854166666666674
8 0.8060648148148148 0.6797395833333333 0.12013888888888893 0.16005208333333343