38 0.7396874999999999 0.5991666666666667 0.10427083333333335 0.3003125000000001
40 0.8168229166666666 0.6562673611111111 0.11317708333333343 0.31689236111111113
41 0.5908854166666666 0.5084895833333334 0.09828125000000014 0.2806770833333333
33 0.38265625000000003 0.36890625 0.09307291666666666 0.2493576388888889
36 0.90015625 0.7127256944444443 0.11374999999999993 0.32548611111111114
36 0.9636458333333333 0.7676215277777778 0.07270833333333329 0.3254513888888889
32 0.1278125 0.20878472222222225 0.09994791666666666 0.24717013888888895
1 0.31609375 0.3299826388888889 0.09411458333333336 0.24157986111111115
0 0.06807291666666668 0.1668923611111111 0.09192708333333333 0.2438715277777778
35 0.4490104166666667 0.41640625 0.10177083333333332 0.27451388888888884
39 0.5181770833333333 0.45928819444444446 0.09828124999999996 0.2806770833333333
2 0.18744791666666666 0.24911458333333333 0.09098958333333336 0.24151041666666667
34 0.2520833333333333 0.2825347222222222 0.09734375000000002 0.25491319444444444
37 0.6626562500000001 0.5553298611111112 0.10817708333333335 0.30039930555555544