12 0.08246527777777779 0.5035763888888889 0.11715856481481483 0.7091319444444444
12 0.1486689814814815 0.5143055555555556 0.1135706018518519 0.7027430555555554
2 0.21302083333333335 0.5000347222222222 0.11513310185185181 0.7238368055555554
2 0.28142361111111114 0.49840277777777775 0.12407407407407404 0.7499305555555555
2 0.351099537037037 0.49293402777777773 0.11958912037037042 0.720920138888889
22 0.4182002314814815 0.5052604166666667 0.11521990740740744 0.6934722222222224
22 0.4881076388888889 0.5239409722222221 0.12149884259259273 0.7256770833333335
22 0.5565104166666667 0.5223090277777778 0.12407407407407404 0.7499305555555557
28 0.6275173611111111 0.5348090277777777 0.1228877314814815 0.7234027777777777
28 0.695486111111111 0.5378298611111111 0.11906828703703702 0.7349131944444445
28 0.7633101851851852 0.5283854166666667 0.12285879629629637 0.7545486111111112
31 0.8361689814814814 0.5238368055555556 0.12390046296296298 0.7055381944444445
31 0.9122395833333332 0.5731597222222222 0.11712962962962976 0.7402777777777778
31 0.9609447337962962 0.5490104166666667 0.07811053240740762 0.7318576388888889