7 0.10833333333333335 0.43971064814814814 0.08468749999999999 0.12378472222222214
1 0.23149305555555558 0.3882175925925926 0.09720486111111111 0.12521412037037036
34 0.11595486111111111 0.5542997685185185 0.0838888888888889 0.12296296296296312
16 0.5677083333333334 0.7451041666666667 0.081388888888889 0.08069444444444436
41 0.8278645833333333 0.8289872685185184 0.09428819444444443 0.09931134259259267
8 0.2161111111111111 0.6580439814814815 0.09611111111111112 0.11111111111111108
27 0.18647569444444442 0.7245543981481481 0.09289930555555559 0.10704282407407409
31 0.42880208333333336 0.5548784722222223 0.0800173611111111 0.12432291666666657
32 0.9282465277777778 0.6058043981481481 0.09802083333333336 0.12681712962962965
9 0.16114583333333332 0.4213310185185185 0.0822916666666667 0.12131944444444435
36 0.4532118055555555 0.4067534722222222 0.08244791666666665 0.09323495370370374
35 0.7693055555555557 0.5428124999999999 0.09253472222222214 0.1257523148148149
10 0.5839930555555556 0.6458333333333334 0.09848958333333328 0.11279513888888885
15 0.48967013888888894 0.49076967592592596 0.06644097222222207 0.11035300925925924
22 0.6398611111111111 0.7363310185185185 0.06168402777777775 0.10698495370370367
2 0.8716145833333334 0.69046875 0.09838541666666671 0.10810763888888886
38 0.8430034722222223 0.605295138888889 0.10005208333333329 0.11287615740740727
29 0.5026736111111111 0.8207291666666666 0.08062500000000003 0.08143518518518533
20 0.23069444444444445 0.49454861111111115 0.09124999999999997 0.1030555555555555
12 0.41987847222222224 0.7452604166666668 0.0594444444444445 0.11155092592592589
0 0.6344270833333333 0.5936979166666667 0.09944444444444436 0.12064814814814824
24 0.8122048611111111 0.372181712962963 0.08703125000000007 0.12390625000000002
40 0.49050347222222224 0.6644502314814815 0.07668402777777779 0.07967013888888878
18 0.19652777777777777 0.5537847222222222 0.08973958333333334 0.10531828703703709
33 0.2697916666666667 0.6006018518518518 0.09682291666666672 0.10802662037037045
26 0.798420138888889 0.7461168981481482 0.09031249999999993 0.0959837962962963
21 0.06045138888888888 0.5177893518518518 0.09246527777777777 0.12262731481481488
5 0.8255034722222222 0.5128761574074074 0.09093750000000007 0.1241087962962963
17 0.5863194444444445 0.8227199074074074 0.08215277777777778 0.07995370370370374
25 0.7675694444444444 0.6561342592592593 0.102482638888889 0.11690393518518523
11 0.8830729166666668 0.38602430555555556 0.08392361111111128 0.12452546296296294
30 0.48954861111111114 0.7426157407407408 0.07984374999999985 0.08139467592592595
19 0.9069270833333334 0.5092766203703704 0.10017361111111142 0.11834490740740744
14 0.7169444444444444 0.7520601851851852 0.08626736111111111 0.08953124999999992
28 0.5846875 0.5089930555555555 0.09104166666666665 0.1287962962962963
37 0.5663194444444445 0.38524305555555555 0.08631944444444457 0.12699074074074074
6 0.6462152777777778 0.41519675925925925 0.08956597222222218 0.09750578703703709
13 0.8922743055555558 0.7814872685185186 0.07755208333333315 0.11873263888888896
23 0.5087326388888889 0.5832696759259259 0.0831423611111111 0.08936921296296294
39 0.48642361111111115 0.3200925925925926 0.07996527777777765 0.08686342592592596
4 0.1421875 0.6409143518518519 0.08458333333333332 0.11909722222222215
3 0.6639930555555555 0.5303125 0.09864583333333332 0.11982638888888886