17 0.40066550925925926 0.21072337962962964 0.08177083333333339 0.07792824074074076
20 0.7763888888888889 0.5282638888888889 0.09343171296296297 0.09754050925925917
25 0.23310185185185187 0.3891203703703704 0.1033564814814815 0.11245370370370367
8 0.78359375 0.36429976851851853 0.09684606481481488 0.10537615740740733
22 0.3555844907407407 0.3009895833333333 0.06322337962962958 0.10434606481481482
32 0.07740162037037038 0.4449826388888889 0.10144675925925925 0.12415509259259264
10 0.42068865740740746 0.39285300925925926 0.10112847222222214 0.11556134259259263
35 0.23978587962962963 0.5063252314814815 0.09369212962962967 0.12565972222222221
29 0.48972800925925924 0.21138310185185186 0.08177083333333339 0.07792824074074076
33 0.7349537037037037 0.4217361111111112 0.09837962962962958 0.10460648148148159
38 0.16394675925925925 0.4409375 0.10176504629629628 0.11166087962962959
31 0.5785011574074075 0.4783738425925925 0.08104745370370381 0.12166087962962954
2 0.12821180555555556 0.36178819444444443 0.10153356481481483 0.10541087962962967
41 0.16903935185185187 0.2199421296296296 0.09722222222222224 0.09444444444444447
0 0.3702546296296296 0.4440277777777778 0.10428240740740743 0.11636574074074062
12 0.5758391203703704 0.2799710648148148 0.06096643518518512 0.10667245370370368
40 0.5096064814814815 0.3685185185185185 0.07771990740740745 0.07399305555555565
11 0.13541666666666669 0.6617592592592592 0.08654513888888889 0.12248263888888893
16 0.4293981481481482 0.29060185185185183 0.08258101851851851 0.07871527777777772
7 0.9048611111111111 0.5807638888888889 0.0856481481481481 0.11935185185185197
34 0.8894675925925928 0.4603703703703704 0.08553240740740761 0.1162268518518518
15 0.5199074074074075 0.5412037037037037 0.06652199074074083 0.10905671296296297
21 0.9464699074074074 0.5021875 0.0965856481481481 0.11943287037037038
36 0.5635706018518519 0.6235358796296296 0.08301504629629619 0.09043402777777772
18 0.809230324074074 0.46602430555555563 0.09201388888888892 0.10143518518518527
30 0.510792824074074 0.29510995370370374 0.07864583333333322 0.0779050925925926
1 0.7855324074074075 0.6275231481481482 0.10133101851851833 0.12103009259259245
26 0.19852430555555556 0.2990451388888889 0.0941261574074074 0.09520254629629629
9 0.8508391203703702 0.5983275462962963 0.08243634259259239 0.11698495370370363
5 0.1847800925925926 0.5395023148148148 0.09291087962962963 0.12565393518518525
6 0.37280092592592595 0.6182175925925926 0.0885416666666666 0.0920370370370371
28 0.4248263888888889 0.5256597222222222 0.09751157407407404 0.12334490740740733
27 0.8113715277777779 0.291869212962963 0.09927662037037024 0.10773726851851854
19 0.10685763888888888 0.5443923611111112 0.1002604166666667 0.1132118055555555
23 0.49782986111111105 0.45122106481481483 0.08440393518518512 0.0857581018518518
24 0.21157407407407408 0.6724768518518518 0.09048032407407405 0.12329282407407405
39 0.5354166666666667 0.7068981481481481 0.08122106481481488 0.08417245370370381
37 0.45124421296296297 0.6484780092592592 0.08657407407407405 0.12326388888888892
4 0.8552372685185186 0.3796701388888889 0.08469328703703702 0.11465856481481485
3 0.34389467592592593 0.5125636574074074 0.09950810185185191 0.11398726851851855
13 0.1082175925925926 0.26479166666666665 0.08174189814814814 0.11932291666666668
14 0.2815104166666667 0.28325810185185185 0.08590856481481488 0.08420717592592589