17 0.3285069444444445 0.5026041666666666 0.07560763888888893 0.5912326388888889
38 0.9353472222222223 0.603125 0.07065972222222214 0.5091319444444444
38 0.8671006944444443 0.5819965277777778 0.07269097222222243 0.49512152777777774
38 0.8000694444444445 0.5413194444444445 0.07661458333333329 0.49598958333333326
40 0.7309027777777778 0.4913194444444445 0.07010416666666668 0.5192708333333332
40 0.6630729166666667 0.556857638888889 0.07873263888888893 0.5210243055555555
40 0.5958854166666667 0.5232118055555556 0.07802083333333343 0.5241319444444444
36 0.5294097222222222 0.5278124999999999 0.07604166666666679 0.540486111111111
36 0.4616666666666667 0.5191666666666667 0.07781249999999992 0.5850347222222222
36 0.3947743055555556 0.5073784722222222 0.07664930555555553 0.5678298611111112
22 0.25999999999999995 0.49319444444444444 0.07215277777777782 0.5763194444444444
25 0.19432291666666665 0.4969965277777778 0.07649305555555555 0.5607986111111112
28 0.12418402777777778 0.4907465277777778 0.07855902777777776 0.5132118055555555
28 0.05315972222222222 0.4892013888888889 0.07706597222222222 0.5163020833333333