0 0.5756770833333333 0.5374363425925927 0.10014467592592595 0.12384837962962969
7 0.4280439814814815 0.17292824074074073 0.08015624999999993 0.1287152777777778
18 0.7604456018518518 0.4726909722222222 0.11039351851851845 0.1257118055555555
16 0.5756539351851852 0.8010358796296296 0.10588541666666665 0.11543981481481466
1 0.6354513888888889 0.46313657407407405 0.11186342592592595 0.12419560185185183
25 0.4030844907407407 0.5019965277777778 0.10133101851851851 0.104386574074074
32 0.2999363425925926 0.4528009259259259 0.08998842592592596 0.12354745370370371
10 0.6272280092592593 0.3518576388888889 0.07666087962962961 0.12237268518518522
24 0.5276967592592593 0.2284664351851852 0.09219907407407409 0.13453125000000005
22 0.670318287037037 0.8091493055555556 0.10703703703703696 0.12171296296296319
29 0.4419733796296296 0.7932986111111111 0.10629629629629633 0.10921296296296283
5 0.7414351851851853 0.8592939814814814 0.11085069444444447 0.12026620370370367
15 0.4755092592592593 0.5037499999999999 0.08750578703703696 0.12113425925925939
39 0.5259548611111111 0.7447974537037036 0.10211805555555564 0.11766782407407402
2 0.48277777777777775 0.6969444444444445 0.10405092592592595 0.12396412037037052
36 0.7142476851851851 0.3968518518518519 0.10984374999999993 0.12959490740740742
41 0.10445601851851852 0.21137152777777776 0.10630787037037037 0.13572916666666668
27 0.5459895833333334 0.4330324074074074 0.08461226851851844 0.12494791666666671
20 0.43495949074074075 0.648449074074074 0.09660300925925931 0.11672453703703703
33 0.7339583333333334 0.6169733796296296 0.10497106481481477 0.12633101851851852
11 0.38558449074074075 0.27089120370370373 0.09232060185185187 0.09710069444444444
21 0.2618402777777778 0.34552662037037035 0.07491319444444447 0.1192013888888889
34 0.24096064814814816 0.4873032407407408 0.09150462962962962 0.12281250000000003
38 0.6368171296296297 0.5980150462962962 0.10721643518518516 0.111579861111111
12 0.6231944444444444 0.7489351851851852 0.11236689814814813 0.11953125
35 0.35975694444444445 0.16715277777777776 0.07620370370370369 0.12781828703703701
30 0.5059201388888889 0.8459953703703704 0.10560763888888883 0.11075231481481466
31 0.6910300925925925 0.5254398148148148 0.1052488425925926 0.1310185185185185
17 0.38142939814814814 0.7358217592592593 0.10730902777777782 0.11314236111111117
40 0.5143981481481481 0.5844849537037037 0.10491898148148149 0.11229166666666668
23 0.5966608796296297 0.8939988425925925 0.10362847222222218 0.10367476851851834
4 0.7882581018518519 0.5560937499999999 0.10281249999999993 0.1293865740740742
37 0.16103587962962962 0.5068287037037037 0.09820601851851851 0.10429398148148153
3 0.44692129629629634 0.4071122685185185 0.10428240740740727 0.12787037037037036
6 0.2506712962962963 0.24447337962962962 0.0972858796296296 0.10192708333333336
15 0.3683101851851852 0.5755555555555556 0.09608796296296304 0.09487268518518518
9 0.21697337962962965 0.5893981481481482 0.10128472222222218 0.10360532407407401
19 0.3342650462962963 0.34728009259259257 0.09747106481481485 0.10505208333333335
41 0.026783854166666666 0.13583912037037035 0.05356770833333333 0.09236111111111112
18 0.5747048611111112 0.6591261574074074 0.10184606481481495 0.12623842592592602
14 0.1908275462962963 0.16201967592592595 0.09682870370370371 0.1073726851851852
28 0.5375289351851851 0.33891782407407406 0.10119212962962969 0.10204282407407402
13 0.29427662037037033 0.5746296296296297 0.06503472222222229 0.1235879629629629