32 0.33515625 0.421875 0.0984375 0.1171875
2 0.6015625 0.33359375 0.06171875 0.10703125
7 0.3328125 0.72890625 0.08671875 0.13125
16 0.728125 0.31171875 0.084375 0.08125
33 0.78828125 0.565625 0.0984375 0.11796875
21 0.25703125 0.48359375 0.0953125 0.1296875
27 0.54453125 0.5921875 0.0984375 0.12734375
22 0.81640625 0.3640625 0.0703125 0.11171875
18 0.7578125 0.6953125 0.090625 0.13203125
38 0.696875 0.51953125 0.08984375 0.12265625
30 0.68828125 0.228125 0.07890625 0.0734375
34 0.30234375 0.3546875 0.0953125 0.12109375
39 0.66328125 0.3265625 0.06328125 0.1078125
15 0.5125 0.4953125 0.0640625 0.11484375
26 0.4515625 0.36015625 0.08671875 0.09296875
1 0.63984375 0.6265625 0.09140625 0.1265625
36 0.67734375 0.72890625 0.08671875 0.09296875
29 0.609375 0.23046875 0.08125 0.07578125
20 0.5421875 0.34296875 0.059375 0.10625
24 0.44140625 0.75078125 0.071875 0.125
11 0.33359375 0.62109375 0.1 0.10703125
31 0.71484375 0.61171875 0.09765625 0.1171875
5 0.89921875 0.36328125 0.0765625 0.11796875
10 0.58125 0.7171875 0.09765625 0.13046875
23 0.784375 0.24765625 0.09140625 0.11015625
17 0.52890625 0.234375 0.08046875 0.07578125
28 0.496875 0.6671875 0.10078125 0.13359375
40 0.58203125 0.45 0.0859375 0.1234375
12 0.7453125 0.38203125 0.08671875 0.0921875
25 0.446875 0.4453125 0.08203125 0.08671875
41 0.059375 0.49375 0.1 0.11328125
37 0.2375 0.2890625 0.08046875 0.07734375
6 0.2109375 0.56015625 0.09921875 0.12578125
0 0.61796875 0.52890625 0.09609375 0.10859375
8 0.66796875 0.42890625 0.0921875 0.1125
35 0.26640625 0.69765625 0.08671875 0.13359375
4 0.8125 0.6484375 0.0984375 0.1234375
3 0.44765625 0.5515625 0.0765625 0.12109375
14 0.11484375 0.584375 0.0953125 0.10390625
19 0.325 0.53203125 0.09296875 0.09765625
9 0.328125 0.25546875 0.08671875 0.08515625
13 0.3890625 0.3203125 0.0734375 0.11328125