0 0.6075520833333334 0.4202835648148149 0.08489583333333321 0.08504050925925917
8 0.6927951388888889 0.47803819444444445 0.08489583333333321 0.08504050925925917
39 0.7275694444444445 0.5760416666666667 0.08717013888888889 0.11866319444444447
20 0.6208333333333333 0.6313657407407407 0.09593750000000015 0.1228877314814815
2 0.6764409722222222 0.6014467592592593 0.09600694444444446 0.12445023148148149
28 0.45126736111111115 0.3786168981481482 0.08364583333333328 0.1271122685185185
36 0.5732118055555555 0.2092013888888889 0.0980381944444444 0.11750578703703703
11 0.33251736111111113 0.5146122685185185 0.10953125000000004 0.13041087962962958
33 0.7385590277777778 0.27928240740740745 0.08329861111111114 0.08420138888888892
29 0.7240104166666667 0.6890046296296296 0.1014930555555555 0.10749421296296298
37 0.3867708333333334 0.8754050925925927 0.09996527777777775 0.10821759259259238
32 0.4179861111111111 0.7002893518518519 0.09553819444444436 0.09635416666666678
15 0.5339409722222221 0.5189525462962963 0.09607638888888878 0.12601273148148148
38 0.6769097222222222 0.3838541666666667 0.06664930555555557 0.11322337962962958
17 0.6527951388888888 0.7362847222222222 0.1063194444444445 0.11079282407407405
22 0.8432986111111112 0.4422743055555555 0.08347222222222221 0.1232060185185185
26 0.5369097222222222 0.6734953703703704 0.10453124999999996 0.12320601851851869
25 0.5010069444444445 0.6027488425925925 0.10190972222222214 0.11686921296296297
12 0.7772916666666666 0.4663483796296296 0.09371527777777774 0.10798611111111107
40 0.6071354166666667 0.5162037037037037 0.06821180555555557 0.11328125
35 0.2448958333333333 0.491087962962963 0.11105902777777779 0.1296875
30 0.7903993055555556 0.638425925925926 0.10170138888888883 0.11218171296296298
1 0.58375 0.3234664351851852 0.0692013888888889 0.11799768518518512
41 0.07112847222222222 0.8808738425925926 0.06907986111111111 0.1328125
16 0.7925868055555555 0.5472511574074075 0.09364583333333325 0.10642361111111107
10 0.5005902777777778 0.27748842592592593 0.1004513888888889 0.11915509259259256
5 0.91015625 0.38469328703703703 0.07871527777777772 0.12146990740740744
18 0.6549826388888889 0.18883101851851852 0.06515625000000007 0.11472800925925926
31 0.6553819444444444 0.2855613425925926 0.08499999999999996 0.08738425925925926
19 0.35984375 0.6029803240740741 0.10541666666666671 0.1255787037037038
24 0.3653298611111111 0.34033564814814815 0.10451388888888884 0.1403645833333333
16 0.32708333333333334 0.6906828703703705 0.10244791666666667 0.11142939814814809
23 0.8628819444444444 0.5670138888888889 0.07211805555555557 0.11342592592592596
34 0.41996527777777787 0.7799189814814815 0.09812499999999993 0.10190972222222214
41 0.1573263888888889 0.8021701388888889 0.09532986111111112 0.09166666666666642
7 0.28647569444444443 0.4263310185185185 0.11585069444444444 0.13220486111111107
13 0.5013888888888889 0.751736111111111 0.10126736111111115 0.11996527777777785
3 0.45927083333333324 0.5060474537037036 0.08003472222222215 0.11605902777777785
6 0.2504166666666666 0.6504050925925926 0.09380208333333329 0.12748842592592596
9 0.47607638888888887 0.8490740740740741 0.10197916666666665 0.11843171296296298
4 0.7252256944444444 0.18987268518518519 0.08272569444444447 0.08885995370370367
27 0.5226909722222223 0.4062210648148148 0.09503472222222235 0.10257523148148148
14 0.16312500000000002 0.6869502314814815 0.10609374999999996 0.12326388888888892