15 0.61484375 0.6140625 0.065625 0.10234375
15 0.4796875 0.63359375 0.0640625 0.1015625
10 0.8890625 0.5828125 0.06484375 0.1046875
15 0.54609375 0.62421875 0.0625 0.103125
28 0.75 0.6015625 0.0609375 0.09609375
10 0.95546875 0.575 0.06875 0.10390625
28 0.684375 0.60703125 0.0625 0.09765625
11 0.409375 0.64609375 0.0625 0.10546875
11 0.26875 0.66875 0.05859375 0.10390625
11 0.3359375 0.6578125 0.05859375 0.1046875
28 0.81953125 0.59375 0.05703125 0.0953125
22 0.20078125 0.67734375 0.05859375 0.0921875
22 0.06015625 0.70390625 0.05859375 0.096875
22 0.134375 0.6953125 0.059375 0.096875