24 0.04609375 0.4875 0.05859375 0.69921875
24 0.1171875 0.5328125 0.06328125 0.75
0 0.1890625 0.5390625 0.06328125 0.73515625
0 0.25859375 0.54453125 0.07109375 0.77265625
28 0.3265625 0.553125 0.065625 0.73671875
28 0.39453125 0.48359375 0.0640625 0.78359375
22 0.46484375 0.49921875 0.0640625 0.721875
22 0.53515625 0.5015625 0.06484375 0.765625
7 0.60625 0.5078125 0.0671875 0.73984375
7 0.6734375 0.51015625 0.06328125 0.74375
33 0.74296875 0.47890625 0.06640625 0.7609375
33 0.815625 0.4890625 0.0671875 0.7671875
6 0.88359375 0.4609375 0.06640625 0.75078125
6 0.95625 0.48046875 0.06640625 0.75078125