4 0.02734375 0.542332175925926 0.05078125 0.05341435185185191
31 0.78359375 0.48202546296296295 0.040625 0.05523148148148156
10 0.44765625 0.5096006944444444 0.040625 0.052887731481481556
10 0.4 0.5136342592592593 0.0390625 0.052025462962962975
10 0.4953125 0.5024421296296296 0.040625 0.05288773148148138
31 0.83359375 0.47865162037037035 0.04140625 0.056053240740740765
17 0.3078125 0.5215393518518519 0.0390625 0.04890046296296298
0 0.9328125 0.4688194444444444 0.04453125 0.05699652777777775
17 0.21484375 0.5294849537037037 0.03984375 0.04659722222222218
31 0.73515625 0.486099537037037 0.03984375 0.053628472222222355
40 0.54140625 0.5016145833333333 0.03984375 0.05284722222222236
9 0.121875 0.5358680555555555 0.04453125 0.05387152777777793
17 0.26171875 0.524710648148148 0.0390625 0.04733796296296298
10 0.35234375 0.5161053240740741 0.040625 0.05210648148148138
0 0.88125 0.4714930555555556 0.040625 0.05523148148148138
40 0.68828125 0.4885300925925926 0.0390625 0.05046296296296297
19 0.16875 0.531875 0.04140625 0.05058449074074076
40 0.6359375 0.491244212962963 0.03984375 0.052065972222222354
3 0.07265625 0.5392013888888888 0.03828125 0.051984953703703596
40 0.590625 0.49749999999999994 0.03984375 0.053628472222222355