19 0.8410127314814815 0.48125578703703703 0.05045138888888871 0.06130787037037031
12 0.20108217592592595 0.4882349537037037 0.048865740740740723 0.0581712962962964
12 0.1495138888888889 0.4886342592592593 0.04965856481481481 0.05973958333333336
32 0.4534664351851852 0.4846354166666666 0.04264467592592602 0.06203125000000007
12 0.09247685185185185 0.4889930555555555 0.0590625 0.06371527777777786
32 0.4026793981481481 0.48504050925925923 0.04264467592592584 0.06203125000000007
36 0.253443287037037 0.48627893518518517 0.04575231481481481 0.059710648148148235
28 0.6488136574074075 0.48139467592592594 0.04263888888888889 0.06125000000000007
36 0.30578125 0.48744791666666665 0.046521990740740725 0.05815393518518519
32 0.35267939814814814 0.4846701388888889 0.04499421296296298 0.06282986111111111
28 0.6988252314814816 0.4802025462962963 0.04263310185185176 0.06046875000000007
28 0.7472685185185185 0.4797800925925926 0.038715277777777855 0.05887731481481477
18 0.7917939814814815 0.48089120370370375 0.04888888888888872 0.061296296296296404
3 0.8925868055555555 0.4800752314814815 0.05513310185185176 0.060561342592592736
27 0.5018923611111111 0.486556712962963 0.04263888888888889 0.06125000000000007
27 0.5519039351851852 0.4853645833333333 0.04107060185185176 0.06045717592592599
27 0.6011574074074074 0.4810416666666667 0.03950810185185176 0.0604456018518519