25 0.6757291666666667 0.4852430555555555 0.05552083333333328 0.07222222222222215
12 0.325625 0.4790277777777778 0.05567708333333332 0.06286458333333336
12 0.43953125000000004 0.48390625 0.054322916666666644 0.06595486111111111
17 0.4983854166666667 0.4813020833333333 0.053593749999999926 0.06671875000000008
17 0.79484375 0.48241319444444447 0.054479166666666676 0.0682986111111111
12 0.3866145833333333 0.4796006944444445 0.054895833333333324 0.06284722222222214
22 0.7346354166666667 0.48185763888888894 0.05604166666666668 0.06833333333333336
34 0.1565625 0.4799652777777778 0.06312500000000001 0.06927083333333321
17 0.6140104166666667 0.4838715277777778 0.0536979166666665 0.06828125000000007
36 0.10265624999999998 0.4787673611111112 0.05682291666666668 0.06835069444444457
36 0.043125 0.47979166666666667 0.05770833333333333 0.0699305555555556
17 0.5583854166666666 0.48498263888888893 0.055364583333333425 0.06987847222222214
31 0.21515625 0.481267361111111 0.05541666666666671 0.07065972222222214
28 0.27307291666666667 0.4809895833333334 0.05932291666666671 0.07074652777777786
13 0.8558333333333333 0.48298611111111106 0.06984375000000007 0.07644097222222221