17 0.5960300925925927 0.5172106481481482 0.05008101851851841 0.05833912037037035
25 0.27942129629629625 0.5555381944444445 0.04950810185185191 0.06532407407407419
17 0.6483275462962963 0.5125462962962963 0.05088541666666657 0.05916666666666668
17 0.5437789351851852 0.5234375 0.04932291666666657 0.059074074074074015
25 0.22558449074074077 0.5610763888888888 0.048703703703703735 0.06449652777777785
34 0.10784722222222223 0.5758796296296296 0.06361689814814815 0.06771990740740748
39 0.7512905092592593 0.5009664351851851 0.04224537037037024 0.057094907407407545
34 0.1679571759259259 0.5707523148148148 0.05732060185185182 0.06578703703703699
25 0.33086805555555554 0.5485763888888889 0.047945601851851906 0.06523148148148153
39 0.7037268518518519 0.5069155092592592 0.04219907407407408 0.05553240740740737
7 0.389369212962963 0.5419791666666667 0.04468171296296299 0.06035879629629619
19 0.8494733796296297 0.4865393518518518 0.05164351851851841 0.05843171296296283
7 0.43920717592592595 0.5335474537037037 0.04704861111111107 0.06127893518518519
7 0.4929976851851851 0.5264467592592592 0.038385416666666575 0.05842592592592588
39 0.8011747685185184 0.49409722222222224 0.041579861111111074 0.060954861111111036
19 0.9032870370370372 0.4802199074074074 0.05713541666666657 0.059537037037036986