2 0.1386111111111111 0.4756712962962963 0.056024305555555556 0.09690972222222224
35 0.5605208333333334 0.4897337962962963 0.0515625 0.10692708333333342
39 0.8526388888888888 0.49526620370370367 0.04987847222222221 0.10141203703703709
38 0.6792534722222222 0.4924710648148148 0.04930555555555553 0.11076388888888893
35 0.6190451388888889 0.4883449074074074 0.05088541666666657 0.11159143518518526
38 0.7378125000000001 0.4926446759259259 0.050017361111111214 0.1076620370370371
39 0.79640625 0.4943807870370371 0.05145833333333325 0.10223958333333343
36 0.3830208333333333 0.47744791666666675 0.05105902777777782 0.08427083333333343
40 0.4433506944444444 0.4870428240740742 0.051718749999999855 0.11395833333333343
40 0.5018923611111111 0.48643518518518525 0.05013888888888882 0.11313078703703709
2 0.07848958333333333 0.4754513888888889 0.05772569444444442 0.10320601851851859
10 0.20036458333333335 0.47906250000000006 0.06019097222222225 0.10874421296296291
10 0.25890625 0.47845486111111113 0.053020833333333336 0.10228587962962958
36 0.31980902777777775 0.47869791666666667 0.05270833333333336 0.08822337962962959
9 0.9167881944444446 0.5010706018518519 0.058802083333333144 0.11651041666666657