17 0.6171875 0.4921875 0.04453125 0.059375
17 0.51640625 0.48984375 0.04375 0.05703125
17 0.4671875 0.48984375 0.04296875 0.0546875
17 0.5671875 0.49140625 0.04375 0.06015625
25 0.21015625 0.4875 0.0453125 0.059375
25 0.26171875 0.4890625 0.04375 0.0625
25 0.15703125 0.4890625 0.04609375 0.06171875
7 0.41640625 0.49296875 0.03984375 0.059375
9 0.103125 0.4875 0.05234375 0.0625
31 0.82421875 0.496875 0.04375 0.065625
7 0.365625 0.49140625 0.0421875 0.06015625
12 0.66875 0.4859375 0.046875 0.06171875
31 0.87578125 0.49296875 0.04609375 0.06640625
7 0.3109375 0.49296875 0.03984375 0.0609375
12 0.77265625 0.4953125 0.04765625 0.06328125
12 0.7234375 0.49375 0.04921875 0.06953125