20 0.59609375 0.47265625 0.0421875 0.05546875
20 0.54609375 0.471875 0.04140625 0.053125
31 0.35 0.46640625 0.040625 0.05234375
29 0.8578125 0.48515625 0.04921875 0.05625
29 0.803125 0.48359375 0.04609375 0.05625
31 0.3984375 0.46875 0.040625 0.05390625
31 0.4484375 0.4703125 0.04140625 0.0546875
31 0.496875 0.47265625 0.040625 0.0546875
29 0.91640625 0.48515625 0.05546875 0.0578125
1 0.25859375 0.459375 0.046875 0.05390625
1 0.21015625 0.4578125 0.04609375 0.053125
8 0.16328125 0.45625 0.0453125 0.0515625
0 0.6953125 0.478125 0.04453125 0.05546875
19 0.7515625 0.478125 0.0453125 0.05546875
19 0.64609375 0.475 0.04375 0.05546875
14 0.11484375 0.45625 0.0484375 0.0546875