0 0.34965856481481483 0.4292361111111111 0.06003472222222221 0.07628472222222218
0 0.281712962962963 0.43152777777777773 0.06325231481481489 0.07947916666666668
0 0.20834490740740744 0.43550347222222224 0.06483796296296296 0.08029513888888892
26 0.13653935185185184 0.43944444444444447 0.06727430555555554 0.08347222222222221
26 0.063125 0.4418576388888889 0.0719849537037037 0.08435763888888896
36 0.4830902777777778 0.42079861111111116 0.059253472222222214 0.07626736111111114
36 0.41519097222222223 0.42465277777777777 0.05842592592592588 0.0746875000000001
10 0.8757581018518519 0.4019097222222222 0.057806712962963046 0.0801388888888889
36 0.5525520833333333 0.41690972222222217 0.060862268518518545 0.07786458333333321
10 0.8133738425925927 0.4072048611111111 0.05700231481481453 0.07934027777777786
10 0.9403935185185185 0.3934375 0.05776041666666672 0.07857638888888889
24 0.6174421296296296 0.41703124999999996 0.058541666666666714 0.07859374999999993
24 0.685318287037037 0.41239583333333335 0.059392361111111215 0.08095486111111114
24 0.7493344907407407 0.40940972222222227 0.05858796296296305 0.08015624999999993