11 0.34307291666666667 0.7069733796296296 0.13585069444444448 0.14655671296296297
36 0.4767708333333333 0.6923900462962963 0.13819444444444445 0.14673032407407405
5 0.49395833333333333 0.3050347222222222 0.12854166666666664 0.1335358796296296
11 0.6188368055555555 0.687326388888889 0.1382118055555555 0.14751157407407406
21 0.364375 0.30995370370370373 0.12854166666666664 0.1335358796296296
5 0.6315451388888889 0.29094328703703703 0.12621527777777786 0.13414351851851852
38 0.3584548611111111 0.4359664351851852 0.13256944444444443 0.13929398148148148
33 0.4920138888888889 0.4276331018518519 0.13175347222222236 0.13767361111111107
35 0.48203125 0.5609664351851851 0.13657986111111117 0.1442708333333332
2 0.3483854166666666 0.5732060185185185 0.13342013888888893 0.1424768518518519
22 0.6139930555555555 0.5543113425925925 0.13496527777777773 0.14181134259259273
39 0.6248437499999999 0.4170138888888889 0.12994791666666677 0.12662037037037024