23 0.6231770833333334 0.46912615740740743 0.05512152777777786 0.06443865740740726
20 0.22052083333333333 0.461255787037037 0.05994791666666668 0.06773726851851851
23 0.16128472222222223 0.455931712962963 0.06395833333333334 0.07022569444444446
29 0.3386631944444445 0.46171875 0.055190972222222176 0.06600115740740745
29 0.5089756944444443 0.4680266203703704 0.05522569444444443 0.06678240740740726
29 0.39664930555555555 0.4599537037037037 0.052777777777777854 0.06435185185185191
20 0.1006423611111111 0.46464120370370365 0.06534722222222222 0.06637731481481488
5 0.7932465277777778 0.4809027777777778 0.04883680555555543 0.06342592592592596
18 0.849357638888889 0.48611111111111105 0.05359375000000029 0.06516203703703702
20 0.03732638888888888 0.46307870370370363 0.07170138888888888 0.06895254629629619
29 0.4520833333333334 0.4627893518518519 0.05281249999999993 0.06513310185185191
15 0.6778993055555556 0.47037037037037044 0.053489583333333354 0.06281828703703703
10 0.7379513888888889 0.47494212962962956 0.05036458333333336 0.0627025462962962
26 0.5691666666666666 0.4694733796296296 0.055052083333333356 0.06287615740740726
15 0.28312499999999996 0.4612268518518519 0.05604166666666668 0.06759259259259273
4 0.9047569444444445 0.48972800925925924 0.058246527777777855 0.06455439814814809