34 0.6229166666666666 0.4755787037037037 0.07433449074074083 0.08802662037037035
31 0.4185474537037037 0.44048032407407406 0.06313657407407405 0.08091435185185177
28 0.4884837962962963 0.45193287037037033 0.06791087962962958 0.08329282407407419
31 0.693142361111111 0.49484374999999997 0.07045717592592596 0.08877893518518523
36 0.22349537037037037 0.40388888888888885 0.06108217592592595 0.06762152777777786
36 0.16140046296296298 0.39327546296296295 0.06018518518518521 0.06449074074074072
28 0.7669270833333334 0.5047627314814814 0.07453703703703703 0.09349537037037034
22 0.8370659722222221 0.5216840277777777 0.07013888888888857 0.08018518518518505
17 0.9116030092592592 0.5308275462962964 0.0701099537037038 0.07940393518518522
36 0.09372106481481482 0.3794965277777778 0.06061921296296298 0.07620949074074072
7 0.28880208333333335 0.416869212962963 0.06620370370370372 0.07937499999999993
12 0.9760054976851851 0.5454224537037037 0.04798900462962976 0.08248263888888889
7 0.35405092592592596 0.42828703703703697 0.06145833333333339 0.07777777777777786
25 0.5552951388888889 0.4633622685185186 0.06961805555555571 0.08721064814814809