31 0.3867650462962963 0.48945023148148153 0.06995949074074073 0.08748263888888878
2 0.13133680555555555 0.4750925925925927 0.0858275462962963 0.09309606481481474
11 0.5788310185185186 0.4984953703703704 0.06370949074074073 0.08711226851851847
34 0.45391203703703703 0.492650462962963 0.06593171296296294 0.08490740740740747
12 0.25810185185185186 0.4864988425925926 0.07625000000000001 0.08863425925925927
7 0.1947800925925926 0.48196759259259264 0.08500578703703705 0.0922685185185184
28 0.3219212962962963 0.4856076388888889 0.07234375000000001 0.08840277777777779
29 0.8328587962962963 0.5158854166666667 0.07074074074074055 0.08752893518518512
26 0.7046122685185185 0.505949074074074 0.06699652777777772 0.0904224537037038
11 0.6412905092592592 0.5014178240740741 0.06453124999999993 0.0879398148148148
26 0.7664930555555556 0.5127314814814815 0.06519097222222214 0.08564236111111115
6 0.5164120370370371 0.4963541666666666 0.06206597222222214 0.0854571759259258
37 0.8906307870370369 0.5185300925925926 0.046603009259258955 0.08765625000000003