34 0.5939930555555556 0.4606597222222222 0.09199652777777771 0.12003472222222236
13 0.26762152777777776 0.6098321759259259 0.10557291666666666 0.14443865740740733
23 0.4688541666666667 0.602650462962963 0.0999305555555555 0.14045138888888892
8 0.15960069444444444 0.6129224537037038 0.12104166666666663 0.15872106481481474
23 0.3733680555555555 0.6051446759259259 0.10064236111111109 0.13890046296296302
31 0.50109375 0.4577199074074074 0.08190972222222222 0.12144675925925927
29 0.6569791666666667 0.5913657407407408 0.11508680555555557 0.14770254629629634
36 0.3235069444444444 0.46056134259259257 0.08564236111111115 0.11759837962962968
32 0.7515798611111111 0.5912037037037037 0.1164756944444445 0.1438194444444445
28 0.41480902777777773 0.46425925925925926 0.08836805555555553 0.12622685185185176
38 0.6714756944444444 0.45868055555555554 0.07378472222222214 0.11429976851851861
26 0.5646875 0.5923437500000001 0.10309027777777793 0.14127893518518525
38 0.7544965277777778 0.45521990740740736 0.07809027777777774 0.10577546296296295
36 0.22489583333333335 0.4630092592592593 0.09479166666666661 0.13022569444444443
36 0.125 0.4591840277777777 0.08432291666666666 0.12304398148148152
38 0.8320486111111111 0.45167824074074064 0.07223958333333336 0.09710069444444436
34 0.5972790828125001 0.0186637203125 0.559095140625 0.0402704296875 0.61018121875 0.099034834375 0.6506612953124999 0.070335609375 0.5972790828125001 0.0186637203125
10 0.49240192968749996 0.00729484375 0.46213011875000004 0.0255976875 0.512992175 0.0781327515625 0.5500351921875 0.0530406625 0.49240192968749996 0.00729484375
15 0.34847761093749996 0.0327380953125 0.34180450625000003 0.0916334921875 0.40570849375 0.097789396875 0.40941681875 0.0395093015625 0.34847761093749996 0.0327380953125
21 0.1375421453125 0.021525757812499997 0.0795426703125 0.0530202828125 0.137917925 0.1104277265625 0.19282791562499998 0.0728294484375 0.1375421453125 0.021525757812499997
40 0.25805898437499997 0.0755193015625 0.27461112656250003 0.009199934375 0.21601924218750002 0.003200284375 0.195397659375 0.0620527671875 0.25805898437499997 0.0755193015625
2 0.2812690890625 0.012956628125 0.26613021875 0.0800509515625 0.33036130468749997 0.09731513281250001 0.3462181984375 0.02860708125 0.2812690890625 0.012956628125