23 0.2767939814814815 0.5303530092592592 0.060844907407407424 0.10448495370370363
27 0.6663831018518518 0.5533854166666666 0.061741898148148164 0.10842013888888893
20 0.3400520833333333 0.5334780092592593 0.06006365740740742 0.10445601851851852
23 0.2111689814814815 0.5279224537037037 0.0585243055555555 0.1051793981481481
27 0.6 0.550144675925926 0.06408564814814817 0.10850694444444446
20 0.4054918981481482 0.5421585648148148 0.06167245370370367 0.10607638888888893
15 0.4703125 0.5453414351851851 0.060821759259259166 0.10370370370370381
29 0.08780092592592592 0.5210069444444445 0.06171875 0.10763888888888892
10 0.5336168981481482 0.5469039351851851 0.06330439814814817 0.10847800925925917
26 0.14938078703703703 0.527980324074074 0.05942129629629629 0.10911458333333321
11 0.8068692129629629 0.56328125 0.063420138888889 0.11238425925925917
16 0.7358680555555555 0.5575231481481482 0.0641319444444445 0.11006944444444447
6 0.874861111111111 0.5650173611111111 0.065763888888889 0.11247106481481488