23 0.28833912037037035 0.5368460648148148 0.05857060185185183 0.10576967592592598
27 0.6781192129629631 0.5685416666666667 0.059380787037036954 0.10972222222222214
20 0.35161458333333334 0.5413773148148148 0.057789351851851835 0.10572337962962966
23 0.22271412037037036 0.532957175925926 0.056232638888888874 0.10641203703703717
27 0.61171875 0.5638252314814814 0.06172453703703695 0.10986111111111115
20 0.41719328703703706 0.5515162037037037 0.05936342592592592 0.10737847222222215
15 0.48203125 0.5561400462962963 0.05856481481481488 0.10498842592592598
29 0.09929398148148147 0.5232986111111112 0.059375 0.10894097222222214
10 0.545318287037037 0.5591087962962963 0.060943287037036956 0.10981481481481481
26 0.16097800925925926 0.5316435185185184 0.057042824074074086 0.1103645833333335
11 0.8187094907407408 0.5815625 0.060972222222222074 0.11372106481481481
16 0.747638888888889 0.574224537037037 0.061736111111111214 0.11142361111111114
6 0.8866840277777779 0.5848090277777778 0.06331597222222243 0.11385995370370364