27 0.2515625 0.4606944444444444 0.059375 0.07685763888888886
27 0.19609375 0.4537847222222222 0.0625 0.07934027777777786
27 0.1359375 0.4525520833333333 0.0609375 0.07770833333333335
37 0.37109375 0.4678819444444445 0.053125 0.07189236111111122
37 0.3078125 0.46366319444444437 0.053125 0.06798611111111122
11 0.82578125 0.4875173611111111 0.065625 0.09119791666666668
21 0.4921875 0.47109375 0.05625 0.07593750000000003
16 0.61640625 0.4796354166666667 0.059375 0.08310763888888886
16 0.55234375 0.47467013888888887 0.05546875 0.07902777777777778
16 0.75390625 0.4852430555555555 0.06328125 0.08640624999999993
16 0.68671875 0.48197916666666674 0.06171875 0.08633680555555542
24 0.43046875 0.46993055555555563 0.0578125 0.07835069444444435
1 0.96875 0.49835069444444446 0.0625 0.09496527777777786
6 0.8953125 0.4938020833333333 0.06640625 0.09279513888888893