37 0.81015625 0.553125 0.04296875 0.07421875
37 0.85625 0.55078125 0.0421875 0.07265625
9 0.20078125 0.55546875 0.04609375 0.08046875
38 0.6078125 0.5546875 0.040625 0.0796875
36 0.45625 0.55234375 0.04140625 0.07109375
35 0.35625 0.55234375 0.04375 0.07734375
3 0.1015625 0.55625 0.05078125 0.0859375
35 0.253125 0.55390625 0.04609375 0.0796875
13 0.15390625 0.55546875 0.04765625 0.08359375
38 0.5578125 0.55390625 0.040625 0.07734375
35 0.3046875 0.553125 0.0453125 0.078125
38 0.65859375 0.55234375 0.040625 0.07890625
40 0.759375 0.55234375 0.04453125 0.08203125
40 0.70859375 0.55234375 0.04375 0.08046875
4 0.05 0.5578125 0.0515625 0.0859375
36 0.40625 0.5515625 0.04296875 0.0703125
36 0.50703125 0.55078125 0.040625 0.06796875
37 0.90703125 0.55 0.0421875 0.07265625
34 0.6336625421875001 0.0821601015625 0.5875651046875 0.072699653125 0.576321284375 0.1372273765625 0.62124888125 0.15149010624999998 0.6336625421875001 0.0821601015625
31 0.36155382812500003 0.126537746875 0.3157552078125 0.13780381875 0.32680829375 0.20793067031249998 0.3707790375 0.199627346875 0.36155382812500003 0.126537746875
37 0.110530853125 0.0348366625 0.05126953125 0.0358072921875 0.045808156249999996 0.0850041703125 0.10472615625 0.0870429140625 0.110530853125 0.0348366625
6 0.43007850625 0.05102369531249999 0.39306640625 0.07161458281250001 0.424153009375 0.136375428125 0.458418528125 0.110151503125 0.43007850625 0.05102369531249999
7 0.5183919265625 0.029296875 0.5065250390625 0.0938627453125 0.547075271875 0.103293525 0.5589040125 0.041126675 0.5183919265625 0.029296875
15 0.680494309375 0.0250879921875 0.6515630078125 0.074950325 0.6814606984375 0.10784572968749999 0.714941025 0.055974325000000005 0.680494309375 0.0250879921875
41 0.8080641421875001 0.0396474203125 0.7763671875 0.08463541718749999 0.806900659375 0.116496615625 0.8424536390625 0.0737762453125 0.8080641421875001 0.0396474203125
16 0.7645448046875 0.08212619374999999 0.7210286453125 0.059678818749999994 0.700143178125 0.12009090781250001 0.7385381062499999 0.1423729796875 0.7645448046875 0.08212619374999999
7 0.4532877609375 0.01953125 0.44555982031249997 0.0709830390625 0.5005931859375 0.0813166296875 0.5105272921874999 0.032204521874999996 0.4532877609375 0.01953125
41 0.648355484375 0.0158988109375 0.5924479171875 0.0217013890625 0.5986658734375 0.06938934375 0.6546815234375 0.06370120625 0.648355484375 0.0158988109375
22 0.721495946875 0.004217359375 0.7316080734375 0.0466579859375 0.7840283718750001 0.0339719984375 0.778694153125 0 0.721495946875 0.004217359375