40 0.13984375 0.42421875 0.04296875 0.50390625
40 0.1859375 0.42890625 0.040625 0.4984375
40 0.23203125 0.440625 0.03828125 0.496875
30 0.28046875 0.453125 0.040625 0.4765625
30 0.32578125 0.46953125 0.0421875 0.49296875
37 0.37265625 0.48046875 0.04140625 0.4875
37 0.41875 0.496875 0.03984375 0.4453125
37 0.4671875 0.49765625 0.04296875 0.45234375
21 0.5140625 0.5140625 0.04375 0.42734375
21 0.5609375 0.53515625 0.0421875 0.44765625
21 0.60859375 0.55703125 0.04375 0.459375
21 0.6546875 0.56484375 0.0421875 0.4671875
39 0.70390625 0.58828125 0.04140625 0.428125
39 0.75234375 0.6 0.04140625 0.4359375
39 0.8015625 0.63125 0.04453125 0.44296875
14 0.8515625 0.6359375 0.0453125 0.46484375