1 1 0.2477435890625 0.9556520109375001 0.0986944703125 0.8880996 0.148525453125 0.9382548234374999 0.3079351671875 1 0.26136140625 1 0.2477435890625
33 0.8712120609375 0.3607803328125 0.9336507703124999 0.31346503281250004 0.8856154546875 0.14761503125 0.82253276875 0.1964062328125 0.8712120609375 0.3607803328125
2 0.8056148078125001 0.4175471703125 0.8668790828124999 0.36208728125 0.8212331875000001 0.2000649640625 0.7566767359375 0.2534891703125 0.8056148078125001 0.4175471703125
34 0.6964639859374999 0.29665558124999997 0.7451577890625 0.463616040625 0.8028015046875 0.419946415625 0.7552029640625 0.254810478125 0.6964639859374999 0.29665558124999997
0 0.6784542609375 0.512418421875 0.7418840109375 0.4667075859375 0.6944608421875 0.30443068906250004 0.63311243125 0.3544902640625 0.6784542609375 0.512418421875
32 0.6212062656249999 0.5655756281250001 0.679679709375 0.5183130499999999 0.6306348078124999 0.35760353437500003 0.5744826609375 0.3990479484375 0.6212062656249999 0.5655756281250001
40 0.511050965625 0.45158319531249996 0.5582453171874999 0.6083931859375 0.6180343515625 0.56456583125 0.5724040796875001 0.4003319046875 0.511050965625 0.45158319531249996
40 0.45310724375 0.49982376562499997 0.49859682968749997 0.660880853125 0.55631285625 0.610537309375 0.5107988796875 0.4523132875 0.45310724375 0.49982376562499997
36 0.392776734375 0.550569671875 0.440619171875 0.7068428124999999 0.4964609828125 0.662369178125 0.4524396125 0.50140221875 0.392776734375 0.550569671875
38 0.3362118765625 0.5941813796875001 0.381530165625 0.753050265625 0.43774083125 0.7076093296875 0.39191130625000004 0.551921140625 0.3362118765625 0.5941813796875001
35 0.27522588125 0.643098090625 0.32263490781250004 0.80062059375 0.378738040625 0.756643140625 0.3338673671875 0.5985040234375 0.27522588125 0.643098090625
39 0.221326990625 0.6875107625 0.26874863437499996 0.8450789015625 0.3216604625 0.8039122640624999 0.275121190625 0.644308475 0.221326990625 0.6875107625
41 0.16603375468749998 0.7317083890625 0.2118517578125 0.8872690656250001 0.2661107671875 0.8427117140625 0.22146287031249998 0.6878970703125 0.16603375468749998 0.7317083890625
37 0.11028617656249999 0.7810168562500001 0.1540624078125 0.9287486671874999 0.20773001249999998 0.88511605625 0.1646097328125 0.7361103921875001 0.11028617656249999 0.7810168562500001
19 0.055456478125 0.822633734375 0.0993409046875 0.9705523656249999 0.15107573125 0.9299616296875 0.10931639374999999 0.7779313375 0.055456478125 0.822633734375