16 0.56171875 0.42265625 0.0703125 0.2515625
16 0.440625 0.496875 0.06796875 0.24296875
1 0.1296875 0.6875 0.06171875 0.240625
13 0.06484375 0.73203125 0.06015625 0.2578125
16 0.4984375 0.46015625 0.06640625 0.24296875
21 0.68828125 0.34453125 0.0640625 0.24296875
21 0.6296875 0.3859375 0.06484375 0.2421875
21 0.75390625 0.31015625 0.0609375 0.24296875
11 0.3171875 0.56875 0.06171875 0.228125
11 0.38046875 0.53671875 0.0625 0.23984375
1 0.25234375 0.60546875 0.06484375 0.24765625
1 0.196875 0.65 0.06328125 0.228125
24 0.87578125 0.24609375 0.065625 0.24921875
24 0.81015625 0.28046875 0.06328125 0.2484375
24 0.9359375 0.2 0.05625 0.24453125