38 0.9225868055555555 0.7894502314814814 0.07852430555555542 0.34671874999999996
35 0.33611111111111114 0.4095138888888889 0.08581597222222222 0.33546296296296296
38 0.9768315972222222 0.8323365162037037 0.04633680555555557 0.3353269675925926
36 0.8562152777777777 0.7512326388888889 0.07590277777777779 0.34032986111111113
35 0.4677083333333334 0.49523148148148144 0.08505208333333343 0.35333912037037046
40 0.5372743055555556 0.5351967592592592 0.08574652777777772 0.36896412037037046
40 0.6014409722222223 0.576400462962963 0.09078125000000004 0.3770543981481481
6 0.05664930555555555 0.2402314814814815 0.08605902777777777 0.34093171296296304
40 0.6642187500000001 0.621417824074074 0.07810763888888879 0.37240740740740746
6 0.1268923611111111 0.27789930555555553 0.08647569444444443 0.35030671296296295
35 0.4009201388888889 0.44763888888888886 0.08307291666666661 0.3438715277777778
36 0.7939756944444445 0.7007928240740741 0.07255208333333325 0.3175347222222221
6 0.19585069444444445 0.3217245370370371 0.06939236111111113 0.3516319444444444
6 0.26487847222222227 0.3671122685185185 0.06329861111111104 0.33724537037037033
36 0.7281423611111111 0.6571527777777778 0.06958333333333329 0.3383969907407408