25 0.2911458333333333 0.4963541666666667 0.0953125 0.5646412037037036
37 0.9124479166666667 0.6572048611111112 0.10223958333333343 0.5633391203703704
25 0.21963541666666667 0.4882233796296296 0.09692708333333337 0.5771701388888889
17 0.035130208333333336 0.41189236111111105 0.07026041666666667 0.5633101851851852
17 0.08651041666666667 0.45274884259259257 0.09890625 0.5600983796296297
17 0.15708333333333332 0.46319444444444446 0.1049479166666667 0.5455150462962962
34 0.3578645833333334 0.5058738425925926 0.09906249999999997 0.5273726851851851
34 0.4265625 0.5326967592592593 0.09723958333333335 0.5350983796296296
34 0.49432291666666667 0.5383391203703705 0.09869791666666679 0.5219039351851851
40 0.5653645833333334 0.5417534722222223 0.09489583333333336 0.5817708333333333
40 0.6340104166666667 0.5458622685185185 0.09770833333333329 0.5655092592592592
40 0.7013020833333334 0.5937789351851852 0.09739583333333321 0.5374421296296296
37 0.7711979166666667 0.614380787037037 0.09807291666666665 0.52421875
37 0.8408333333333333 0.6388888888888888 0.09807291666666665 0.5475983796296295