40 0.8866666666666667 0.43213541666666666 0.06731481481481474 0.43453125000000004
40 0.8260127314814815 0.46171875 0.06882523148148145 0.4838020833333333
40 0.9562789351851851 0.43130208333333336 0.06801504629629633 0.4291145833333333
2 0.3006770833333333 0.6605208333333333 0.06700231481481485 0.41343749999999985
35 0.09815393518518518 0.7119270833333333 0.06600115740740739 0.39854166666666657
39 0.7572222222222222 0.51265625 0.056915509259259166 0.4174479166666668
39 0.6275173611111111 0.55796875 0.062106481481481526 0.3990625
39 0.6895949074074075 0.5378645833333333 0.06218749999999993 0.40453124999999995
35 0.03137297453703704 0.7426041666666666 0.06274594907407408 0.409375
2 0.36048032407407404 0.6355729166666666 0.0661168981481481 0.40635416666666657
35 0.22994791666666664 0.6839583333333333 0.06152199074074076 0.4122916666666665
2 0.43104745370370373 0.6230729166666666 0.06765624999999993 0.4048958333333335
24 0.5002372685185186 0.59796875 0.059386574074074085 0.4261979166666666
35 0.16232060185185185 0.7091666666666667 0.06303819444444443 0.4092708333333334
24 0.562488425925926 0.5661458333333333 0.05870949074074083 0.4331770833333334