27 0.78125 0.21171875 0.08359375 0.265625
27 0.503125 0.1828125 0.08125 0.2671875
16 0.2125 0.215625 0.0859375 0.2828125
11 0.103125 0.2328125 0.09921875 0.2921875
39 0.71484375 0.584375 0.09296875 0.34609375
24 0.4125 0.18203125 0.08125 0.27265625
21 0.3140625 0.184375 0.08515625 0.2734375
30 0.87578125 0.19453125 0.0921875 0.2625
30 0.59765625 0.2140625 0.0828125 0.25859375
39 0.521875 0.56171875 0.08671875 0.31953125
37 0.921875 0.5328125 0.0796875 0.3390625
39 0.62265625 0.5765625 0.08984375 0.346875
24 0.690625 0.209375 0.084375 0.27265625
37 0.81953125 0.5625 0.0828125 0.34375