35 0.6746354166666666 0.43213541666666666 0.08057291666666658 0.42692708333333335
7 0.79921875 0.4175520833333334 0.08192708333333343 0.44723958333333336
35 0.6083333333333334 0.44989583333333333 0.07843750000000008 0.40656250000000005
25 0.15854166666666666 0.6478124999999999 0.08708333333333336 0.46624999999999994
41 0.8661979166666665 0.39817708333333335 0.07833333333333314 0.40499999999999997
25 0.22671875 0.6346354166666666 0.08739583333333334 0.4476041666666667
35 0.5488541666666666 0.4640625 0.07796874999999996 0.4111979166666666
19 0.084375 0.6182291666666666 0.08895833333333333 0.459375
25 0.28552083333333333 0.5867708333333334 0.08635416666666665 0.45531249999999995
36 0.35265625 0.5461979166666666 0.08687500000000004 0.4397916666666667
7 0.7349479166666667 0.43046875 0.08249999999999993 0.45583333333333337
36 0.48161458333333335 0.49130208333333336 0.08421874999999997 0.43494791666666666
41 0.9236979166666666 0.3778645833333333 0.07817708333333329 0.39098958333333333
41 0.971015625 0.3497395833333333 0.05796874999999986 0.4010416666666667
36 0.4166666666666667 0.529375 0.08265624999999996 0.44651041666666663