0 0.04609375 0.634375 0.06796875 0.67421875
0 0.11640625 0.48828125 0.0703125 0.6671875
0 0.1875 0.4953125 0.0578125 0.68203125
26 0.25703125 0.553125 0.06796875 0.646875
26 0.32734375 0.54296875 0.06015625 0.6421875
26 0.39609375 0.5484375 0.06875 0.621875
23 0.46484375 0.55078125 0.0671875 0.6578125
23 0.534375 0.63125 0.06640625 0.64375
23 0.60390625 0.5921875 0.0671875 0.6609375
27 0.6734375 0.58359375 0.0640625 0.6359375
27 0.7421875 0.61171875 0.06328125 0.62109375
27 0.8109375 0.62265625 0.06328125 0.61875
37 0.88203125 0.6390625 0.05625 0.6203125
37 0.95390625 0.63984375 0.0578125 0.60546875