14 0.89296875 0.7125 0.05859375 0.37109375
36 0.08828125 0.30546875 0.04609375 0.29296875
38 0.1375 0.2984375 0.03515625 0.31796875
40 0.18203125 0.33046875 0.05078125 0.35625
41 0.23515625 0.35859375 0.04609375 0.3140625
39 0.28515625 0.39140625 0.05078125 0.340625
37 0.33671875 0.41484375 0.04921875 0.31328125
37 0.39140625 0.45078125 0.0546875 0.36640625
35 0.44765625 0.4796875 0.05546875 0.3546875
2 0.50625 0.49765625 0.05703125 0.3140625
34 0.56484375 0.5390625 0.06015625 0.375
0 0.62734375 0.575 0.0609375 0.39453125
32 0.68984375 0.6046875 0.05703125 0.3734375
1 0.75390625 0.63515625 0.06640625 0.3828125
33 0.82265625 0.68515625 0.0625 0.40234375