18 0.05191550925925925 0.5004166666666666 0.07458912037037035 0.6606944444444445
0 0.12148148148148148 0.5058506944444445 0.08132523148148149 0.6937847222222222
32 0.19256365740740738 0.5082291666666666 0.07737268518518521 0.690486111111111
2 0.2578993055555555 0.4916145833333333 0.0721064814814815 0.6512152777777779
34 0.3259606481481481 0.5008854166666666 0.0716956018518518 0.6761805555555556
1 0.38921875 0.5021354166666667 0.06932870370370373 0.6745138888888889
33 0.4525347222222222 0.5072916666666667 0.06743055555555558 0.6517881944444446
38 0.5159780092592593 0.5210416666666666 0.07166087962962955 0.6738368055555556
38 0.5796469907407408 0.4973263888888889 0.0662037037037038 0.6743749999999998
40 0.6429513888888889 0.5017013888888888 0.06664930555555557 0.6517534722222222
36 0.7062789351851851 0.507638888888889 0.0671064814814816 0.6299131944444444
35 0.7686168981481482 0.4994791666666666 0.06580439814814802 0.5947222222222223
39 0.8322685185185186 0.5272916666666666 0.05914930555555529 0.6725
41 0.8976041666666668 0.5106770833333333 0.06246527777777757 0.6328298611111111
37 0.9609432870370369 0.5173958333333333 0.065902777777778 0.6540624999999999