7 0.9205729166666667 0.7078125 0.06600694444444458 0.36348958333333314
12 0.8520312499999999 0.66328125 0.0609375 0.3545833333333334
17 0.7802777777777778 0.6733854166666667 0.07024305555555568 0.3536458333333332
22 0.7096180555555556 0.6765104166666667 0.07270833333333329 0.37406249999999996
22 0.6414236111111111 0.6594270833333333 0.07286458333333332 0.36005208333333344
22 0.5704340277777777 0.65234375 0.07475694444444443 0.35005208333333326
17 0.5028298611111112 0.6219791666666667 0.07524305555555558 0.3609895833333333
22 0.4375173611111111 0.5753125 0.07670138888888882 0.35875
25 0.37671875000000005 0.5328645833333333 0.07192708333333328 0.3389583333333334
7 0.3100347222222222 0.4994270833333333 0.07456597222222223 0.36328125
7 0.2442534722222222 0.4809375 0.07607638888888886 0.34468750000000004
7 0.17725694444444445 0.48979166666666674 0.07788194444444443 0.3502604166666668
28 0.10666666666666666 0.4913541666666667 0.08065972222222224 0.34265624999999994
28 0.038897569444444446 0.49453125 0.07779513888888889 0.33807291666666667
19 0.642986111111111 0.27166666666666667 0.07309027777777785 0.3476041666666667
9 0.8407118055555556 0.2480208333333333 0.07487847222222221 0.33526041666666667
8 0.7097222222222223 0.28630208333333335 0.06713541666666671 0.33630208333333333
18 0.7752604166666666 0.275 0.0671875 0.31994791666666667
13 0.9056423611111111 0.30328125 0.06835069444444457 0.32859375