18 0.5510532407407407 0.87375 0.09818287037037052 0.09899305555555529
12 0.5265277777777777 0.8044097222222224 0.10234375 0.107673611111111
34 0.4727430555555555 0.6671875 0.09938078703703716 0.11307291666666668
23 0.2691898148148148 0.09666666666666665 0.09384259259259257 0.11060763888888889
40 0.42392361111111115 0.5206944444444443 0.09770254629629634 0.10913194444444443
21 0.44686342592592593 0.59078125 0.10333333333333332 0.11472222222222221
37 0.4989699074074075 0.7318749999999999 0.09931134259259267 0.11072916666666668
28 0.3464641203703704 0.31180555555555556 0.09862268518518516 0.11383680555555556
19 0.29511574074074076 0.17151041666666664 0.09377314814814816 0.1082638888888889
33 0.3212962962962963 0.23776041666666664 0.09942708333333332 0.11463541666666668
31 0.24015625 0.047552083333333335 0.09381365740740737 0.08328125
39 0.5788425925925926 0.9384722222222223 0.0990104166666665 0.10057291666666686
25 0.3741608796296296 0.3796527777777778 0.10023148148148149 0.11543402777777781
35 0.3977893518518519 0.4528819444444444 0.10250578703703699 0.11314236111111117
6 0.6063831018518518 0.9775868055555555 0.1032754629629629 0.04482638888888886