18 0.762355324074074 0.6126909722222222 0.06237268518518526 0.09868055555555558
20 0.9325983796296295 0.6224247685185185 0.0646932870370371 0.09718750000000007
28 0.28770254629629627 0.5751793981481481 0.06238425925925926 0.09946180555555557
34 0.5858622685185185 0.6027719907407407 0.06315393518518526 0.09870370370370374
23 0.1120138888888889 0.5637210648148148 0.06707175925925926 0.09960069444444439
33 0.22912037037037036 0.572662037037037 0.05920138888888893 0.0954629629629629
12 0.7045312499999999 0.6117592592592592 0.06396990740740734 0.1010706018518519
40 0.4648726851851851 0.5921527777777778 0.05847800925925917 0.09934606481481474
39 0.8178240740740741 0.6143344907407408 0.061579861111111 0.0978761574074074
19 0.17141203703703706 0.5639178240740741 0.05920138888888889 0.0954629629629629
31 0.051892361111111104 0.5595949074074074 0.06472800925925926 0.09953125000000007
6 0.8756018518518518 0.6183912037037037 0.0678182870370371 0.09728009259259256
21 0.526545138888889 0.5971064814814815 0.06160300925925917 0.0994386574074074
37 0.6460416666666667 0.6029918981481481 0.06081018518518526 0.09863425925925924
25 0.34859375 0.5801099537037037 0.060810185185185175 0.09863425925925924
35 0.4055902777777778 0.5841435185185185 0.060063657407407336 0.10095486111111107