18 0.4234375 0.8609375 0.0953125 0.096875
12 0.45 0.7921875 0.09921875 0.10546875
34 0.5078125 0.65625 0.09609375 0.1109375
23 0.728125 0.090625 0.090625 0.10859375
40 0.5609375 0.5109375 0.09453125 0.10703125
21 0.5359375 0.58046875 0.1 0.1125
37 0.4796875 0.7203125 0.09609375 0.10859375
28 0.64453125 0.30390625 0.0953125 0.11171875
19 0.7 0.16484375 0.090625 0.10625
33 0.671875 0.23046875 0.09609375 0.1125
31 0.75859375 0.0421875 0.09140625 0.08125
39 0.39375 0.925 0.09609375 0.0984375
25 0.61484375 0.37109375 0.096875 0.11328125
35 0.5890625 0.44375 0.09921875 0.1109375
6 0.36484375 0.97109375 0.1015625 0.0578125