2 0.0584837962962963 0.44486689814814817 0.07986689814814815 0.4020659722222222
2 0.13217592592592592 0.4540046296296296 0.0723263888888889 0.38482638888888887
2 0.20407986111111112 0.48187499999999994 0.07195023148148146 0.345769675925926
7 0.28036458333333336 0.4730671296296296 0.08258680555555556 0.3356944444444444
12 0.3540567129629629 0.48220486111111105 0.0724363425925926 0.362175925925926
17 0.4254340277777778 0.5186631944444444 0.06887152777777779 0.34730902777777783
22 0.49372685185185183 0.5301041666666666 0.06983796296296294 0.35356481481481483
25 0.5652835648148148 0.546255787037037 0.0718344907407408 0.341863425925926
28 0.6341782407407408 0.5780092592592593 0.06721643518518512 0.34417245370370375
31 0.7013715277777778 0.6050636574074074 0.06570023148148145 0.3457233796296297
31 0.7710011574074075 0.6352604166666667 0.06802083333333328 0.3449594907407407
34 0.8416840277777778 0.6482812499999999 0.0696006944444445 0.31919560185185175
34 0.9122800925925926 0.6847337962962963 0.06998842592592602 0.3059201388888889
34 0.9711747685185184 0.7586400462962963 0.05765046296296319 0.33248263888888874