26 0.4372858796296296 0.7307233796296296 0.08344907407407405 0.09447337962962976
29 0.40481481481481485 0.7891666666666667 0.08446180555555553 0.09842592592592592
0 0.37546875 0.847795138888889 0.09186342592592585 0.10509259259259238
14 0.7312905092592592 0.16171875 0.07994791666666679 0.07480324074074077
30 0.3119965277777778 0.9554369212962964 0.08520254629629634 0.08912615740740719
4 0.4968518518518518 0.6119502314814815 0.08110532407407404 0.09433449074074077
2 0.34203124999999995 0.9093171296296296 0.08989004629629634 0.11120370370370374
3 0.4658969907407407 0.6712673611111111 0.08436921296296304 0.09686342592592592
38 0.6145081018518519 0.38607638888888884 0.08542245370370374 0.0883622685185185
41 0.7036458333333334 0.21809606481481483 0.08266203703703709 0.08119212962962959
1 0.5545775462962963 0.49777199074074074 0.08335648148148156 0.09291087962962959
36 0.6453703703703704 0.3283217592592592 0.08528356481481474 0.08601851851851858
5 0.6714525462962964 0.27185185185185184 0.08335069444444443 0.07967592592592591
7 0.5861284722222222 0.4416261574074074 0.0848263888888889 0.09144097222222225
24 0.5268865740740741 0.5549305555555556 0.08491898148148139 0.09300347222222224