13 0.5226909722222223 0.5159895833333333 0.0637905092592593 0.08911458333333329
14 0.9662181712962962 0.48109375 0.06756365740740762 0.08656250000000014
32 0.6418981481481482 0.5177083333333334 0.0647337962962963 0.09229166666666658
16 0.46417824074074077 0.5136458333333334 0.0646932870370371 0.09151041666666657
15 0.2832928240740741 0.50859375 0.07086226851851851 0.09036458333333339
11 0.09357060185185187 0.49828124999999995 0.07973958333333334 0.09640625000000007
10 0.1553298611111111 0.5031770833333333 0.07406828703703705 0.09213541666666672
9 0.5819444444444445 0.5176041666666666 0.06453124999999993 0.08838541666666658
41 0.9124189814814816 0.4796875 0.0699594907407409 0.08796874999999993
27 0.3448900462962963 0.5103645833333333 0.0678993055555555 0.09328125000000007
22 0.40398148148148144 0.5088541666666666 0.0671180555555555 0.09322916666666678
38 0.7485590277777778 0.47265625 0.06449074074074072 0.08760416666666657
8 0.2169675925925926 0.5057291666666666 0.07246527777777781 0.09125000000000014
7 0.6969965277777778 0.46921875 0.059803240740740726 0.08729166666666668
5 0.85859375 0.47765625 0.06601273148148153 0.08692708333333332
36 0.80390625 0.47401041666666666 0.06773726851851869 0.09015625000000008