17 0.16796875 0.925 0.0984375 0.11796875
29 0.31953125 0.67109375 0.08984375 0.10625
30 0.196875 0.8484375 0.10078125 0.11484375
0 0.26953125 0.72109375 0.0984375 0.1109375
3 0.334375 0.59140625 0.09140625 0.1109375
2 0.234375 0.7875 0.1 0.115625
4 0.353125 0.5171875 0.09375 0.10859375
41 0.54609375 0.05 0.0875 0.09765625
36 0.49921875 0.184375 0.09453125 0.103125
1 0.42265625 0.38828125 0.09453125 0.10859375
7 0.45078125 0.3234375 0.09375 0.10859375
38 0.47109375 0.25078125 0.0921875 0.10390625
5 0.5328125 0.11875 0.0953125 0.103125
24 0.39453125 0.45703125 0.09453125 0.11015625