26 0.8113368055555557 0.04023871527777778 0.09296875 0.08047743055555556
0 0.2418576388888889 0.5278125 0.09019097222222223 0.11706597222222222
17 0.08503472222222222 0.64515625 0.09909722222222221 0.12447916666666678
29 0.3045138888888889 0.5109375 0.09501736111111114 0.12039930555555553
24 0.44633680555555555 0.373125 0.09246527777777783 0.11560763888888888
14 0.766875 0.06454861111111113 0.09130208333333342 0.10697916666666667
3 0.3465451388888889 0.4527083333333334 0.0966840277777778 0.12281250000000003
30 0.13536458333333334 0.5975173611111111 0.09647569444444444 0.11812500000000004
41 0.7178993055555555 0.10743055555555556 0.09059027777777792 0.10850694444444446
2 0.18944444444444444 0.5638020833333334 0.09664930555555555 0.12203124999999986
4 0.3878298611111111 0.3952951388888889 0.09406250000000008 0.11645833333333329
1 0.4872916666666667 0.32590277777777776 0.0941319444444444 0.11802083333333328
38 0.5805902777777778 0.24112847222222222 0.09399305555555557 0.11489583333333338
36 0.6288194444444445 0.19906249999999998 0.09161458333333332 0.11401041666666667
5 0.6780381944444445 0.16164930555555554 0.09399305555555557 0.11489583333333338
7 0.5374652777777778 0.2923611111111111 0.09494791666666665 0.11883680555555554