26 0.9673697916666667 0.6490451388888889 0.06526041666666664 0.11216435185185177
14 0.9336979166666666 0.6124594907407408 0.08765624999999985 0.10900462962962969
17 0.18833333333333332 0.06210648148148148 0.10078125 0.1185648148148148
29 0.39229166666666665 0.26493055555555556 0.09375 0.11846064814814809
24 0.5615104166666667 0.368119212962963 0.09276041666666668 0.11532407407407401
30 0.24395833333333333 0.10039351851851852 0.10140624999999996 0.11623263888888888
3 0.45463541666666674 0.28692708333333333 0.09458333333333328 0.11925347222222218
2 0.2952604166666667 0.15578703703703706 0.10302083333333334 0.11703703703703705
41 0.8796875 0.5749768518518519 0.08432291666666672 0.10583333333333336
38 0.7175 0.47189236111111105 0.09119791666666668 0.11530092592592603
0 0.34552083333333333 0.19555555555555557 0.09807291666666665 0.1130613425925926
4 0.5113541666666667 0.30649884259259264 0.09020833333333336 0.11216435185185185
1 0.6097916666666666 0.4016145833333333 0.09369791666666671 0.1176793981481481
36 0.7684895833333334 0.5108912037037037 0.08953124999999992 0.11371527777777786
5 0.8215625 0.5577256944444444 0.08973958333333343 0.11684027777777786
7 0.66125 0.44764467592592594 0.09546875000000003 0.12082754629629626