26 0.42109375 0.51640625 0.06015625 0.0765625
16 0.53984375 0.2234375 0.08125 0.09921875
9 0.63828125 0.19140625 0.08203125 0.090625
0 0.5296875 0.82109375 0.08046875 0.096875
13 0.48203125 0.10234375 0.05703125 0.11796875
14 0.490625 0.64375 0.07578125 0.10625
41 0.68984375 0.57734375 0.10703125 0.1484375
29 0.48828125 0.74375 0.0734375 0.09375
15 0.6 0.5140625 0.0734375 0.1234375
22 0.61015625 0.31953125 0.08828125 0.090625
30 0.55234375 0.946875 0.08515625 0.1046875
17 0.4625 0.965625 0.046875 0.06796875
32 0.5375 0.40546875 0.08046875 0.096875
11 0.57421875 0.7125 0.08359375 0.09375
2 0.4875 0.8953125 0.08046875 0.1203125
3 0.42578125 0.4046875 0.071875 0.10625
27 0.4890625 0.48359375 0.078125 0.1
1 0.42421875 0.1625 0.0609375 0.08515625
10 0.64453125 0.95234375 0.08046875 0.0953125
24 0.42734375 0.2390625 0.05859375 0.0765625
5 0.6125 0.04609375 0.09375 0.0921875
19 0.475 0.32578125 0.07265625 0.09140625
7 0.40546875 0.08046875 0.0421875 0.10859375
8 0.61171875 0.80703125 0.09296875 0.1015625