26 0.4868692129629629 0.4194212962962963 0.06317708333333343 0.08038194444444446
11 0.6244618055555555 0.6365740740740741 0.07821759259259267 0.11075810185185198
14 0.5769039351851852 0.513425925925926 0.08583912037037038 0.09479745370370374
3 0.4046064814814815 0.41907407407407404 0.08579282407407404 0.09401620370370374
16 0.2579398148148148 0.5666319444444444 0.07959490740740742 0.10771412037037038
0 0.7047743055555555 0.5772627314814816 0.08258101851851851 0.10553240740740737
17 0.8352372685185185 0.4915567129629629 0.08876736111111114 0.06535300925925931
29 0.6518113425925925 0.5188773148148148 0.07968171296296304 0.09603587962962959
10 0.8082465277777778 0.7354398148148148 0.11622106481481467 0.10805555555555557
32 0.3939699074074074 0.5721180555555556 0.08184606481481485 0.10627314814814817
41 0.5113020833333334 0.7741145833333334 0.11324652777777774 0.13671875
30 0.8053125000000001 0.6130381944444444 0.10257523148148166 0.11435763888888886
27 0.4564988425925926 0.50875 0.0845543981481482 0.09940393518518534
24 0.2762037037037037 0.4171180555555555 0.06699074074074077 0.07902199074074083
4 0.3405150462962963 0.48236111111111113 0.07563657407407405 0.09348958333333339
2 0.7644502314814815 0.5223668981481481 0.09604745370370367 0.10934606481481488
22 0.32586805555555554 0.6634085648148148 0.07233796296296298 0.11668402777777782
15 0.46980902777777783 0.6544155092592593 0.09829282407407405 0.0946643518518517
38 0.08746527777777778 0.4018460648148149 0.06855324074074073 0.07910300925925924
8 0.6864814814814816 0.6875925925925925 0.08378472222222229 0.12584490740740736
5 0.10279513888888889 0.658894675925926 0.11866319444444447 0.12298032407407397
1 0.2210127314814815 0.4095543981481482 0.06869212962962959 0.08144675925925923
36 0.03316984953703704 0.4043171296296297 0.06633969907407408 0.07938657407407419
13 0.16661458333333332 0.4811805555555556 0.09497685185185185 0.07813657407407408
7 0.16068287037037038 0.3829166666666667 0.08692708333333332 0.060584490740740723
9 0.22847222222222224 0.6936226851851852 0.07431134259259257 0.1105555555555556