26 0.19868055555555558 0.9412109375 0.09015624999999998 0.117578125
17 0.57515625 0.2519618055555556 0.08805555555555564 0.09722222222222224
18 0.60484375 0.18227430555555554 0.08475694444444457 0.08934027777777778
12 0.5448263888888889 0.31538194444444445 0.08571180555555565 0.09717013888888885
20 0.6351736111111111 0.08368055555555556 0.08251736111111115 0.09397569444444445
14 0.3621875 0.6904166666666667 0.0919270833333333 0.09574652777777785
23 0.25986111111111115 0.8632291666666667 0.0905555555555555 0.10430555555555543
6 0.6823263888888889 0.10739583333333333 0.09196180555555564 0.09730902777777777
40 0.4379340277777778 0.5881423611111111 0.07953124999999997 0.10015625000000003
34 0.48291666666666677 0.46329861111111115 0.07098958333333343 0.10230902777777776
21 0.46263888888888893 0.5316319444444444 0.07482638888888893 0.09927083333333328
36 0.3326215277777778 0.824982638888889 0.0972569444444444 0.12475694444444443
31 0.296875 0.7804166666666668 0.08852430555555557 0.11831597222222215
37 0.5128125000000001 0.3842361111111111 0.08336805555555564 0.09711805555555557
35 0.4062847222222222 0.6405902777777778 0.08810763888888892 0.09956597222222215