0 0.43634259259259256 0.7043171296296296 0.09223379629629633 0.10993634259259259
29 0.4967939814814815 0.5253356481481481 0.07907986111111107 0.11833333333333336
24 0.3855613425925926 0.5996238425925926 0.057962962962962994 0.11645833333333329
15 0.4382349537037037 0.41841435185185183 0.08030671296296302 0.09570023148148152
2 0.4579513888888889 0.6165162037037037 0.09223379629629633 0.10993634259259259
8 0.35335648148148147 0.7172627314814815 0.06585648148148149 0.12204282407407412
4 0.5444270833333333 0.31530092592592596 0.08554398148148153 0.08015625000000001
22 0.51484375 0.4141550925925926 0.07511574074074065 0.11436921296296294
10 0.3382233796296296 0.8424594907407407 0.06987847222222224 0.1299131944444447
30 0.26471064814814815 0.9013483796296295 0.07237847222222218 0.08777199074074105
1 0.6198900462962963 0.0720486111111111 0.09688657407407408 0.10766203703703703
3 0.5611053240740741 0.13853009259259258 0.09541666666666657 0.11388888888888889
38 0.5619097222222222 0.24240162037037036 0.08949652777777786 0.08333912037037035
7 0.6783738425925926 0.03127314814814815 0.09950231481481478 0.0625462962962963
13 0.42788773148148146 0.8005150462962962 0.08923611111111107 0.11848379629629627