29 0.48190393518518515 0.49203125 0.0844444444444445 0.12534722222222214
13 0.42943287037037037 0.22032986111111114 0.09345486111111115 0.11873263888888888
0 0.4302025462962963 0.31119791666666663 0.09621527777777779 0.11184027777777779
10 0.34247685185185184 0.1757465277777778 0.07629629629629626 0.13355902777777776
24 0.37148726851851854 0.41664930555555557 0.06380787037037035 0.11819444444444435
22 0.49371527777777774 0.6115798611111112 0.07861111111111115 0.11807291666666657
15 0.4129108796296296 0.599375 0.08619212962962966 0.09892361111111114
3 0.515636574074074 0.8834895833333334 0.10040509259259256 0.11748263888888885
8 0.3447916666666667 0.2972222222222222 0.0711631944444445 0.12475694444444443
2 0.44741898148148146 0.4020138888888889 0.09543402777777779 0.11180555555555553
4 0.5116319444444445 0.7039930555555556 0.08945023148148153 0.08659722222222221
30 0.27055555555555555 0.11303819444444445 0.0764930555555555 0.09225694444444446
38 0.5278530092592593 0.7838020833333333 0.09085069444444435 0.08354166666666671
1 0.5717303240740741 0.9464887152777777 0.10172453703703717 0.10702256944444458
7 0.6257928240740741 0.9783680555555556 0.10286458333333322 0.04326388888888886
41 0.28456018518518517 0.03927083333333333 0.07294560185185191 0.05390625