29 0.49375 0.46953125 0.078125 0.121875
13 0.56015625 0.20078125 0.0875 0.11484375
0 0.5546875 0.29140625 0.090625 0.1078125
10 0.64921875 0.16015625 0.06953125 0.13046875
24 0.6078125 0.39921875 0.0578125 0.115625
22 0.47578125 0.58828125 0.07265625 0.11484375
15 0.55703125 0.5796875 0.08125 0.0953125
3 0.43984375 0.85859375 0.09453125 0.11328125
8 0.640625 0.28125 0.06484375 0.121875
2 0.5328125 0.38125 0.08984375 0.1078125
4 0.453125 0.6796875 0.08515625 0.0828125
30 0.72421875 0.10078125 0.071875 0.0890625
38 0.4328125 0.75859375 0.08671875 0.0796875
1 0.38046875 0.921875 0.09609375 0.10859375
7 0.32421875 0.9640625 0.09921875 0.0703125
41 0.7140625 0.0265625 0.0703125 0.05078125