26 0.5646122685185185 0.7144502314814816 0.06757523148148152 0.07989004629629619
9 0.5173553240740741 0.26739583333333333 0.05968171296296312 0.07430555555555554
16 0.5048090277777778 0.05347222222222222 0.059693287037037024 0.07508680555555555
23 0.5704803240740741 0.794068287037037 0.06763310185185176 0.08379629629629619
32 0.5116608796296296 0.19949652777777777 0.06280671296296311 0.07435185185185186
41 0.5772222222222222 0.8799247685185186 0.06849537037037035 0.0892766203703701
30 0.5563541666666667 0.6317418981481481 0.06519675925925927 0.07751157407407412
27 0.5404340277777777 0.5593055555555556 0.062002314814814954 0.07277777777777779
33 0.5183969907407407 0.33770833333333333 0.06030092592592595 0.06337962962962962
19 0.5074479166666667 0.12610532407407407 0.05968171296296294 0.07430555555555554
28 0.528125 0.4141435185185185 0.06042824074074069 0.07197337962962962
25 0.5323032407407406 0.48519097222222224 0.06119791666666678 0.0712037037037037
7 0.5931770833333333 0.9547048611111111 0.07686921296296294 0.07456018518518519