26 0.62890625 0.65859375 0.09296875 0.10078125
9 0.428125 0.29609375 0.08515625 0.08671875
16 0.3390625 0.1171875 0.08125 0.07890625
23 0.66484375 0.72265625 0.09296875 0.10703125
32 0.39765625 0.23828125 0.08125 0.0828125
30 0.59375 0.5875 0.09140625 0.0984375
41 0.703125 0.790625 0.096875 0.11484375
27 0.553125 0.5390625 0.08671875 0.0953125
1 0.7875 0.93125 0.09609375 0.134375
33 0.45546875 0.36015625 0.08359375 0.08828125
28 0.4890625 0.4171875 0.0875 0.09296875
19 0.36640625 0.1765625 0.08125 0.0796875
7 0.74375 0.859375 0.1 0.12421875
11 0.28359375 0.0171875 0.0765625 0.034375
25 0.5171875 0.48125 0.08515625 0.0953125
5 0.31640625 0.0578125 0.08046875 0.07265625