26 0.33125 0.4515625 0.08203125 0.09921875
16 0.7828125 0.7265625 0.0828125 0.0875
32 0.6921875 0.6609375 0.0796875 0.08984375
11 0.87734375 0.7875 0.0796875 0.0875
23 0.275 0.4203125 0.08046875 0.0984375
33 0.59453125 0.59375 0.078125 0.09453125
41 0.21953125 0.3828125 0.08515625 0.1046875
28 0.54609375 0.56171875 0.07734375 0.09609375
27 0.44453125 0.50390625 0.07578125 0.0984375
1 0.08828125 0.3234375 0.09453125 0.1140625
19 0.7390625 0.6921875 0.08046875 0.09140625
9 0.64375 0.6265625 0.078125 0.0890625
5 0.83046875 0.7625 0.08203125 0.0859375
30 0.3875 0.4859375 0.08046875 0.0984375
7 0.15546875 0.35390625 0.0890625 0.109375
25 0.49609375 0.52890625 0.07734375 0.0953125
11 0.98125 0.8765625 0.0375 0.1015625