22 0.618292824074074 0.5672974537037037 0.06127893518518519 0.07756365740740741
4 0.6322800925925927 0.7207696759259259 0.06053240740740744 0.07988425925925924
16 0.614079861111111 0.49376736111111114 0.060405092592592524 0.07129050925925924
29 0.6280092592592592 0.6433333333333333 0.06202546296296294 0.07524305555555558
41 0.6412905092592592 0.9578718171296297 0.06144097222222218 0.08425636574074069
11 0.6121527777777778 0.41640046296296296 0.05962384259259253 0.07126736111111107
32 0.60765625 0.27101851851851855 0.060416666666666785 0.07207175925925924
28 0.6008391203703705 0.12712962962962965 0.05813078703703702 0.07590856481481482
31 0.6370081018518519 0.8817766203703703 0.06372685185185176 0.08466435185185191
1 0.635011574074074 0.7997222222222222 0.06286458333333336 0.07917245370370374
33 0.5974652777777778 0.05752893518518518 0.05893518518518519 0.07749421296296297
19 0.6049826388888888 0.19597222222222221 0.05813078703703702 0.07590856481481482
5 0.6087673611111111 0.34601851851851856 0.061967592592592526 0.07133680555555558