26 0.16631944444444446 0.5277083333333333 0.06080439814814813 0.09151041666666657
14 0.473125 0.4322916666666667 0.07945601851851851 0.07947916666666668
17 0.5357233796296297 0.5202604166666667 0.06003472222222221 0.09302083333333329
18 0.6637731481481481 0.521875 0.06785300925925916 0.09432291666666667
12 0.5997511574074075 0.5206770833333334 0.06553240740740733 0.09729166666666664
15 0.279525462962963 0.5303125 0.06628472222222222 0.09343749999999992
34 0.8512210648148149 0.51640625 0.07333333333333343 0.09625000000000003
23 0.11162615740740742 0.5321354166666666 0.06782986111111108 0.09119791666666668
27 0.22249421296296296 0.5341145833333334 0.06315393518518517 0.09244791666666678
40 0.7277604166666667 0.5277604166666666 0.06708333333333343 0.09583333333333321
9 0.3388831018518519 0.5286979166666667 0.06313657407407405 0.09010416666666661
37 0.790306712962963 0.51734375 0.06787615740740734 0.0974479166666665
30 0.4162268518518519 0.5235416666666667 0.059253472222222214 0.09296875
21 0.91765625 0.5080729166666667 0.06943865740740733 0.09755208333333343
3 0.05382523148148148 0.5344270833333333 0.06625578703703702 0.08953124999999992
25 0.4724479166666667 0.5236979166666667 0.059247685185185264 0.0921875