26 0.7260069444444445 0.8460358796296296 0.0859375 0.10787615740740755
14 0.5102083333333333 0.5316956018518518 0.09465277777777778 0.12842013888888887
18 0.46684027777777776 0.2599652777777778 0.09921875 0.10826967592592585
12 0.5006423611111112 0.33406250000000004 0.0991493055555555 0.10670717592592585
17 0.5332638888888889 0.41679976851851847 0.09626736111111107 0.11208333333333335
23 0.7577256944444445 0.9084606481481481 0.08987847222222207 0.10877314814814802
27 0.7007986111111111 0.7716840277777778 0.0883506944444445 0.10950810185185186
9 0.6386111111111111 0.6397569444444444 0.08998263888888883 0.11111689814814803
40 0.43982638888888886 0.18019097222222222 0.09755208333333343 0.1058796296296296
34 0.3718229166666666 0.046208043981481484 0.09979166666666668 0.09241608796296297
37 0.4009722222222222 0.11563078703703704 0.09829861111111118 0.10512152777777777
15 0.6682291666666667 0.7077199074074073 0.09086805555555558 0.1134837962962962
30 0.5924652777777778 0.5519444444444443 0.097013888888889 0.11132523148148152
25 0.5652256944444444 0.484693287037037 0.09463541666666657 0.11047453703703702