26 0.3125 0.86640625 0.08125 0.10546875
14 0.5140625 0.54609375 0.0890625 0.12578125
18 0.5453125 0.2734375 0.09453125 0.10546875
12 0.51484375 0.3484375 0.09453125 0.10390625
17 0.4859375 0.43203125 0.09140625 0.109375
23 0.28359375 0.9296875 0.08515625 0.10625
27 0.334375 0.79140625 0.08359375 0.10703125
9 0.390625 0.6578125 0.08515625 0.10859375
40 0.56875 0.19296875 0.09296875 0.103125
34 0.63046875 0.0515625 0.0953125 0.10078125
37 0.6046875 0.12734375 0.09375 0.10234375
15 0.3640625 0.7265625 0.0859375 0.1109375
30 0.4328125 0.56875 0.0921875 0.10859375
25 0.45703125 0.50078125 0.08984375 0.1078125