26 0.2882523148148148 0.8732291666666667 0.09189814814814809 0.08619791666666679
18 0.5975983796296296 0.2967708333333333 0.09852430555555572 0.1231770833333334
14 0.4244502314814815 0.47234374999999995 0.10063657407407404 0.12020833333333343
12 0.5616898148148148 0.3722395833333333 0.09840856481481489 0.1216145833333333
17 0.51796875 0.4482291666666667 0.10034722222222214 0.11630208333333325
9 0.3992476851851852 0.6761458333333333 0.09641203703703702 0.10515624999999992
40 0.643431712962963 0.22374999999999998 0.09803240740740744 0.12703125
27 0.32986111111111105 0.8152604166666666 0.09577546296296298 0.09656249999999993
30 0.444849537037037 0.5852604166666666 0.09921875 0.11156249999999997
34 0.7151331018518519 0.074375 0.09754050925925917 0.13088541666666667
15 0.3654803240740741 0.7436979166666667 0.09768518518518521 0.1013541666666665
23 0.2577835648148148 0.9382291666666667 0.09719328703703703 0.08421875000000015
21 0.7499131944444445 0.030208333333333337 0.09392361111111107 0.060416666666666674
37 0.6760995370370371 0.15005208333333334 0.0994791666666666 0.12557291666666667
25 0.4778935185185185 0.5169791666666667 0.1015625 0.11171875