26 0.7014756944444445 0.4665856481481482 0.08165509259259256 0.09762731481481488
15 0.5983796296296295 0.5472164351851851 0.08396990740740726 0.09691550925925921
0 0.491724537037037 0.6183564814814815 0.08793402777777785 0.09859374999999986
18 0.8609085648148149 0.3641608796296296 0.07317708333333357 0.10049768518518523
13 0.22181712962962963 0.8105787037037038 0.09490740740740744 0.09723958333333335
12 0.90859375 0.32255787037037037 0.05905671296296298 0.09851851851851859
23 0.7574363425925925 0.4338310185185185 0.08324652777777786 0.09845486111111104
10 0.11490162037037037 0.8887499999999999 0.09317129629629628 0.09250578703703702
10 0.030497685185185187 0.9478255208333334 0.06099537037037037 0.10434895833333328
2 0.2758101851851852 0.7675983796296297 0.09427083333333339 0.10112268518518519
24 0.5440393518518519 0.5784548611111111 0.08385416666666679 0.0937905092592592
38 0.38408564814814816 0.6949421296296296 0.08712384259259257 0.09778935185185186
8 0.16640625 0.8496064814814815 0.09641203703703702 0.09572337962962969
27 0.6484664351851852 0.5041203703703704 0.0799189814814815 0.09289351851851854
36 0.33130787037037035 0.7262268518518519 0.08952546296296297 0.09942129629629637
25 0.8088252314814814 0.3978125 0.08093171296296298 0.09916666666666663
35 0.43888888888888894 0.6512037037037037 0.08478009259259256 0.09771990740740737