26 0.6983159722222222 0.5207465277777777 0.08338541666666668 0.10260995370370374
0 0.4991550925925926 0.37116319444444446 0.08483217592592603 0.09878472222222223
18 0.8529803240740741 0.6188136574074073 0.07561921296296319 0.103767361111111
23 0.7520543981481482 0.5499421296296296 0.08492476851851852 0.10190972222222214
15 0.5998726851851852 0.4470659722222222 0.08570601851851851 0.10195023148148152
12 0.8992013888888888 0.6647800925925926 0.065486111111111 0.10402199074074084
10 0.1409664351851852 0.11281828703703703 0.09328703703703703 0.09454282407407408
2 0.2927546296296296 0.22897569444444446 0.0911053240740741 0.0998900462962963
8 0.19132523148148148 0.1507696759259259 0.0909201388888889 0.0936400462962963
27 0.650300925925926 0.48267361111111107 0.08326967592592602 0.09870370370370374
24 0.5494907407407407 0.4098958333333334 0.08487847222222236 0.10034722222222214
13 0.2463946759259259 0.18769675925925924 0.09101273148148152 0.0967650462962963
38 0.4021122685185185 0.30287037037037035 0.08717592592592602 0.09890624999999993
36 0.34780092592592593 0.2666840277777778 0.08949652777777786 0.0982465277777778
25 0.8008738425925926 0.5871932870370371 0.08184606481481467 0.10331018518518534
10 0.05770833333333334 0.05325810185185185 0.07180555555555554 0.1065162037037037
35 0.4494618055555556 0.3370775462962963 0.08722222222222217 0.10046874999999993