26 0.7272395833333334 0.51015625 0.08265624999999996 0.10380208333333343
0 0.5197743055555556 0.36359375 0.08413194444444443 0.1
18 0.8874131944444444 0.6058854166666666 0.07487847222222221 0.10484374999999986
23 0.7826388888888889 0.5385416666666667 0.08420138888888892 0.103125
15 0.6247048611111111 0.43796875 0.08498263888888893 0.10317708333333328
12 0.9361458333333333 0.6511458333333333 0.06473958333333343 0.10494791666666678
10 0.1472048611111111 0.11067708333333333 0.09262152777777777 0.09588541666666668
2 0.3054340277777778 0.22453125 0.09039930555555556 0.10119791666666664
8 0.1996701388888889 0.14786458333333333 0.09026041666666665 0.09494791666666665
27 0.6771180555555556 0.4728125 0.08256944444444443 0.09989583333333343
24 0.5722569444444445 0.4015625 0.08416666666666668 0.1015625
13 0.25680555555555556 0.18395833333333333 0.09032986111111115 0.09807291666666669
38 0.41892361111111115 0.2967708333333333 0.08647569444444443 0.10015625000000003
36 0.36258680555555556 0.26140625 0.08880208333333339 0.09953125000000007
25 0.8335243055555555 0.5750520833333334 0.081111111111111 0.10447916666666668
10 0.060625 0.05307291666666667 0.07104166666666667 0.10614583333333334
35 0.4681770833333333 0.33026041666666667 0.08651041666666667 0.10171875000000004