1 0.03984375 0.49453125 0.065625 0.8171875
1 0.1078125 0.484375 0.0625 0.7875
1 0.17734375 0.496875 0.06640625 0.7453125
21 0.24453125 0.48203125 0.0609375 0.771875
21 0.309375 0.48125 0.0625 0.76171875
21 0.378125 0.4765625 0.06640625 0.78125
21 0.446875 0.48125 0.06328125 0.73203125
36 0.5109375 0.4640625 0.059375 0.73671875
36 0.5765625 0.459375 0.06015625 0.7375
40 0.64140625 0.45703125 0.059375 0.7421875
40 0.70546875 0.47109375 0.05859375 0.73203125
40 0.76796875 0.478125 0.05859375 0.7640625
38 0.83203125 0.4828125 0.0609375 0.7453125
38 0.8953125 0.475 0.05703125 0.75
38 0.9578125 0.484375 0.06171875 0.76796875