41 0.7171875 0.434375 0.140625 0.22265625
41 0.7734375 0.63828125 0.11484375 0.19921875
35 0.8359375 0.4359375 0.15234375 0.2265625
35 0.89453125 0.62578125 0.1203125 0.2015625
41 0.64453125 0.21328125 0.10234375 0.1578125
35 0.77109375 0.23515625 0.1375 0.1890625
27 0.33046875 0.178125 0.21015625 0.24921875
33 0.16640625 0.49296875 0.25703125 0.42109375
27 0.3921875 0.43203125 0.18046875 0.23828125
27 0.44921875 0.69296875 0.17109375 0.25625
33 0.125 0.13515625 0.1875 0.26171875
30 0.509375 0.20390625 0.13359375 0.1890625
30 0.5671875 0.4265625 0.1375 0.2015625
30 0.628125 0.67421875 0.1359375 0.23359375