24 0.5134143518518519 0.45734375 0.06731481481481474 0.5390162037037036
16 0.6583159722222222 0.4748495370370371 0.0671875 0.5304224537037037
33 0.8072164351851852 0.49840277777777775 0.07284143518518534 0.5432060185185186
6 0.24304976851851853 0.41506944444444444 0.06339699074074075 0.5380324074074074
21 0.7280902777777778 0.4876504629629629 0.07037037037037024 0.5344907407407409
1 0.11744791666666668 0.38092592592592595 0.06766782407407405 0.5101504629629628
33 0.8864930555555557 0.5193113425925926 0.07526620370370338 0.5487962962962962
21 0.4454803240740741 0.4632118055555555 0.06360532407407397 0.5520949074074075
1 0.04554976851851852 0.38309027777777777 0.059971064814814824 0.5175578703703704
6 0.3163715277777778 0.40344907407407404 0.06468171296296302 0.5193634259259259
6 0.18200810185185184 0.4111979166666667 0.06633680555555554 0.5256944444444445
11 0.5849016203703703 0.4802199074074074 0.06775462962962955 0.5687037037037037
33 0.9583680555555556 0.5155844907407408 0.07595486111111142 0.5425868055555556
16 0.3771527777777778 0.4425173611111111 0.0655555555555555 0.5256539351851852