1 0.05500000000000001 0.48335069444444445 0.08030092592592593 0.6035590277777778
1 0.19265046296296298 0.5351215277777778 0.06941550925925925 0.5258333333333333
1 0.12244791666666666 0.5155555555555555 0.08332754629629631 0.574045138888889
32 0.2572627314814815 0.5244270833333333 0.07061921296296295 0.5664583333333333
2 0.6552083333333334 0.5693229166666667 0.08548032407407398 0.646701388888889
32 0.3278761574074074 0.5314583333333334 0.08310763888888886 0.6192881944444444
32 0.39186921296296295 0.5262673611111112 0.08115740740740733 0.6324652777777778
2 0.7187905092592592 0.5766666666666667 0.08212384259259267 0.6387500000000002
2 0.7839351851851852 0.5839409722222222 0.08609953703703717 0.6412673611111112
34 0.5924537037037038 0.5635069444444445 0.0819212962962963 0.6582465277777777
34 0.5251041666666667 0.5610243055555555 0.08304398148148148 0.6434722222222223
0 0.848894675925926 0.5849652777777778 0.08177662037037052 0.6270312500000002
34 0.45910879629629625 0.5514409722222222 0.08416666666666668 0.6286979166666669
0 0.9144097222222222 0.6047395833333333 0.08421296296296318 0.6302604166666667
13 0.9706756365740741 0.61265625 0.05864872685185176 0.6582812499999999