35 0.2460474537037037 0.6766203703703704 0.07285879629629628 0.1143518518518519
37 0.5242476851851852 0.6120949074074075 0.07117476851851841 0.11189236111111107
39 0.4561863425925926 0.63046875 0.07458333333333336 0.11759259259259255
37 0.656087962962963 0.5835069444444445 0.07417824074074061 0.10978009259259273
39 0.38874421296296297 0.6456597222222222 0.07293981481481478 0.11591435185185191
37 0.5907870370370369 0.5946180555555556 0.0717939814814816 0.10882523148148149
39 0.31513310185185184 0.6628761574074075 0.06985532407407406 0.11646412037037024
35 0.10125000000000002 0.7124421296296296 0.08083333333333335 0.11805555555555572
35 0.1767476851851852 0.7013599537037037 0.07490740740740742 0.12384259259259256
41 0.7835358796296297 0.5458333333333333 0.06136574074074073 0.08781828703703702
41 0.7199189814814815 0.5591724537037036 0.06575810185185169 0.09748263888888893
17 0.9733506944444444 0.5110532407407408 0.053298611111111074 0.08865740740740743
17 0.8527835648148148 0.5352141203703704 0.05873842592592595 0.08217592592592596
17 0.9164814814814815 0.5234375 0.05947916666666657 0.0814525462962962