21 0.562037037037037 0.5280381944444444 0.06721643518518512 0.12560763888888893
21 0.4383449074074074 0.5289930555555555 0.06545138888888893 0.1215856481481481
21 0.4999421296296296 0.5312210648148149 0.06713541666666671 0.12404513888888893
27 0.6845717592592593 0.5347800925925925 0.06701388888888893 0.12170138888888893
24 0.622193287037037 0.532494212962963 0.06705439814814813 0.12248263888888893
30 0.7422222222222222 0.5359375 0.06549189814814813 0.12236689814814809
27 0.8037789351851853 0.5373842592592593 0.06627314814814796 0.12242476851851851
30 0.8643923611111111 0.5356481481481481 0.06705439814814831 0.12248263888888893
11 0.38057291666666665 0.5254918981481481 0.06701388888888893 0.12170138888888893
33 0.9260300925925925 0.5386574074074074 0.06931712962962991 0.12109375
6 0.3163888888888889 0.5184027777777779 0.058674768518518584 0.11096643518518512
1 0.25639467592592596 0.5170717592592593 0.054606481481481416 0.1075520833333334
24 0.19056712962962963 0.5083043981481481 0.054768518518518494 0.11067708333333322
24 0.13127314814814814 0.50546875 0.058217592592592605 0.11715856481481488
8 0.1859259259259259 0.2386863425925926 0.059253472222222214 0.10711805555555554
9 0.24838541666666664 0.24253472222222222 0.06434606481481478 0.11527777777777777