33 0.40836805555555555 0.46673032407407405 0.08071180555555557 0.11486689814814817
21 0.6724826388888889 0.3911574074074074 0.08177083333333321 0.12115740740740737
6 0.09663194444444444 0.5742881944444445 0.09489583333333333 0.1358680555555555
6 0.03581597222222222 0.6010706018518519 0.07163194444444444 0.1358680555555555
36 0.3254513888888889 0.5000173611111111 0.08748263888888888 0.12690972222222213
36 0.25967013888888885 0.5177488425925926 0.09156250000000003 0.1310185185185185
30 0.47329861111111116 0.4505208333333333 0.07868055555555564 0.12177662037037038
36 0.19368055555555555 0.540167824074074 0.09312500000000004 0.13109953703703708
24 0.6043576388888889 0.40876736111111106 0.07786458333333339 0.120954861111111
16 0.7366319444444445 0.3749074074074074 0.08581597222222222 0.12448495370370374
27 0.5354513888888889 0.42633680555555553 0.07527777777777764 0.1153645833333334
11 0.8113194444444444 0.35059027777777774 0.08805555555555564 0.12226273148148144
6 0.8740451388888889 0.33113425925925927 0.08244791666666665 0.11885416666666666
1 0.9426736111111111 0.31981481481481483 0.06154513888888893 0.10451967592592597