15 0.08982638888888889 0.7015625 0.06737847222222222 0.2560590277777777
15 0.1672048611111111 0.6280034722222222 0.06635416666666667 0.24510416666666668
15 0.24267361111111113 0.5701041666666666 0.06805555555555554 0.25138888888888894
0 0.3114409722222222 0.5326562499999999 0.06531250000000002 0.23336805555555565
0 0.38234375000000004 0.4693923611111111 0.06465277777777781 0.23881944444444442
0 0.4454340277777778 0.4414409722222222 0.062152777777777855 0.23173611111111114
0 0.5088888888888888 0.39708333333333334 0.056493055555555574 0.22302083333333336
29 0.5690277777777778 0.36138888888888887 0.052899305555555644 0.23699652777777783
29 0.6236111111111111 0.32972222222222225 0.053142361111111217 0.21279513888888885
29 0.6774131944444445 0.29807291666666663 0.05097222222222229 0.22055555555555556
5 0.7334027777777777 0.2734027777777778 0.046822916666666714 0.20953125000000003
5 0.7832638888888889 0.24340277777777777 0.0463020833333335 0.22123263888888892
5 0.8316319444444444 0.21031249999999999 0.051267361111111145 0.1986979166666667
32 0.8828993055555555 0.18730902777777778 0.0522743055555555 0.2088715277777778
32 0.931857638888889 0.1627951388888889 0.05369791666666686 0.20265624999999998