36 0.2089583333333333 0.7147916666666667 0.13248842592592594 0.10770833333333343
24 0.3932175925925926 0.03938802083333333 0.11337384259259257 0.07877604166666666
32 0.060538194444444436 0.27390625 0.11489583333333334 0.09875000000000007
4 0.37964699074074076 0.9214062500000001 0.12052662037037036 0.10223958333333343
29 0.1714351851851852 0.26729166666666665 0.11152777777777781 0.09385416666666666
33 0.06122685185185185 0.050416666666666665 0.11876157407407406 0.09822916666666667
23 0.3839351851851852 0.253125 0.10910300925925931 0.09213541666666672
28 0.255 0.4875 0.11461226851851851 0.09328125000000007
40 0.08149305555555555 0.725625 0.1325289351851852 0.10848958333333343
34 0.046077835648148144 0.5015625 0.09215567129629629 0.09828124999999996
10 0.6964351851851852 0.2322916666666667 0.10112847222222214 0.08848958333333332
1 0.931996527777778 0.022630208333333336 0.11539351851851834 0.04526041666666667
39 0.7049305555555556 0.6840624999999999 0.12944444444444442 0.10906249999999992
15 0.5917476851851852 0.23927083333333332 0.10589699074074073 0.09036458333333339
19 0.04886140046296296 0.9451562500000001 0.09772280092592592 0.10411458333333315
8 0.7233159722222222 0.9000520833333333 0.12212962962962966 0.103125
11 0.7149305555555555 0.029648437500000003 0.11403356481481489 0.059296875000000006
6 0.8210995370370371 0.026692708333333332 0.1139930555555555 0.053385416666666664
27 0.2847048611111111 0.042226562499999995 0.11337384259259257 0.08445312499999999
31 0.14558449074074073 0.4955729166666667 0.11321180555555559 0.09630208333333332
0 0.9104976851851851 0.21802083333333339 0.10737847222222215 0.08890624999999996
30 0.17368634259259258 0.0465234375 0.11411458333333332 0.093046875
35 0.831574074074074 0.6740625 0.13026620370370381 0.10989583333333322
17 0.5806597222222222 0.468125 0.1100462962962963 0.0953125
7 0.7987094907407407 0.45203125 0.11230902777777771 0.09390625000000004
21 0.49864583333333334 0.03565104166666667 0.11168981481481488 0.07130208333333334
16 0.6072395833333333 0.03147135416666667 0.11313078703703709 0.06294270833333333
41 0.582193287037037 0.6938020833333333 0.12784143518518504 0.10817708333333335
2 0.9078414351851851 0.4494270833333333 0.11152777777777771 0.09385416666666657
22 0.4744907407407407 0.4736458333333333 0.11230902777777771 0.09390625000000004
37 0.45965856481481476 0.6996354166666666 0.1255787037037038 0.10958333333333332
5 0.7996006944444445 0.2246354166666667 0.10112847222222232 0.08848958333333332
12 0.6892129629629629 0.4616666666666667 0.10918402777777772 0.09369791666666671
9 0.2655034722222222 0.9305729166666665 0.12056712962962965 0.10302083333333342
38 0.3330960648148148 0.7080729166666666 0.12940393518518523 0.10828124999999993
13 0.4967129629629629 0.9159375000000001 0.11822337962962966 0.10286458333333356
26 0.27838541666666666 0.26171875 0.10828125000000002 0.09130208333333334
20 0.487800925925926 0.24697916666666667 0.10429398148148153 0.08947916666666664
14 0.15074074074074073 0.9366666666666668 0.12138888888888891 0.10385416666666672
3 0.8334317129629628 0.8934895833333332 0.11822337962962948 0.10286458333333356
18 0.6093344907407408 0.9060937499999999 0.12208912037037045 0.10234375
25 0.36593749999999997 0.48010416666666667 0.10075231481481488 0.09624999999999986