23 0.8596244703125 0.36908462656249996 0.8248784140625001 0.2935732140625 0.7505122531249999 0.34786910625 0.7828205328125 0.42626912499999997 0.8596244703125 0.36908462656249996
23 0.598299159375 0.12430941250000001 0.5362413859374999 0.1045750046875 0.5180622406250001 0.21426496093749997 0.5819731 0.234469871875 0.598299159375 0.12430941250000001
23 0.748488684375 0.27462744843750003 0.697337325 0.2270718765625 0.6465522906250001 0.314453646875 0.699414359375 0.3644178234375 0.748488684375 0.27462744843750003
20 0.24935382499999997 0.5054062453125 0.2520542171875 0.41756820625 0.17277261875 0.416624328125 0.167723803125 0.4977060546875 0.24935382499999997 0.5054062453125
15 0.381787428125 0.658523321875 0.3267059203125 0.5709650093749999 0.2813031390625 0.6226830734375 0.3348393578125 0.714250440625 0.381787428125 0.658523321875
10 0.5988042890624999 0.3251803828125 0.5205146484375 0.3572415015625 0.54023395 0.4375834296875 0.6218631 0.40439640624999995 0.5988042890624999 0.3251803828125
30 0.445602125 0.3239280109375 0.3810559359375 0.30513256875 0.3641405765625 0.41437208124999997 0.4306051953125 0.4326042671875 0.445602125 0.3239280109375
30 0.5218335453125 0.32090879375000003 0.45823054687500003 0.30495558906250003 0.4421913359375 0.4153451203125 0.507064546875 0.43538415312499995 0.5218335453125 0.32090879375000003
30 0.7173029375 0.40558135625 0.6302334765625 0.41062512343749996 0.6364507406250001 0.4984830390625 0.724450684375 0.49096444687499996 0.7173029375 0.40558135625
27 0.8835351671874999 0.4628182609375 0.8488495359374999 0.3878927953125 0.7735852890625 0.4424031734375 0.8079912437500001 0.5227913265625 0.8835351671874999 0.4628182609375
1 0.8246223593750001 0.5354350953125 0.75916989375 0.5092704609375 0.73903553125 0.6197499078125001 0.80411635625 0.6462444781250001 0.8246223593750001 0.5354350953125
1 0.299025146875 0.1147419421875 0.319812771875 0.1887263671875 0.39871134218750004 0.1538985640625 0.376483046875 0.07716203125 0.299025146875 0.1147419421875
34 0.502749546875 0.251103365625 0.46558126875 0.18686123125 0.4010400625 0.25098739999999997 0.4386524953125 0.31754354687499997 0.502749546875 0.251103365625
28 0.6985732578125 0.2144860890625 0.6290369124999999 0.1449600078125 0.5908127171875 0.2125845171875 0.6592769281249999 0.2794397078125 0.6985732578125 0.2144860890625
28 0.6154200234375 0.5144554234375 0.6040823328125 0.6009406765625 0.6907913859375 0.626192734375 0.70056756875 0.5392622968749999 0.6154200234375 0.5144554234375
28 0.52047856875 0.6296371953125 0.45646284687499994 0.6242456015625 0.452864671875 0.7440224640624999 0.5192555890625 0.74755495625 0.52047856875 0.6296371953125
28 0.533351440625 0.43632523437500004 0.4732080515625 0.4618302109375 0.502405021875 0.5693586125000001 0.564238378125 0.5400465078125001 0.533351440625 0.43632523437500004
17 0.8258855875 0.7239677828125 0.7858580875000001 0.6470466781249999 0.716977940625 0.708109425 0.7547435234375001 0.7864833359375 0.8258855875 0.7239677828125
12 0.9294205015625 0.5823844328125001 0.885417771875 0.51302775625 0.8185605171875 0.58154800625 0.8618533890625001 0.6537594734375001 0.9294205015625 0.5823844328125001
7 0.5550645046875 0.7744711203125 0.5042757812499999 0.8263244640625 0.5563067484374999 0.9237373124999999 0.6087949703125 0.872568153125 0.5550645046875 0.7744711203125
2 0.5229179765625 0.6519017375 0.5229399921875 0.740937603125 0.610443375 0.7473917921875 0.610016240625 0.6607469 0.5229179765625 0.6519017375
41 0.4066431453125 0.8872696484375 0.3597493421875 0.787683365625 0.30548755 0.8336243718749999 0.3530702234375 0.9327415765625 0.4066431453125 0.8872696484375
41 0.20355858124999998 0.678437034375 0.239018546875 0.7515206125 0.3064459921875 0.68303965625 0.2697076015625 0.6135282609375 0.20355858124999998 0.678437034375
39 0.5728922875 0 0.5274001421875 0.038371164062500004 0.5606847203124999 0.1066073609375 0.6307953796875 0.0484856921875 0.6072569999999999 0 0.5728922875 0
36 0.3207274015625 0.428512428125 0.2572429859375 0.424407771875 0.25491511875 0.5360966359375 0.31958447031250004 0.540765165625 0.3207274015625 0.428512428125
38 0.45218482499999996 0.7810612265625 0.394913890625 0.689909659375 0.3473921203125 0.745544825 0.402840359375 0.8380548171875001 0.45218482499999996 0.7810612265625
38 0.4864933265625 0.5242060734375 0.43757496875 0.46872210625 0.38168555937500004 0.5515372078125 0.43038039687499996 0.608382846875 0.4864933265625 0.5242060734375
13 0.6892156609375 0.807293840625 0.6218746046875 0.8033323671874999 0.62208669375 0.9240555046875001 0.6898968046875 0.9271800875 0.6892156609375 0.807293840625