21 0.06640625 0.6140625 0.06875 0.35546875
0 0.24609375 0.25078125 0.05625 0.31640625
32 0.31171875 0.240625 0.06015625 0.3296875
2 0.378125 0.215625 0.06328125 0.2796875
33 0.44375 0.23671875 0.05703125 0.28828125
35 0.50703125 0.22890625 0.05859375 0.2890625
39 0.56953125 0.22265625 0.0609375 0.29375
41 0.6296875 0.2203125 0.05 0.2734375
37 0.6921875 0.23125 0.06328125 0.29453125
36 0.75625 0.19921875 0.06171875 0.2546875
40 0.8203125 0.2359375 0.05625 0.26953125
38 0.88125 0.23515625 0.0578125 0.28515625
36 0.9484375 0.184375 0.0640625 0.3015625