2 0.9629340277777778 0.41651041666666666 0.06810185185185205 0.7604166666666666
34 0.8957465277777779 0.5265104166666666 0.06004629629629647 0.7270833333333334
41 0.8351967592592594 0.4773958333333333 0.06494791666666658 0.7563020833333333
39 0.772511574074074 0.4565625 0.06743634259259253 0.7759895833333333
35 0.7106481481481481 0.4411458333333334 0.06346064814814803 0.7663541666666667
0 0.6486921296296296 0.41322916666666665 0.057800925925925915 0.7402083333333331
36 0.5861863425925925 0.41661458333333334 0.061556712962962834 0.7201562499999999
37 0.5246122685185185 0.44026041666666665 0.060277777777777784 0.7583333333333332
40 0.46359953703703705 0.4341666666666667 0.06154513888888893 0.7185937499999999
1 0.40016782407407414 0.4180729166666667 0.05840277777777771 0.7160416666666667
1 0.3394907407407407 0.4572916666666667 0.06168981481481488 0.7381249999999999
33 0.2795138888888889 0.4855208333333333 0.06105324074074074 0.7576041666666666
32 0.22174768518518517 0.4956250000000001 0.05873263888888891 0.7605729166666666
38 0.1609085648148148 0.51296875 0.0610474537037037 0.7568229166666667
4 0.10075231481481481 0.5169791666666667 0.06162037037037038 0.7287500000000001
14 0.03773726851851852 0.4516145833333334 0.06245949074074073 0.7366145833333333