7 0.9153645833333333 0.42803240740740744 0.08151041666666643 0.5319328703703704
7 0.8420833333333333 0.42460069444444437 0.084375 0.5280729166666667
7 0.7727604166666666 0.42044560185185187 0.08609375000000004 0.507025462962963
12 0.6998958333333334 0.422494212962963 0.09052083333333324 0.5148958333333333
17 0.62796875 0.4456712962962963 0.09203125000000015 0.5492592592592592
25 0.5586979166666667 0.4407349537037037 0.09213541666666672 0.5274074074074073
25 0.4914583333333333 0.4170601851851852 0.09494791666666665 0.5578877314814814
25 0.42666666666666664 0.41531828703703705 0.09161458333333332 0.5430092592592592
37 0.35791666666666666 0.4260300925925926 0.09692708333333329 0.5524537037037037
37 0.2901041666666667 0.4109490740740741 0.09312500000000004 0.4954224537037037
37 0.22505208333333332 0.4013831018518519 0.09052083333333334 0.47977430555555556
38 0.15776041666666668 0.40195023148148146 0.09619791666666666 0.5298090277777778
38 0.08854166666666667 0.38450231481481484 0.09291666666666668 0.5040046296296297
38 0.040716145833333335 0.3422164351851852 0.08143229166666667 0.525167824074074