40 0.11015625 0.56796875 0.059375 0.61171875
40 0.17109375 0.57578125 0.0578125 0.62734375
40 0.23359375 0.57421875 0.06171875 0.63125
37 0.29765625 0.57421875 0.06171875 0.63203125
37 0.3609375 0.57421875 0.0625 0.6546875
37 0.4234375 0.575 0.06015625 0.64140625
41 0.4859375 0.57265625 0.06328125 0.61328125
41 0.553125 0.5609375 0.0640625 0.628125
41 0.61796875 0.55546875 0.06328125 0.6328125
36 0.68515625 0.59375 0.06875 0.63984375
36 0.75390625 0.6046875 0.06796875 0.64609375
38 0.82265625 0.61171875 0.06796875 0.65234375
38 0.89140625 0.609375 0.06640625 0.6640625
38 0.959375 0.61171875 0.06640625 0.659375
4 0.04609375 0.57265625 0.0625 0.60546875