1 0.05918402777777778 0.5395833333333333 0.09088541666666665 0.6229687499999998
33 0.12442708333333333 0.5290451388888888 0.08739583333333334 0.6322280092592593
0 0.18770833333333334 0.527170138888889 0.0870138888888889 0.6236342592592592
32 0.2500173611111111 0.5386226851851852 0.0890625 0.6346180555555556
2 0.30960069444444444 0.5063483796296296 0.08838541666666666 0.6369386574074074
34 0.3722395833333333 0.5076215277777777 0.09060763888888887 0.6518287037037037
38 0.4379513888888889 0.5252314814814815 0.09296875 0.6347337962962964
40 0.5023090277777778 0.5123726851851853 0.08800347222222235 0.6283449074074074
40 0.5670659722222222 0.526099537037037 0.09338541666666664 0.6441087962962964
36 0.6330034722222223 0.5311863425925927 0.09166666666666679 0.6581018518518519
35 0.7008854166666667 0.5448206018518518 0.09354166666666668 0.6651793981481481
37 0.7692708333333333 0.5521817129629629 0.09364583333333325 0.6675231481481481
41 0.8373784722222222 0.5532928240740741 0.09387152777777778 0.69015625
39 0.9073263888888888 0.5606076388888889 0.09144097222222243 0.6705787037037038
4 0.9636675347222223 0.5601099537037038 0.07266493055555542 0.7043576388888889