5 0.20247106481481483 0.5806597222222223 0.04714120370370374 0.06272569444444435
22 0.36928240740740736 0.6234548611111111 0.05732060185185191 0.06373263888888889
22 0.5974884259259259 0.6785590277777779 0.06212384259259274 0.06774305555555564
12 0.48184606481481485 0.6501909722222222 0.05745949074074073 0.0684201388888889
5 0.25522569444444443 0.5943402777777778 0.048819444444444395 0.06666666666666679
5 0.1480613425925926 0.5700694444444444 0.049577546296296314 0.06590277777777782
38 0.04089699074074075 0.5457986111111112 0.04941550925925926 0.06043402777777764
25 0.42442708333333334 0.635625 0.061388888888888896 0.06928819444444442
17 0.3118171296296296 0.6104513888888888 0.05729745370370374 0.06295138888888889
17 0.5385069444444445 0.6639583333333333 0.06134259259259256 0.06772569444444443
31 0.7185532407407408 0.7086111111111111 0.06377893518518522 0.07090277777777772
38 0.09372106481481482 0.5571354166666667 0.05104745370370369 0.06281250000000008
31 0.6572048611111111 0.6947395833333333 0.06297453703703688 0.07010416666666668