40 0.08430555555555555 0.4929398148148148 0.06413194444444444 0.10923032407407404
40 0.14993055555555554 0.4953703703703704 0.0625 0.10760995370370381
40 0.2140625 0.49930555555555556 0.06182291666666666 0.10992476851851851
29 0.28043402777777776 0.5009837962962964 0.06090277777777775 0.10677083333333322
29 0.34765625 0.5042534722222222 0.06501736111111107 0.11160300925925917
29 0.41494791666666664 0.509085648148148 0.05859375 0.10746527777777785
20 0.4805381944444445 0.5107349537037037 0.06317708333333343 0.10529513888888893
15 0.5477256944444445 0.5132233796296296 0.06630208333333343 0.10541087962962976
10 0.6165104166666667 0.516550925925926 0.06317708333333343 0.10529513888888893
5 0.6821006944444445 0.5182002314814815 0.06239583333333343 0.10526620370370363
5 0.7540451388888889 0.5224247685185185 0.06307291666666667 0.10295138888888893
5 0.8205208333333334 0.5264467592592592 0.0639930555555555 0.10610532407407405
0 0.890798611111111 0.528269675925926 0.068107638888889 0.1109375
0 0.9642013888888888 0.5302083333333334 0.05991319444444443 0.1020543981481481