27 0.25546875 0.5995833333333334 0.0859375 0.15381944444444445
24 0.34453125 0.595625 0.08671875 0.15463541666666672
11 0.52265625 0.4338020833333333 0.08515625 0.15300347222222221
30 0.16796875 0.6011284722222222 0.08359375 0.15059027777777773
30 0.434375 0.5900694444444444 0.08671875 0.15463541666666672
27 0.5234375 0.5868923611111111 0.08671875 0.15463541666666672
24 0.61171875 0.5845312500000001 0.08671875 0.15619791666666671
24 0.70078125 0.5813541666666666 0.08984375 0.15711805555555552
21 0.79140625 0.5765451388888889 0.0890625 0.15552083333333327
16 0.88125 0.5702083333333333 0.08828125 0.15236111111111103
6 0.3453125 0.4416840277777778 0.08828125 0.1554861111111112
6 0.43515625 0.4361284722222222 0.0859375 0.15225694444444446
6 0.61015625 0.43069444444444444 0.08828125 0.15392361111111103
1 0.7 0.4259201388888889 0.0890625 0.1547395833333333