38 0.9506076388888889 0.5577835648148148 0.048645833333333145 0.07667824074074084
38 0.8779513888888889 0.5550925925925926 0.05890625000000007 0.07939814814814809
37 0.8067187499999999 0.5493344907407407 0.06026041666666657 0.07476851851851851
37 0.7333159722222222 0.5473958333333334 0.0595833333333335 0.07708333333333321
37 0.6636458333333334 0.541695601851852 0.0586631944444445 0.0739293981481481
29 0.5979166666666667 0.5369212962962964 0.05744791666666664 0.08168402777777786
29 0.5305555555555556 0.5305266203703705 0.05802083333333332 0.07702546296296298
29 0.46244791666666674 0.5248842592592593 0.05890625000000007 0.07939814814814809
25 0.3990972222222222 0.5209780092592593 0.05322916666666675 0.0745081018518519
25 0.3365625 0.5178819444444445 0.05791666666666666 0.07468171296296297
25 0.2701215277777778 0.5146412037037036 0.06121527777777782 0.0787037037037038
36 0.2036458333333333 0.510619212962963 0.052743055555555605 0.0635706018518519
36 0.13859375000000002 0.5035300925925925 0.05529513888888889 0.06834490740740726
36 0.07517361111111112 0.49806134259259255 0.058802083333333324 0.0770543981481481