19 0.1339409734375 0.38437381406250004 0.0623852390625 0.38671663125 0.025266821875 0.45309533125 0.10111174062499999 0.45216055937500005 0.1339409734375 0.38437381406250004
34 0.35679130625 0.3850646125 0.28257291875 0.38601998125 0.26008926718750003 0.4537067828125 0.3420222046875 0.45459450625000003 0.35679130625 0.3850646125
31 0.2806840296875 0.3867577875 0.20859279531250002 0.3881335359375 0.1822205640625 0.4539948359375 0.25864394687500003 0.45586441874999994 0.2806840296875 0.3867577875
28 0.2074161578125 0.38768378281250004 0.13380048125 0.38843337187500004 0.10090106406249999 0.45492375625000003 0.18081831406249999 0.45534116874999997 0.2074161578125 0.38768378281250004
25 0.33316516093750004 0.455958471875 0.25784028281250004 0.455776215625 0.23452848906249998 0.536811659375 0.317986684375 0.5371879578125001 0.33316516093750004 0.455958471875
25 0.2572100953125 0.45609664843750003 0.1775638203125 0.456875653125 0.1456761171875 0.5414767796875 0.23245319687500002 0.5385254328125 0.2572100953125 0.45609664843750003
25 0.17669798125 0.4576869546875 0.0977731609375 0.45700789531249997 0.057531081250000005 0.5409917625 0.144874703125 0.5415532 0.17669798125 0.4576869546875
12 0.3155309140625 0.5375612890625 0.22894748437499998 0.53840200625 0.2023410265625 0.6338501812499999 0.2976090234375 0.6317513359375 0.3155309140625 0.5375612890625
12 0.2287879109375 0.5406301703125 0.14010483437500001 0.54272316875 0.106550184375 0.63591673125 0.2014153796875 0.6346321109375 0.2287879109375 0.5406301703125
12 0.137838925 0.54421941875 0.053470048437499994 0.541620846875 0.0104073921875 0.6378362859375 0.1045270484375 0.6367162921875 0.137838925 0.54421941875
36 0.902742975 0.45737241093750003 0.8195352890625 0.45843361875 0.8417033484375 0.5419941374999999 0.9353839875000001 0.5412063593750001 0.902742975 0.45737241093750003
36 0.8184583812499999 0.45658755781249993 0.73247133125 0.4564229328125 0.7476929140624999 0.5420382609375001 0.840829621875 0.5404420640625001 0.8184583812499999 0.45658755781249993
36 0.732838675 0.4597476109375 0.6504260140625 0.4600003984375 0.6549801640624999 0.5445545187499999 0.7484156796875 0.5436050421874999 0.732838675 0.4597476109375
22 0.6489439906250001 0.4639335640625 0.5670363953125 0.46375719687499994 0.564904253125 0.54642999375 0.6542668453125 0.5463212328125 0.6489439906250001 0.4639335640625
22 0.5660841375000001 0.46510353125000004 0.482980184375 0.4641452359375 0.4758273328125 0.5480114828125 0.5633960078125 0.548737546875 0.5660841375000001 0.46510353125000004