33 0.895619212962963 0.6239236111111112 0.10236689814814817 0.1613483796296297
33 0.8043055555555554 0.6227777777777778 0.10011574074074048 0.16284143518518518
33 0.7106481481481481 0.6215625 0.10590856481481481 0.1684722222222222
30 0.6146006944444444 0.6194965277777778 0.10434606481481482 0.16842592592592603
27 0.5192418981481481 0.6158912037037038 0.10420717592592581 0.16608217592592603
24 0.42397569444444444 0.6138483796296296 0.10351851851851848 0.16762152777777786
21 0.32723958333333336 0.6133217592592592 0.10508101851851848 0.16766782407407418
16 0.22894097222222226 0.6127488425925925 0.10328703703703698 0.16371527777777786
16 0.700144675925926 0.45747685185185183 0.1031944444444445 0.16215277777777787
16 0.6056134259259259 0.45467592592592593 0.10232060185185184 0.16056712962962968
11 0.12972222222222224 0.6098090277777778 0.10250578703703703 0.1636921296296297
11 0.5103935185185186 0.4534143518518519 0.1031944444444445 0.16215277777777787
6 0.4150347222222222 0.4498090277777777 0.10392939814814817 0.16139467592592602
1 0.3197222222222222 0.4469849537037037 0.10259837962962966 0.1652546296296297