40 0.884837962962963 0.6045138888888889 0.05817708333333336 0.09960069444444457
32 0.8205439814814814 0.6098437499999999 0.06065972222222236 0.10199652777777786
32 0.7586863425925927 0.6135590277777778 0.05900462962962969 0.10039930555555543
0 0.6896585648148148 0.6197743055555556 0.06190393518518533 0.10982638888888889
34 0.6247685185185186 0.6219965277777778 0.06300347222222218 0.10204861111111115
2 0.555144675925926 0.6251041666666667 0.06516203703703702 0.09897569444444443
37 0.48289930555555555 0.6329513888888888 0.06089120370370367 0.10590277777777786
41 0.4134143518518519 0.6337152777777778 0.06194444444444436 0.09734374999999992
39 0.3404803240740741 0.6400173611111111 0.06148726851851851 0.10279513888888889
35 0.2665798611111111 0.6494618055555555 0.06167245370370367 0.10592013888888889
36 0.19608217592592594 0.6541493055555556 0.06415509259259262 0.10831597222222218
1 0.11786458333333334 0.6574479166666667 0.06548611111111109 0.10444444444444442
1 0.040289351851851854 0.6630729166666667 0.06383101851851851 0.10284722222222217