9 0.12041666666666666 0.45196759259259256 0.0587847222222222 0.09623842592592595
22 0.18182291666666667 0.4403645833333334 0.04803819444444444 0.08220486111111107
22 0.2425173611111111 0.43038194444444444 0.049392361111111074 0.0776331018518519
22 0.3076736111111111 0.4326099537037037 0.048958333333333395 0.08538773148148149
41 0.3648958333333333 0.4150462962962963 0.04779513888888891 0.07673611111111107
41 0.42789930555555555 0.40410879629629626 0.04623263888888882 0.07662037037037042
41 0.4877604166666667 0.4106481481481481 0.04925347222222225 0.0745081018518519
12 0.5475347222222222 0.39759837962962963 0.05326388888888882 0.07714120370370373
12 0.6066666666666667 0.3877314814814815 0.05407986111111107 0.07798032407407404
12 0.6666840277777778 0.38015046296296295 0.055746527777777645 0.0804398148148148
31 0.72890625 0.3692708333333333 0.05151041666666671 0.09024884259259255
31 0.7873263888888888 0.36102430555555554 0.05116319444444439 0.08243634259259255
31 0.8432638888888888 0.34982638888888884 0.051059027777778 0.08009259259259256
40 0.9041666666666668 0.34453125 0.05038194444444457 0.08237847222222223
40 0.9648263888888888 0.3337673611111111 0.05385416666666672 0.09042245370370372