0 0.8988831018518517 0.6073784722222222 0.06004050925925952 0.09116319444444443
0 0.8348321759259261 0.6075173611111111 0.053790509259259524 0.09102430555555543
0 0.7731481481481481 0.6108333333333332 0.055353009259259345 0.09105902777777786
24 0.7122453703703704 0.6141666666666667 0.05538194444444446 0.09496527777777786
24 0.6513368055555555 0.61671875 0.05382523148148142 0.09571180555555561
21 0.5872685185185185 0.6145138888888889 0.05219907407407405 0.08708333333333336
21 0.5263657407407407 0.6178472222222222 0.05458912037037038 0.09338541666666664
21 0.4623206018518518 0.6187673611111111 0.05146990740740733 0.09409722222222214
28 0.4014236111111112 0.6228819444444444 0.052251157407407336 0.09411458333333336
28 0.34127314814814813 0.6223263888888889 0.053043981481481414 0.09569444444444439
28 0.2803703703703704 0.6256597222222222 0.04837384259259263 0.09793402777777782
30 0.2202430555555556 0.6282291666666666 0.049855324074074045 0.08703125000000007
30 0.15542245370370372 0.6299131944444445 0.04675347222222222 0.09008680555555557
30 0.09450231481481482 0.6309027777777778 0.049131944444444464 0.09482638888888886