4 0.951064814814815 0.5566666666666666 0.05282407407407419 0.08859375000000007
3 0.8955960648148149 0.55296875 0.048159722222222 0.08984375
36 0.8385879629629629 0.5507291666666667 0.048825231481481525 0.08208333333333329
36 0.782349537037037 0.5477604166666666 0.04730902777777786 0.08510416666666672
36 0.7269039351851851 0.545625 0.046527777777777855 0.08505208333333343
37 0.6682870370370371 0.5401562500000001 0.046481481481481526 0.08192708333333343
37 0.6112905092592593 0.5386979166666667 0.04732060185185176 0.08588541666666671
37 0.5573726851851852 0.5343229166666668 0.04574652777777786 0.08500000000000014
37 0.5018923611111111 0.5298437500000001 0.04405671296296294 0.07630208333333321
24 0.44645833333333335 0.5284895833333334 0.04409143518518519 0.07864583333333322
24 0.3925636574074074 0.5256770833333333 0.04570023148148143 0.08187499999999996
16 0.33708333333333335 0.5211979166666667 0.04565393518518519 0.07874999999999996
16 0.27927083333333336 0.51734375 0.05041087962962969 0.08374999999999985
16 0.22382523148148148 0.5152083333333334 0.0441608796296296 0.08333333333333322
30 0.16832175925925927 0.5091666666666667 0.04490740740740744 0.08104166666666668
30 0.11288773148148148 0.5078125 0.04732060185185185 0.08588541666666671
30 0.06129050925925926 0.50203125 0.044918981481481476 0.08182291666666668