3 0.9791883680555555 0.5517881944444445 0.04162326388888893 0.08398726851851848
34 0.9261284722222222 0.5563657407407407 0.06030092592592595 0.08145833333333333
34 0.8603414351851851 0.5571296296296296 0.054172453703703737 0.08343171296296284
34 0.7992013888888889 0.5568344907407408 0.051006944444444355 0.08246527777777786
2 0.7392476851851851 0.5643055555555556 0.04697916666666657 0.07989004629629619
2 0.677488425925926 0.5671817129629629 0.05166666666666657 0.08016782407407401
2 0.618894675925926 0.5706539351851851 0.049120370370370384 0.0761226851851852
31 0.5619039351851851 0.5748148148148149 0.04467592592592595 0.08053240740740755
28 0.5031886574074074 0.5759432870370371 0.04924189814814817 0.07846643518518519
25 0.4530671296296296 0.5765625 0.043813657407407544 0.07892361111111104
7 0.39076967592592593 0.5841724537037036 0.042708333333333307 0.07262731481481488
7 0.3444328703703704 0.5822164351851852 0.04385416666666666 0.07970486111111122
25 0.28271412037037036 0.5858738425925927 0.05068287037037038 0.07621527777777785
22 0.23509837962962962 0.5894791666666667 0.048258101851851885 0.07451388888888885
17 0.17276041666666667 0.5963078703703704 0.0497395833333333 0.07304398148148153