4 0.94140625 0.7774016203703704 0.05234375 0.10038773148148153
27 0.88203125 0.7762789351851851 0.0546875 0.09962384259259256
27 0.82421875 0.775144675925926 0.053125 0.10195601851851847
27 0.7640625 0.7748090277777778 0.05078125 0.10037615740740743
21 0.70390625 0.7768171296296297 0.05 0.1003703703703703
16 0.6421875 0.7772743055555555 0.053125 0.10273726851851847
11 0.58359375 0.7777083333333333 0.0515625 0.09960069444444457
37 0.5265625 0.775787037037037 0.0515625 0.09881944444444439
37 0.465625 0.7778009259259259 0.04921875 0.09723958333333335
37 0.4046875 0.7759085648148148 0.04765625 0.09879050925925928
21 0.3484375 0.7739814814814814 0.04921875 0.09411458333333336
21 0.2875 0.7775578703703705 0.046875 0.09722222222222214
24 0.228125 0.7787789351851852 0.04453125 0.0956423611111111
21 0.16953125 0.7792129629629629 0.04609375 0.0956539351851852
16 0.11015625 0.7780902777777777 0.04375 0.09563657407407397