40 0.8422048611111113 0.2288773148148148 0.05803819444444471 0.09082754629629637
40 0.790162037037037 0.24291087962962962 0.05886574074074069 0.0924479166666667
40 0.7322569444444443 0.24406828703703703 0.054913194444444355 0.09059606481481489
35 0.5889293981481482 0.40109953703703705 0.05542245370370367 0.10778356481481488
35 0.5246180555555555 0.42387152777777776 0.05648148148148149 0.11721643518518512
33 0.45734375 0.45234375 0.06289351851851847 0.12314814814814809
33 0.38643518518518516 0.4638599537037037 0.06379050925925922 0.1271122685185185
33 0.31244791666666666 0.47717013888888893 0.06932870370370373 0.12986111111111107
30 0.6821469907407407 0.2704861111111111 0.05142361111111118 0.10436921296296298
30 0.6284259259259259 0.2807291666666667 0.045815972222222355 0.09927662037037041
30 0.5667997685185184 0.2884259259259259 0.045219907407407334 0.10546875
30 0.5086226851851852 0.30682870370370374 0.060063657407407336 0.10656828703703702
6 0.44651620370370376 0.3247395833333333 0.056157407407407336 0.10627893518518512
6 0.3794212962962963 0.3328414351851852 0.0625694444444445 0.1122106481481481
6 0.3061921296296296 0.3453125 0.06659143518518515 0.11640625
19 0.14391782407407408 0.3385416666666667 0.06436342592592595 0.12013888888888893
3 0.06484953703703704 0.33891782407407406 0.06907407407407407 0.12126736111111107
18 0.22201967592592592 0.33197337962962964 0.06686921296296297 0.12578125