8 0.04199652777777778 0.4555092592592592 0.03877893518518518 0.07007523148148138
13 0.09050347222222223 0.4538831018518518 0.04266203703703704 0.06935185185185197
33 0.14367476851851851 0.4531076388888889 0.044936342592592604 0.06704282407407405
33 0.1928240740740741 0.4561805555555555 0.04041087962962964 0.07244212962962955
33 0.24429398148148146 0.4600694444444445 0.04192708333333339 0.07090277777777772
33 0.30063657407407407 0.45777777777777773 0.047233796296296225 0.0655150462962963
15 0.35304976851851855 0.4562094907407408 0.04183449074074073 0.06777777777777771
15 0.4093460648148149 0.45548032407407407 0.041741898148148236 0.06465277777777771
15 0.4616666666666667 0.457037037037037 0.04417824074074091 0.06781249999999997
10 0.5209953703703704 0.45947916666666666 0.05033564814814824 0.06478009259259263
10 0.5788310185185186 0.45955439814814814 0.04831597222222221 0.07568287037037039
10 0.6373784722222222 0.46198495370370374 0.05206018518518522 0.07027199074074061
20 0.699212962962963 0.4589930555555556 0.05137152777777772 0.07338541666666672
20 0.7601041666666667 0.4614583333333334 0.0512094907407409 0.06791666666666671
20 0.8226736111111113 0.46004050925925927 0.056817129629629905 0.07268518518518512
26 0.8891261574074074 0.45946180555555555 0.05916087962962955 0.07271990740740737
26 0.9553935185185185 0.4651331018518519 0.054427083333333216 0.07108796296296305