3 0.1734375 0.54296875 0.06328125 0.1171875
1 0.37109375 0.37421875 0.06484375 0.1125
1 0.44296875 0.37421875 0.06328125 0.1125
24 0.51171875 0.375 0.0625 0.10625
27 0.58046875 0.3765625 0.059375 0.1078125
30 0.65 0.378125 0.0625 0.11015625
30 0.24921875 0.54453125 0.059375 0.1109375
30 0.325 0.54296875 0.0640625 0.1125
30 0.4 0.54296875 0.06015625 0.10859375
35 0.47578125 0.540625 0.0578125 0.103125
35 0.54765625 0.53828125 0.0578125 0.10390625
35 0.61796875 0.5375 0.06015625 0.10546875
21 0.69375 0.540625 0.05859375 0.10625
21 0.76796875 0.54140625 0.06328125 0.1078125
21 0.84296875 0.5390625 0.065625 0.11015625