8 0.8903587962962962 0.4651331018518519 0.04748842592592588 0.08420138888888892
41 0.8388252314814814 0.47056712962962965 0.044299768518518336 0.07551504629629627
41 0.7896122685185185 0.4728067129629629 0.04117476851851869 0.0754224537037036
41 0.7365162037037037 0.47828703703703707 0.04586226851851851 0.07556134259259259
41 0.6880844907407407 0.4805034722222222 0.04038773148148138 0.07461805555555542
23 0.6381018518518518 0.4843287037037037 0.040439814814814665 0.08164930555555543
23 0.5873206018518518 0.48583333333333334 0.038825231481481384 0.07457175925925927
23 0.5349999999999999 0.49050925925925937 0.04198495370370381 0.07935185185185176
0 0.48578124999999994 0.4919675925925926 0.04117476851851851 0.07542245370370378
0 0.437337962962963 0.4926215277777778 0.04429398148148138 0.07473379629629626
0 0.38733217592592595 0.49332175925925925 0.04039351851851851 0.0753993055555556
0 0.33422453703703703 0.49723958333333335 0.04502893518518523 0.06850694444444443
15 0.2811284722222222 0.5027199074074075 0.04429976851851851 0.07551504629629627
15 0.23191550925925924 0.5049594907407406 0.04351851851851851 0.07549189814814809
15 0.18271412037037038 0.5087615740740741 0.04193865740740739 0.07310185185185177
20 0.13425347222222223 0.5070717592592592 0.0443113425925926 0.07707754629629626
20 0.08427083333333332 0.5108969907407407 0.0458912037037037 0.07946759259259259