40 0.16030092592592593 0.5205555555555555 0.06467013888888888 0.10396990740740737
40 0.22201967592592595 0.5214699074074074 0.06377314814814809 0.10239583333333328
40 0.2845775462962963 0.5231770833333333 0.06550925925925935 0.10476273148148145
41 0.34803240740740743 0.5264583333333334 0.06623263888888893 0.10399305555555553
41 0.4090856481481482 0.5289236111111111 0.06539351851851852 0.10320023148148146
41 0.4723668981481481 0.5298611111111111 0.06472800925925917 0.10475115740740755
31 0.5334780092592593 0.5331076388888889 0.06467013888888892 0.10396990740740755
31 0.5951967592592593 0.5340219907407407 0.06304976851851851 0.1031655092592592
31 0.6563078703703704 0.5372685185185185 0.06840277777777785 0.10168402777777778
28 0.7195891203703704 0.5382060185185186 0.06779513888888893 0.10401620370370371
25 0.7821469907407407 0.5399131944444444 0.06701388888888893 0.10400462962962961
7 0.8438657407407408 0.5408275462962963 0.06634837962962976 0.10555555555555554
7 0.9072627314814815 0.5433275462962963 0.06455439814814809 0.10240740740740736
7 0.9697627314814815 0.5442650462962962 0.06047453703703702 0.10002893518518512