38 0.8828125 0.49296875 0.05078125 0.09375
38 0.825 0.4921875 0.0515625 0.09609375
36 0.7671875 0.49140625 0.0546875 0.096875
36 0.709375 0.48984375 0.0546875 0.096875
36 0.65 0.4890625 0.0546875 0.0984375
40 0.590625 0.4890625 0.053125 0.1
40 0.5328125 0.4890625 0.05625 0.09609375
40 0.4734375 0.4890625 0.05625 0.09921875
31 0.4140625 0.4890625 0.05703125 0.09765625
31 0.353125 0.48828125 0.05546875 0.09921875
31 0.290625 0.4859375 0.0578125 0.09453125
30 0.22890625 0.4875 0.0578125 0.10078125
30 0.16640625 0.48515625 0.05078125 0.10078125
30 0.10546875 0.4859375 0.0546875 0.10234375