8 0.11267361111111111 0.51125 0.04642361111111111 0.08812499999999997
13 0.16274305555555557 0.5047916666666667 0.04718749999999998 0.08739583333333342
18 0.21428819444444444 0.5021354166666667 0.04720486111111111 0.08817708333333343
15 0.2642534722222222 0.5003645833333333 0.041597222222222285 0.08156250000000007
20 0.31585069444444447 0.4953645833333333 0.04559027777777782 0.0857291666666665
23 0.3666145833333333 0.4927604166666667 0.04472222222222229 0.08177083333333339
0 0.4174479166666667 0.4870312500000001 0.044652777777777784 0.07864583333333322
5 0.46741319444444435 0.48526041666666664 0.044756944444444356 0.0833333333333334
5 0.5673958333333333 0.479375 0.04470486111111107 0.08098958333333339
10 0.5189756944444445 0.48182291666666666 0.04470486111111107 0.08098958333333339
10 0.6198263888888889 0.47197916666666667 0.045451388888889 0.07947916666666668
15 0.6752604166666667 0.46984375 0.042309027777777786 0.07848958333333336
15 0.7205729166666666 0.46682291666666664 0.041545138888889 0.07921875000000007
20 0.7760243055555556 0.46390624999999996 0.048524305555555355 0.07734375
23 0.8252604166666666 0.45984375 0.04626736111111107 0.08109374999999996
29 0.8798611111111111 0.4601041666666667 0.04788194444444436 0.08354166666666671
29 0.935329861111111 0.45640625 0.04788194444444436 0.08354166666666671