32 0.838287037037037 0.6298726851851851 0.07953125000000014 0.15223958333333343
32 0.7523611111111111 0.6239988425925926 0.08265624999999996 0.15242476851851858
32 0.6632754629629629 0.6202835648148148 0.08496527777777771 0.1502199074074074
29 0.5742013888888888 0.615787037037037 0.08733217592592588 0.15192129629629642
26 0.48668981481481477 0.6113831018518519 0.08659722222222221 0.15500000000000008
23 0.3984085648148148 0.6061516203703704 0.0866087962962963 0.15578125000000007
23 0.3101041666666667 0.6024826388888889 0.09129629629629629 0.15605902777777772
23 0.21946759259259258 0.5978935185185185 0.09048032407407405 0.1536689814814814
23 0.12883101851851853 0.5933043981481482 0.09284722222222222 0.15537037037037038
0 0.6616030092592593 0.4692708333333333 0.08573495370370363 0.14948495370370374
0 0.5748842592592592 0.4641319444444444 0.08496527777777771 0.1502199074074074
20 0.48815393518518524 0.45977430555555554 0.08574652777777772 0.15026620370370375
15 0.39987268518518515 0.45454282407407404 0.08729745370370381 0.1495775462962964
10 0.3123842592592593 0.4485763888888889 0.08964120370370372 0.14971643518518524