1 0.8909664351851851 0.58921875 0.04107638888888872 0.06999421296296297
11 0.8333391203703704 0.5799710648148148 0.041307870370370384 0.07780671296296297
27 0.7731828703703704 0.576851851851852 0.04098379629629641 0.06686921296296297
1 0.7230671296296296 0.5781655092592592 0.042615740740740725 0.06929398148148139
6 0.6537210648148148 0.5683101851851852 0.039560185185185046 0.07147569444444439
1 0.5981828703703703 0.5677777777777778 0.0441087962962964 0.06703124999999996
30 0.5201967592592592 0.5590393518518518 0.04050347222222221 0.07698495370370377
21 0.4406712962962963 0.5494386574074074 0.03967592592592588 0.07538194444444439
27 0.37403356481481487 0.5538078703703704 0.03719328703703706 0.07057291666666661
6 0.3093055555555556 0.5465393518518519 0.03944444444444439 0.06756944444444439
21 0.23350115740740743 0.5433912037037038 0.03776620370370374 0.06358217592592581
1 0.16160300925925924 0.5404456018518518 0.041857638888888896 0.07003472222222236
16 0.09997685185185186 0.5341203703703703 0.03785879629629627 0.06670717592592582
24 0.03584490740740741 0.5331423611111111 0.03712384259259259 0.0682291666666666