30 0.8690046296296294 0.6049074074074074 0.05462384259259281 0.0972743055555556
30 0.8111921296296296 0.6044791666666667 0.05542245370370367 0.09962384259259256
30 0.7510358796296297 0.6040335648148148 0.05542824074074062 0.10040509259259256
27 0.6916550925925926 0.6043749999999999 0.05776620370370367 0.09964120370370359
27 0.6322800925925927 0.6039351851851852 0.05855902777777775 0.10120949074074073
27 0.5721296296296297 0.6027083333333334 0.06012152777777775 0.10122106481481481
24 0.5127662037037037 0.6007060185185186 0.05778356481481488 0.1019849537037036
24 0.4533854166666667 0.6010474537037037 0.059351851851851836 0.10277777777777786
16 0.3932349537037037 0.5998206018518519 0.06012731481481479 0.10200231481481481
16 0.3338599537037037 0.5993807870370371 0.06012731481481479 0.10200231481481481
16 0.2729224537037037 0.598929398148148 0.06249421296296296 0.10514467592592602
6 0.21120949074074075 0.5976909722222222 0.06168402777777775 0.10123263888888889
6 0.15027199074074074 0.5972395833333334 0.06326388888888887 0.10358796296296298
6 0.08934027777777778 0.5960069444444445 0.05625 0.10587962962962968