33 0.8823958333333334 0.48647569444444444 0.05333333333333314 0.11123263888888886
33 0.8241666666666667 0.49456597222222226 0.05078125 0.10649305555555558
1 0.7605381944444444 0.5009722222222222 0.05274305555555543 0.09795138888888885
1 0.6982291666666667 0.5128819444444443 0.050572916666666676 0.10180555555555557
1 0.6385416666666667 0.51859375 0.05081597222222225 0.10727430555555557
27 0.576579861111111 0.5226909722222223 0.05133680555555564 0.11899305555555557
24 0.5096875000000001 0.5321527777777778 0.05368055555555564 0.11904513888888886
21 0.44755208333333335 0.54015625 0.05282986111111114 0.11746527777777782
11 0.3821527777777778 0.5512152777777778 0.05279513888888889 0.11668402777777782
6 0.31461805555555555 0.5575347222222222 0.055173611111111145 0.11751736111111129
1 0.24918402777777776 0.569375 0.057204861111111074 0.11053819444444457
33 0.18171874999999998 0.5741319444444445 0.05815972222222223 0.11446180555555543
30 0.11255208333333333 0.5819791666666667 0.05847222222222222 0.12149305555555542
27 0.042604166666666665 0.5898090277777778 0.054027777777777786 0.12685763888888885