29 0.9660069444444443 0.5588773148148147 0.060989583333333285 0.11085069444444429
29 0.9019444444444444 0.5555555555555556 0.06171875 0.10854745370370367
26 0.8394444444444444 0.5523148148148149 0.06262152777777778 0.11405671296296305
23 0.7753472222222222 0.5474305555555555 0.06180555555555554 0.11245370370370367
20 0.71125 0.5425462962962962 0.0625694444444445 0.11171296296296304
15 0.6471875 0.539224537037037 0.0625694444444445 0.11171296296296304
15 0.5823437499999999 0.5358622685185186 0.06418402777777779 0.11413773148148146
5 0.45182291666666663 0.5267534722222222 0.06260416666666657 0.11327546296296305
10 0.5174826388888889 0.53171875 0.061822916666666575 0.11323495370370366
10 0.3861805555555556 0.5225694444444444 0.0649131944444445 0.11183449074074084
10 0.32131944444444444 0.518425925925926 0.06416666666666666 0.11335648148148145
10 0.2572395833333333 0.5143229166666667 0.06411458333333328 0.11101273148148146
0 0.19005208333333334 0.5108391203703704 0.06647569444444446 0.11191550925925924
0 0.12440972222222221 0.5066550925925926 0.065625 0.10874999999999986
0 0.06026041666666667 0.4994270833333333 0.057951388888888886 0.11459490740740748