26 0.825 0.584375 0.071875 0.1328125
23 0.7453125 0.5828125 0.075 0.13515625
20 0.66328125 0.5828125 0.075 0.1328125
26 0.5828125 0.5828125 0.07578125 0.13515625
23 0.503125 0.58203125 0.0765625 0.13359375
20 0.42265625 0.58203125 0.07578125 0.13515625
29 0.34140625 0.5828125 0.0796875 0.134375
26 0.25703125 0.58203125 0.08125 0.13671875
23 0.17421875 0.58203125 0.0796875 0.13828125
29 0.66328125 0.44453125 0.07578125 0.13125
29 0.5828125 0.44296875 0.07421875 0.1265625
10 0.503125 0.44296875 0.07421875 0.1296875
10 0.425 0.44296875 0.078125 0.13125
10 0.34453125 0.44375 0.078125 0.1296875