19 0.313624703125 0.35308959375 0.2614764625 0.3511737890625 0.2383576359375 0.429351484375 0.294412646875 0.4326719375 0.313624703125 0.35308959375
14 0.2556691390625 0.3496904265625 0.20352089687500002 0.3477746203125 0.1776805265625 0.4254130390625 0.2315111265625 0.4278860671875 0.2556691390625 0.3496904265625
8 0.19967548125 0.3485669609375 0.1463410859375 0.3464651984375 0.11953375156249998 0.42440360625 0.1723542953125 0.4257392765625 0.19967548125 0.3485669609375
3 0.1430684640625 0.340881746875 0.0897340671875 0.3387799828125 0.058792590624999995 0.4137537390625 0.114044696875 0.4185018625 0.1430684640625 0.340881746875
38 0.49989849687500004 0.3428377375 0.44299850156250004 0.3422322109375 0.4317759625 0.421048184375 0.49128195156250004 0.42425837031249997 0.49989849687500004 0.3428377375
38 0.43861511093749994 0.34526294218750003 0.3815588015625 0.3431970296875 0.36589368125 0.422723675 0.42747938750000003 0.4246918828125 0.43861511093749994 0.34526294218750003
38 0.37796197187499997 0.3489721046875 0.3194791875 0.34638885468749997 0.301011546875 0.424895628125 0.3619985171875 0.42669321250000003 0.37796197187499997 0.3489721046875
35 0.9112093046874999 0.4707068578125 0.845449696875 0.470370290625 0.8592171921875 0.5702038203125 0.9324309 0.5704472984375 0.9112093046874999 0.4707068578125
35 0.8354236687500001 0.471058903125 0.7696640609375 0.4707223359375 0.7799273203125 0.5697679953125 0.8511045062499999 0.568816275 0.8354236687500001 0.471058903125
33 0.7613890421875 0.4806176921875 0.6956294328125 0.48028112500000003 0.70229844375 0.5771853874999999 0.7724318390625 0.5761470796875 0.7613890421875 0.4806176921875
33 0.6863633 0.481145103125 0.6230984328125 0.481396471875 0.622602225 0.5765617640625 0.6923214 0.57818054375 0.6863633 0.481145103125
33 0.614440215625 0.4794961 0.5511753484375 0.47974746875 0.54600074375 0.5759815578125 0.616282734375 0.5763513328125 0.614440215625 0.4794961
21 0.545430240625 0.47058871875 0.482165375 0.47084008906249997 0.47529197500000003 0.56579646875 0.5404618359375 0.56633790625 0.545430240625 0.47058871875
21 0.4754143359375 0.47202874531249994 0.4137083078125 0.472934734375 0.4039999640625 0.5685507890625 0.4693054859375 0.5701729171875 0.4754143359375 0.47202874531249994
21 0.408342325 0.464695996875 0.34831139218749996 0.4658192453125 0.3340915984375 0.559735015625 0.39883606875 0.5606346796875 0.408342325 0.464695996875
16 0.341276415625 0.4635188015625 0.28124548437499997 0.46464205 0.26148325781250004 0.5576942328125 0.32840246875 0.557873903125 0.341276415625 0.4635188015625
11 0.27569209843750003 0.468632646875 0.2156611671875 0.4697558953125 0.192747425 0.563193203125 0.25785470625 0.56254400625 0.27569209843750003 0.468632646875
6 0.2146795921875 0.4546895828125 0.1548943984375 0.455036028125 0.12941020625 0.5480396640625 0.1932178625 0.5480906 0.2146795921875 0.4546895828125