9 0.11796875 0.5375 0.04375 0.0578125
4 0.0703125 0.53359375 0.04921875 0.059375
13 0.1625 0.5375 0.0390625 0.06015625
38 0.73671875 0.5453125 0.04296875 0.06015625
38 0.678125 0.54453125 0.04453125 0.06484375
31 0.6234375 0.54375 0.04296875 0.0640625
31 0.56953125 0.54375 0.04375 0.06640625
31 0.5140625 0.54296875 0.0390625 0.06640625
0 0.46328125 0.54296875 0.04375 0.0640625
0 0.41171875 0.5390625 0.04375 0.06640625
0 0.359375 0.540625 0.04296875 0.0640625
11 0.20859375 0.5390625 0.040625 0.0578125
11 0.259375 0.53828125 0.0390625 0.0640625
11 0.3078125 0.540625 0.040625 0.06171875
1 0.79609375 0.5453125 0.05 0.0640625
1 0.85703125 0.546875 0.05390625 0.0625
1 0.91953125 0.55078125 0.05 0.06171875