29 0.93828125 0.48359375 0.059375 0.1296875
29 0.8765625 0.4875 0.05078125 0.1234375
20 0.81640625 0.48984375 0.05546875 0.121875
20 0.75546875 0.49140625 0.05390625 0.12890625
20 0.69453125 0.49140625 0.05625 0.12890625
10 0.63515625 0.49296875 0.05 0.12421875
10 0.5765625 0.49296875 0.05234375 0.1203125
10 0.51796875 0.4921875 0.05 0.1234375
5 0.46015625 0.49453125 0.046875 0.12421875
5 0.39921875 0.4921875 0.0421875 0.12109375
5 0.34375 0.4953125 0.0484375 0.12890625
0 0.2859375 0.50078125 0.04921875 0.12421875
0 0.22890625 0.50234375 0.0484375 0.12421875
0 0.1734375 0.50390625 0.04609375 0.128125
19 0.11484375 0.5078125 0.0484375 0.125
4 0.059375 0.50859375 0.046875 0.125