31 0.5172453703703704 0.2958101851851852 0.06357638888888886 0.09267361111111114
14 0.20653935185185182 0.6010474537037037 0.08072337962962965 0.11864583333333342
8 0.4157754629629629 0.6087673611111111 0.07371527777777764 0.11901041666666679
35 0.7941145833333334 0.4541550925925926 0.07807870370370366 0.10835069444444442
13 0.34622106481481485 0.6038657407407407 0.07523148148148148 0.11754050925925927
27 0.46210648148148153 0.43526041666666665 0.06612847222222236 0.09984374999999997
23 0.5238888888888888 0.8358796296296296 0.07822337962962962 0.1395543981481481
10 0.2973958333333333 0.8247974537037038 0.0835532407407408 0.13519097222222243
15 0.37221064814814814 0.8229918981481482 0.08364583333333328 0.13831597222222242
39 0.8605902777777779 0.4604340277777778 0.07803240740740733 0.10678819444444443
32 0.7514178240740741 0.8556018518518519 0.08610532407407412 0.14236111111111108
20 0.44884259259259257 0.8298726851851852 0.08132523148148145 0.13895833333333343
33 0.5909664351851852 0.4413368055555555 0.06854166666666668 0.10232638888888879
9 0.5569733796296296 0.6101157407407408 0.07300347222222214 0.12130787037037045
22 0.33454861111111106 0.28888310185185184 0.06824074074074069 0.09217013888888888
0 0.1481539351851852 0.8151736111111111 0.08828703703703704 0.13703125000000008
28 0.4562615740740741 0.29063657407407406 0.06355324074074069 0.09189236111111114
11 0.20195023148148147 0.41984374999999996 0.07474537037037035 0.10113425925925927
12 0.20957175925925925 0.28225694444444444 0.06897569444444444 0.0906539351851852
16 0.26598958333333333 0.4228587962962963 0.07166666666666668 0.10251157407407412
2 0.09298032407407408 0.2691087962962963 0.07210069444444445 0.09083912037037045
1 0.07446759259259259 0.40760995370370373 0.07865162037037039 0.10136574074074076
24 0.3980439814814815 0.43146412037037035 0.06849537037037035 0.10076388888888896
3 0.6974131944444444 0.6121990740740741 0.07920717592592581 0.12011574074074076
17 0.2742071759259259 0.279068287037037 0.06824074074074069 0.09217013888888888
38 0.6435300925925926 0.29393518518518513 0.06752893518518518 0.09446759259259263
6 0.13772569444444444 0.4105787037037037 0.07787037037037034 0.10131944444444443
37 0.8917592592592593 0.3016261574074074 0.07460648148148152 0.09644675925925927
19 0.27590856481481485 0.599699074074074 0.07757523148148149 0.1176793981481481
26 0.5989351851851852 0.841886574074074 0.08206018518518512 0.13744212962962976
4 0.48519097222222224 0.6089814814814816 0.07217592592592581 0.11969907407407412
29 0.6786458333333334 0.8473900462962962 0.08518518518518511 0.13762731481481474
21 0.3340046296296296 0.42844907407407407 0.06854166666666668 0.10232638888888897
40 0.7636574074074074 0.29481481481481475 0.0697337962962962 0.08991898148148145
36 0.7019386574074075 0.29115740740740736 0.06984953703703703 0.09382523148148145
34 0.5797222222222222 0.29873263888888885 0.06359953703703702 0.09345486111111115
30 0.5277546296296296 0.43993055555555555 0.06619791666666668 0.10218749999999996
5 0.2238888888888889 0.8181018518518519 0.08906828703703704 0.1370775462962964
41 0.8283159722222223 0.2924074074074074 0.07453703703703703 0.09410300925925927
7 0.1523321759259259 0.27184606481481477 0.07129629629629627 0.09001157407407412
18 0.624826388888889 0.6102372685185186 0.07690972222222214 0.12153935185185176
25 0.39394675925925926 0.2931828703703704 0.06589699074074078 0.09203124999999997