17 0.48121527777777773 0.4578125 0.1082638888888889 0.15078125
6 0.13159722222222223 0.23828125 0.08223958333333332 0.11015625
1 0.05791666666666667 0.24375 0.08703125 0.1125
34 0.32671875 0.2953125 0.08635416666666665 0.0796875
2 0.17588541666666666 0.4546875 0.12704861111111115 0.1515625
7 0.27531249999999996 0.45 0.11916666666666664 0.15
22 0.5850868055555556 0.45859375 0.11451388888888889 0.15078125
11 0.18529513888888888 0.24296875 0.06967013888888887 0.10859375
38 0.40861111111111115 0.2984375 0.0841145833333334 0.08203125
28 0.7904513888888889 0.4609375 0.12708333333333321 0.15234375
31 0.2509722222222222 0.29453125 0.08781250000000007 0.07734375
40 0.5632291666666667 0.3 0.08112847222222222 0.08515625
12 0.37815972222222227 0.45625 0.11213541666666664 0.15
36 0.48595486111111114 0.2984375 0.08194444444444446 0.0859375
25 0.6881423611111112 0.46015625 0.12069444444444458 0.14921875
41 0.6422048611111111 0.2984375 0.08432291666666672 0.08671875
37 0.7185590277777777 0.303125 0.08496527777777771 0.08359375