32 0.9359375 0.53828125 0.06484375 0.10859375
23 0.2484375 0.534375 0.06171875 0.10703125
15 0.37265625 0.534375 0.06171875 0.10390625
10 0.434375 0.53125 0.059375 0.1015625
20 0.3078125 0.5359375 0.0625 0.10625
38 0.8734375 0.534375 0.06484375 0.10859375
0 0.55625 0.53359375 0.059375 0.103125
26 0.18125 0.53671875 0.0640625 0.10625
36 0.81015625 0.53359375 0.0640625 0.1078125
29 0.1203125 0.534375 0.06328125 0.10703125
41 0.6828125 0.5328125 0.0625 0.10625
40 0.74765625 0.53359375 0.06171875 0.10703125
37 0.6203125 0.534375 0.059375 0.10390625
5 0.496875 0.5328125 0.059375 0.10234375