11 0.7503124999999999 0.5471354166666667 0.06635416666666671 0.10597222222222236
38 0.8120138888888888 0.5506597222222223 0.06953125 0.108454861111111
35 0.20274305555555555 0.5188888888888888 0.06402777777777775 0.10664930555555543
20 0.44732638888888887 0.5274131944444445 0.05923611111111118 0.10175347222222228
5 0.6894444444444444 0.5413020833333333 0.06475694444444428 0.10434027777777785
10 0.32621527777777776 0.5228125 0.06154513888888893 0.10029513888888886
15 0.3871527777777778 0.5255208333333334 0.06079861111111118 0.10182291666666679
40 0.14026041666666667 0.5153298611111111 0.06642361111111113 0.10909722222222236
7 0.6308506944444444 0.5386979166666667 0.063923611111111 0.10196180555555542
8 0.5098090277777778 0.5309722222222222 0.061562499999999964 0.10107638888888885
36 0.2645138888888889 0.5192881944444444 0.06477430555555559 0.10512152777777786
2 0.5699131944444444 0.5359895833333332 0.059236111111111 0.10175347222222228
3 0.07855902777777778 0.5118055555555555 0.06878472222222223 0.10998263888888893
22 0.8721701388888888 0.5533333333333333 0.06717013888888879 0.10756944444444443