10 0.0636111111111111 0.5515856481481481 0.06878472222222223 0.11047453703703702
11 0.5764409722222222 0.5633159722222223 0.06642361111111121 0.10957175925925924
38 0.640451388888889 0.5689814814814815 0.06723958333333328 0.11117476851851862
36 0.4490625 0.5582754629629629 0.06644097222222207 0.11035300925925924
35 0.3848958333333333 0.5596412037037037 0.0688194444444445 0.11203703703703702
15 0.12776041666666665 0.5510011574074074 0.0726909722222222 0.1106770833333334
7 0.9030208333333334 0.5794675925925926 0.071232638888889 0.1152835648148148
22 0.7038194444444444 0.5683564814814815 0.06885416666666658 0.11359953703703703
20 0.19414930555555557 0.5552256944444445 0.06880208333333329 0.11125578703703702
40 0.32234375000000004 0.558744212962963 0.06880208333333329 0.11125578703703702
2 0.8382118055555555 0.5745428240740741 0.06887152777777779 0.11438078703703702
8 0.7718055555555556 0.5710995370370371 0.06963541666666676 0.11364004629629623
5 0.5115798611111112 0.5607349537037037 0.06564236111111121 0.10953125000000004
3 0.2575 0.5553819444444444 0.06958333333333329 0.11129629629629641