1 0.4916145833333333 0.5722511574074074 0.0625 0.10992476851851851
27 0.11758680555555556 0.553125 0.06798611111111112 0.11111111111111108
11 0.9328645833333333 0.5979166666666667 0.07118055555555572 0.11446759259259257
24 0.1793229166666667 0.5584780092592593 0.06875 0.11038773148148148
33 0.5541840277777779 0.580005787037037 0.06326388888888879 0.10920138888888893
6 0.43 0.5723668981481481 0.06644097222222226 0.11177662037037024
16 0.8680381944444445 0.5938946759259259 0.06331597222222243 0.11154513888888892
21 0.8031597222222222 0.5875289351851852 0.06486111111111122 0.11087962962962958
30 0.6157812500000001 0.5791087962962964 0.06326388888888879 0.10920138888888893
39 0.3635763888888889 0.5666666666666667 0.06484375 0.11009837962962976
4 0.30105902777777777 0.561255787037037 0.06484375 0.11009837962962958
13 0.6806597222222222 0.585474537037037 0.0640625 0.11004050925925916
18 0.74 0.5883101851851851 0.06409722222222207 0.11160300925925917
3 0.24177083333333335 0.560763888888889 0.06642361111111103 0.11099537037037024