32 0.640625 0.471875 0.0609375 0.08828125
31 0.22890625 0.465625 0.06796875 0.090625
27 0.7 0.47265625 0.0671875 0.0890625
26 0.815625 0.47578125 0.06796875 0.0890625
19 0.5796875 0.46875 0.0609375 0.08828125
28 0.16796875 0.4640625 0.06953125 0.09140625
37 0.10859375 0.46328125 0.071875 0.08984375
0 0.2875 0.46484375 0.0640625 0.0890625
34 0.52265625 0.46953125 0.05703125 0.08828125
29 0.7578125 0.47421875 0.06953125 0.090625
18 0.346875 0.46484375 0.06171875 0.0875
17 0.40546875 0.46875 0.059375 0.08828125
30 0.8734375 0.47734375 0.07265625 0.090625
4 0.46328125 0.47109375 0.05859375 0.0875
38 0.73125 0.33515625 0.05390625 0.02890625
15 0.43046875 0.328125 0.04140625 0.025
12 0.390625 0.30234375 0.0421875 0.021875
40 0.25703125 0.32734375 0.05234375 0.0265625
3 0.2109375 0.3265625 0.0546875 0.02734375
5 0.6390625 0.3328125 0.04140625 0.02734375
8 0.51484375 0.3296875 0.040625 0.0265625
2 0.559375 0.33046875 0.0421875 0.025
36 0.34609375 0.32734375 0.04609375 0.021875
10 0.38828125 0.3296875 0.04453125 0.02578125
23 0.55390625 0.30390625 0.0390625 0.02109375
20 0.46953125 0.32734375 0.0390625 0.0265625
6 0.43203125 0.3015625 0.03984375 0.0203125
1 0.346875 0.3015625 0.04609375 0.01953125
37 0.3 0.328125 0.05 0.02578125
9 0.5109375 0.30390625 0.03984375 0.02109375
25 0.6734375 0.30625 0.04609375 0.02109375
7 0.6015625 0.33046875 0.0375 0.0265625
11 0.6859375 0.3328125 0.04453125 0.02734375
22 0.77734375 0.33671875 0.046875 0.02578125
33 0.2296875 0.2984375 0.034375 0.025
24 0.26796875 0.29921875 0.02890625 0.02265625
16 0.31015625 0.30078125 0.03671875 0.0234375
41 0.47109375 0.303125 0.03359375 0.02421875
13 0.59296875 0.30546875 0.03984375 0.025
39 0.63203125 0.3046875 0.0328125 0.02109375
14 0.7140625 0.30625 0.0375 0.0234375
21 0.7546875 0.31015625 0.0390625 0.02578125