32 0.35399884259259257 0.5424363425925927 0.058547453703703664 0.09964699074074072
10 0.4133738425925926 0.5428761574074074 0.05618634259259263 0.09728587962962969
15 0.8868287037037037 0.5487268518518519 0.06402777777777793 0.10124999999999992
20 0.8266550925925925 0.5459375 0.062447916666666714 0.09889467592592602
0 0.5321180555555556 0.542974537037037 0.054629629629629584 0.0980555555555556
38 0.29538773148148145 0.5396585648148149 0.06090277777777775 0.10122685185185176
23 0.7657002314814815 0.543142361111111 0.060109953703703665 0.0996585648148148
26 0.7071064814814815 0.5427083333333333 0.058535879629629764 0.09808449074074073
41 0.11491319444444445 0.5375405092592593 0.061695601851851835 0.10279513888888889
29 0.6493171296296296 0.5454050925925926 0.058530092592592634 0.09730324074074073
36 0.2352372685185185 0.5399942129629629 0.06403935185185183 0.10281249999999993
40 0.17744212962962963 0.5419097222222222 0.06247106481481479 0.10201967592592602
37 0.5883564814814815 0.5418287037037037 0.0561689814814816 0.0949421296296297
5 0.4719560185185185 0.5417476851851852 0.05538194444444446 0.09415509259259255