1 0.4955902777777778 0.522505787037037 0.06328125 0.1072511574074074
27 0.12162615740740738 0.5421875 0.06877314814814817 0.1081944444444444
11 0.9367881944444445 0.5023958333333333 0.07199074074074048 0.11141203703703688
24 0.18336805555555555 0.5411400462962963 0.06953125 0.10743634259259274
33 0.5581828703703704 0.5237789351851851 0.06403935185185183 0.10649305555555558
6 0.4340104166666666 0.5290219907407406 0.06723379629629633 0.10892939814814824
16 0.8719675925925927 0.5050983796296296 0.06410879629629633 0.10883680555555557
21 0.8070775462962964 0.5054571759259259 0.06564814814814816 0.10810185185185191
30 0.6197395833333333 0.5164814814814814 0.06403935185185183 0.10649305555555558
39 0.3675810185185185 0.5302083333333334 0.065625 0.10732060185185191
4 0.30505787037037035 0.5312789351851851 0.065625 0.10732060185185191
13 0.6846296296296297 0.5161226851851852 0.06484375 0.10729745370370374
18 0.7439583333333333 0.512800925925926 0.06489004629629633 0.10885995370370374
3 0.24579861111111115 0.5369444444444443 0.06721064814814817 0.10814814814814824