31 0.46498842592592593 0.24215277777777774 0.06484375 0.10727430555555557
6 0.8241030092592594 0.40765046296296303 0.06704282407407405 0.10343750000000007
11 0.7622106481481481 0.4105092592592593 0.06550925925925917 0.10417245370370373
35 0.20451388888888888 0.3908564814814815 0.07436342592592596 0.1114583333333334
27 0.5146122685185185 0.40160879629629626 0.06478587962962959 0.10571180555555557
1 0.8851851851851851 0.4055497685185185 0.06550925925925952 0.10417245370370373
14 0.740914351851852 0.5842881944444445 0.06568287037037024 0.10885995370370374
37 0.09638310185185187 0.20620370370370372 0.06634837962962963 0.10575810185185182
8 0.5511284722222222 0.5771006944444445 0.06643518518518512 0.10810185185185191
33 0.3950810185185185 0.3980671296296296 0.06556712962962959 0.10573495370370374
15 0.5801215277777778 0.7656655092592592 0.06811342592592595 0.11127314814814823
18 0.3656539351851852 0.5590914351851852 0.06883680555555553 0.1097337962962964
20 0.5167534722222222 0.7661342592592593 0.06655092592592596 0.11122685185185191
19 0.6793402777777777 0.5785532407407408 0.06727430555555554 0.10968750000000008
16 0.7012731481481481 0.4087037037037037 0.06553819444444428 0.10495370370370374
0 0.7704861111111111 0.7783449074074074 0.06736111111111107 0.11203125000000007
39 0.1388310185185185 0.390474537037037 0.06724537037037037 0.10890625000000007
28 0.5267939814814815 0.2416377314814815 0.06319444444444447 0.10488425925925923
32 0.26047453703703705 0.7593229166666666 0.06814236111111108 0.11205439814814806
12 0.7702835648148147 0.25589120370370366 0.06304976851851851 0.10097800925925923
9 0.42795138888888895 0.566412037037037 0.06721643518518512 0.10812500000000007
23 0.4503472222222221 0.7641666666666665 0.06652199074074083 0.1104456018518519
3 0.3000289351851852 0.5571469907407407 0.06724537037037041 0.10890625000000007
24 0.5802083333333334 0.40433449074074074 0.06550925925925917 0.10417245370370373
22 0.6499710648148149 0.25232638888888886 0.06316550925925916 0.10410300925925924
36 0.2806423611111111 0.21479166666666666 0.06715856481481479 0.10656249999999998
34 0.4072337962962963 0.2388773148148148 0.06484375 0.10727430555555557
26 0.3870659722222222 0.7622916666666667 0.06967592592592595 0.11131944444444457
4 0.4895543981481481 0.5713657407407406 0.06646412037037024 0.1088831018518519
29 0.32297453703703705 0.7611747685185184 0.06889467592592595 0.11129629629629641
2 0.8923900462962961 0.2532523148148148 0.06380208333333356 0.10021990740740741
38 0.3427662037037037 0.22679976851851852 0.06646412037037042 0.10888310185185182
41 0.15815972222222224 0.2064699074074074 0.06947337962962967 0.10585069444444448
17 0.7110243055555555 0.25100694444444444 0.062297453703703806 0.10173611111111107
21 0.6411747685185185 0.4053587962962963 0.06397569444444447 0.10490740740740741
10 0.6432002314814815 0.7730092592592592 0.06643518518518512 0.10810185185185191
30 0.45688657407407407 0.39755208333333336 0.06403356481481488 0.1064699074074074
40 0.21811342592592592 0.21372106481481482 0.06695601851851851 0.10109374999999998
5 0.705758101851852 0.7732986111111111 0.06967592592592595 0.11131944444444439
25 0.5890335648148148 0.2505208333333333 0.06235532407407405 0.10329861111111108
7 0.8328703703703704 0.25539930555555557 0.06467013888888892 0.10258680555555558
13 0.6144386574074074 0.5781944444444445 0.06559606481481488 0.10651620370370374