10 0.14169560185185187 0.39641203703703703 0.17829861111111106 0.2882523148148149
33 0.6236111111111111 0.7197048611111111 0.13845486111111108 0.18041087962962976
11 0.49120370370370364 0.735011574074074 0.13527199074074084 0.17939814814814808
25 0.23058449074074075 0.7692418981481481 0.14120370370370372 0.18605324074074084
38 0.3624131944444444 0.7461226851851851 0.16270254629629627 0.19308449074074083
33 0.7594907407407407 0.7088541666666666 0.13677662037037042 0.17873263888888893
6 0.5982638888888889 0.33509837962962963 0.1674189814814815 0.24626736111111117
8 0.9090856481481481 0.28929398148148144 0.16304976851851832 0.23972800925925924
34 0.28912037037037036 0.31872106481481477 0.15899884259259256 0.2689525462962964
1 0.8973958333333332 0.7041377314814815 0.15538194444444428 0.18865740740740744
35 0.7582465277777778 0.299681712962963 0.1686921296296296 0.24247685185185192
36 0.4458333333333334 0.31339699074074073 0.17074652777777785 0.25972222222222213