0 0.9618489583333332 0.5347395833333334 0.07630208333333358 0.7395833333333333
0 0.8961284722222222 0.5396469907407407 0.0858680555555555 0.7738773148148148
0 0.8271006944444445 0.5235821759259259 0.08512152777777793 0.7753993055555555
35 0.7575868055555555 0.5909895833333334 0.08654513888888893 0.7692303240740742
35 0.6862847222222223 0.5076967592592594 0.08531250000000004 0.7488773148148148
35 0.6166145833333333 0.49784143518518525 0.0828819444444445 0.7799652777777778
39 0.5476041666666667 0.5176736111111111 0.08628472222222214 0.7575115740740742
39 0.47855902777777776 0.5008275462962963 0.08293402777777778 0.747193287037037
39 0.4115277777777777 0.504375 0.0821006944444445 0.7448090277777778
41 0.34555555555555556 0.5204629629629629 0.08373263888888882 0.783130787037037
41 0.2759375 0.4427199074074074 0.08413194444444443 0.7659837962962962
41 0.20659722222222224 0.48282407407407407 0.08607638888888891 0.7832523148148148
37 0.13600694444444444 0.5369097222222223 0.0869097222222222 0.8207523148148148
37 0.06210069444444445 0.5471238425925926 0.08831597222222223 0.848917824074074