10 0.16484375 0.28671875 0.175 0.17265625
25 0.09296875 0.64375 0.184375 0.23828125
35 0.69453125 0.25625 0.11875 0.134375
36 0.4390625 0.24453125 0.12421875 0.1453125
34 0.30859375 0.23671875 0.13984375 0.14375
11 0.409375 0.61640625 0.1515625 0.23125
33 0.73828125 0.6109375 0.17109375 0.225
33 0.58359375 0.609375 0.1625 0.23125
6 0.56640625 0.26015625 0.13125 0.153125
1 0.89140625 0.6109375 0.178125 0.2171875
8 0.81484375 0.25703125 0.134375 0.14296875
38 0.25703125 0.63046875 0.146875 0.2484375