28 0.08515625 0.6078125 0.03046875 0.0859375
7 0.16953125 0.30234375 0.03125 0.0859375
34 0.10546875 0.71640625 0.03984375 0.0953125
34 0.06796875 0.7046875 0.03359375 0.09453125
22 0.059375 0.51015625 0.028125 0.0875
31 0.15625 0.6 0.03984375 0.09296875
28 0.05703125 0.5984375 0.02890625 0.084375
22 0.08984375 0.5015625 0.03046875 0.08046875
25 0.1171875 0.51328125 0.034375 0.08125
2 0.10625 0.31875 0.03046875 0.07734375
2 0.07421875 0.33515625 0.02890625 0.0796875
7 0.1390625 0.31484375 0.03125 0.07734375
31 0.11796875 0.60546875 0.03515625 0.08984375
17 0.1625 0.40078125 0.03203125 0.0828125
25 0.15390625 0.49609375 0.0375 0.08515625
12 0.1 0.41640625 0.02734375 0.07421875
12 0.0703125 0.425 0.028125 0.0765625
17 0.12734375 0.41171875 0.03046875 0.0796875