20 0.8296296296296296 0.7588888888888888 0.12774884259259273 0.18237847222222214
31 0.541869212962963 0.3584201388888889 0.14855324074074083 0.2382638888888889
20 0.43081597222222223 0.7601909722222222 0.13368055555555552 0.17392361111111115
40 0.2622685185185185 0.4131944444444445 0.1606770833333333 0.22838541666666662
12 0.8306712962962963 0.3507638888888889 0.1645543981481481 0.2487673611111111
30 0.1838252314814815 0.7789409722222222 0.1580439814814815 0.17836805555555557
37 0.12366898148148146 0.37649305555555557 0.16646412037037037 0.2371006944444444
41 0.3118923611111111 0.7622395833333333 0.14809027777777778 0.18361111111111103
2 0.6694444444444445 0.735 0.12942708333333322 0.18553819444444458
27 0.3926793981481482 0.39654513888888887 0.1489872685185185 0.22890625
29 0.6769965277777777 0.36220486111111116 0.1530671296296296 0.23368055555555553
6 0.5480902777777777 0.7393402777777778 0.1330729166666666 0.17859374999999994