35 0.7844791666666666 0.5173090277777778 0.07460648148148152 0.15302083333333344
20 0.5204456018518518 0.5505555555555556 0.07387152777777786 0.15378472222222223
15 0.45237847222222227 0.5639062499999999 0.07377893518518519 0.1522222222222222
6 0.5841319444444444 0.5715277777777777 0.07534143518518518 0.15225694444444446
33 0.2530844907407407 0.5211458333333333 0.08609953703703699 0.162638888888889
21 0.7146990740740741 0.5595659722222223 0.07718171296296283 0.15697916666666673
16 0.6514583333333334 0.5706770833333333 0.07865162037037035 0.1554513888888888
2 0.9108796296296295 0.5756597222222222 0.07373263888888885 0.15144097222222222
21 0.09289351851851853 0.4917708333333334 0.08522569444444446 0.16105902777777778
22 0.38202546296296297 0.5498263888888889 0.08145833333333333 0.16331597222222208
14 0.17555555555555555 0.5225520833333334 0.079525462962963 0.15703125
6 0.8497280092592593 0.5383159722222223 0.0769039351851852 0.15229166666666671
2 0.3212847222222222 0.51875 0.08623842592592598 0.1649826388888888
12 0.033598090277777784 0.48319444444444437 0.06719618055555557 0.16187499999999985