23 0.4259201388888889 0.2937326388888889 0.16980902777777782 0.25939236111111114
10 0.3954340277777778 0.663888888888889 0.1538368055555555 0.2508854166666666
29 0.7185590277777777 0.3056770833333333 0.15352430555555543 0.24385416666666676
15 0.6718923611111112 0.6539409722222222 0.13843750000000005 0.23772569444444436
20 0.8523090277777777 0.6646354166666667 0.1485069444444445 0.253767361111111
39 0.1266840277777778 0.25479166666666664 0.15043402777777776 0.24449652777777775
32 0.5529340277777777 0.3130381944444444 0.16416666666666657 0.25524305555555565
28 0.09293402777777778 0.6983854166666666 0.1546527777777778 0.2517013888888888
32 0.23588541666666668 0.7099652777777778 0.18048611111111112 0.2715625000000001
40 0.5195659722222222 0.6778645833333334 0.1578819444444445 0.25418402777777765
16 0.29335069444444445 0.2941666666666667 0.16899305555555558 0.2585763888888889
28 0.8629687500000001 0.28444444444444444 0.16111111111111107 0.2566666666666667