10 0.42890625 0.5265625 0.0609375 0.14140625
32 0.55078125 0.5 0.06171875 0.14453125
13 0.6125 0.5171875 0.06328125 0.14140625
15 0.12109375 0.54609375 0.0578125 0.14453125
32 0.809375 0.5328125 0.0671875 0.15
0 0.68125 0.503125 0.0640625 0.146875
10 0.18203125 0.52265625 0.06015625 0.14453125
3 0.875 0.56015625 0.06953125 0.15
36 0.74609375 0.4984375 0.0671875 0.14921875
22 0.30390625 0.56875 0.06328125 0.140625
24 0.0640625 0.55546875 0.05703125 0.13984375
38 0.24140625 0.52734375 0.06171875 0.146875
30 0.49140625 0.51796875 0.0609375 0.1421875
40 0.36953125 0.5421875 0.06171875 0.14140625
40 0.94921875 0.51875 0.075 0.1515625