26 0.2428298611111111 0.80921875 0.04221643518518512 0.11213541666666664
38 0.2857002314814815 0.7930729166666668 0.03593171296296296 0.10703125
31 0.19784722222222223 0.22364583333333332 0.044809027777777774 0.04046874999999996
38 0.3301909722222222 0.7846354166666667 0.03905092592592592 0.10645833333333332
12 0.15875 0.4326041666666667 0.04961805555555552 0.05718750000000004
7 0.6587500000000001 0.7158333333333333 0.042181712962963046 0.10744791666666664
36 0.4940393518518519 0.7447916666666667 0.03820601851851855 0.09781250000000004
38 0.4689699074074074 0.00859375 0.023703703703703737 0.0171875
35 0.49157986111111107 0.004296875 0.02212962962962948 0.00859375
36 0.5362094907407406 0.7396354166666667 0.03820023148148159 0.09703125000000004
35 0.3715509259259259 0.24802083333333336 0.037818287037037025 0.04546875000000004
10 0.5782060185185186 0.5 0.04280671296296283 0.08640624999999993
26 0.19916666666666666 0.8238541666666667 0.04298611111111113 0.11062499999999993
11 0.17372685185185185 0.3440625 0.04799189814814815 0.04848958333333329
36 0.5744675925925926 0.7339583333333334 0.04054976851851855 0.09796875000000008
35 0.5483738425925926 0.27140624999999996 0.030092592592592737 0.05666666666666664
2 0.16623842592592591 0.3883333333333333 0.043327546296296315 0.051302083333333304
7 0.6165856481481481 0.7217708333333334 0.039820601851851836 0.10494791666666661
28 0.5788020833333334 0.26390625 0.03167245370370377 0.059114583333333304
2 0.34556134259259264 0.11609375 0.02994791666666661 0.037135416666666685
2 0.5181192129629629 0.0009505208333333348 0.026788194444444358 0.0019010416666666696
37 0.4851446759259259 0.28265624999999994 0.029293981481481525 0.05427083333333336
1 0.4211747685185186 0.29942708333333334 0.030121527777777858 0.06057291666666664
31 0.4455555555555556 0.010755208333333332 0.024479166666666784 0.021510416666666664
12 0.6623611111111112 0.3591666666666667 0.05203124999999993 0.06671875000000008
26 0.15857638888888886 0.83125 0.04689814814814817 0.11166666666666672
2 0.7028645833333333 0.3400520833333333 0.04887731481481481 0.06260416666666666
25 0.21298032407407405 0.15619791666666666 0.04321759259259261 0.0364583333333333
38 0.7311689814814815 0.6789583333333333 0.06233217592592588 0.08692708333333332
20 0.23791087962962965 0.039635416666666666 0.036932870370370366 0.03135416666666666
20 0.24314814814814817 0.011614583333333334 0.03458333333333332 0.02322916666666667
34 0.3738425925925926 0.1353125 0.03383101851851853 0.03427083333333334
34 0.3756597222222222 0.16958333333333334 0.036979166666666605 0.03760416666666666
27 0.683755787037037 0.18734375 0.04484375000000007 0.04515624999999997
6 0.18202546296296296 0.30364583333333334 0.045659722222222233 0.04989583333333334
35 0.6189756944444444 0.09473958333333335 0.03618055555555557 0.03520833333333333
11 0.5148321759259259 0.2806770833333333 0.032459490740740726 0.05994791666666668
21 0.34453703703703703 0.08333333333333333 0.033819444444444444 0.03270833333333334
1 0.6164351851851851 0.06833333333333333 0.03774884259259252 0.036093749999999994
11 0.4508333333333333 0.2935416666666667 0.030109953703703597 0.05901041666666664
22 0.2182349537037037 0.1269270833333333 0.04009837962962966 0.03703124999999998
22 0.22269097222222226 0.09536458333333334 0.03851851851851844 0.03458333333333332
28 0.20383680555555558 0.18807291666666667 0.04561342592592599 0.04364583333333334
20 0.22716435185185185 0.06614583333333332 0.03614004629629628 0.02973958333333333
33 0.6312268518518518 0.16583333333333333 0.03934606481481477 0.040885416666666695
1 0.18953703703703703 0.2625 0.0432638888888889 0.042708333333333307
0 0.5352777777777777 0.5083333333333334 0.03414930555555564 0.07723958333333343
40 0.45112847222222224 0.75546875 0.03665509259259263 0.09927083333333328
40 0.41135416666666663 0.7675 0.03505208333333343 0.09369791666666653
40 0.36923611111111115 0.7796875 0.03586226851851855 0.09765625
21 0.3380613425925926 0.15880208333333332 0.03308449074074069 0.03890624999999996
0 0.3735879629629629 0.20645833333333333 0.035381944444444445 0.0328125
41 0.3788773148148148 0.07635416666666667 0.029126157407407406 0.031614583333333335
41 0.3782986111111111 0.10375000000000001 0.028385416666666698 0.03703124999999998
37 0.6270312499999999 0.12703124999999998 0.03616319444444436 0.03286458333333333
0 0.6660243055555556 0.11505208333333335 0.03703125000000007 0.044635416666666664
7 0.6709780092592592 0.15067708333333335 0.04089699074074069 0.039427083333333356
17 0.6122685185185185 0.033437499999999995 0.03382523148148149 0.033489583333333336