14 0.9143402777777778 0.7355324074074074 0.1709027777777777 0.2640972222222221
15 0.3006944444444445 0.30539351851851854 0.15420138888888885 0.23941550925925928
41 0.7395833333333333 0.31449652777777776 0.15135416666666668 0.2455729166666666
23 0.15736111111111112 0.31050925925925926 0.14815972222222226 0.2439178240740741
20 0.7797222222222222 0.7260821759259259 0.1660763888888887 0.26083333333333325
39 0.6195138888888889 0.6323900462962962 0.16675347222222214 0.2585127314814816
27 0.5800694444444444 0.30664930555555553 0.16182291666666657 0.2529050925925926
7 0.4690277777777778 0.6170081018518518 0.19670138888888894 0.28280671296296306
17 0.13656249999999998 0.6500694444444444 0.1467013888888889 0.2462152777777778
34 0.4416319444444444 0.3165914351851852 0.15203124999999992 0.24325231481481485
13 0.32109375 0.6766030092592592 0.14833333333333334 0.2478240740740741
16 0.8836458333333332 0.3608969907407407 0.15369791666666685 0.2456423611111111