14 0.23052662037037036 0.12143518518518519 0.06545138888888893 0.06046874999999998
28 0.615306712962963 0.1209837962962963 0.05604745370370381 0.059409722222222204
38 0.911429398148148 0.1341087962962963 0.0734375 0.06538773148148147
8 0.3402488425925926 0.12756944444444446 0.056944444444444464 0.06255787037037037
11 0.4473668981481481 0.12674189814814815 0.05844907407407405 0.06104166666666666
6 0.7899016203703704 0.12597800925925925 0.06148726851851851 0.058790509259259285
7 0.17832754629629627 0.1268923611111111 0.07010995370370372 0.059826388888888894
34 0.502025462962963 0.12434027777777779 0.05671296296296298 0.05630787037037037
12 0.2837673611111111 0.1229861111111111 0.05917245370370372 0.05950231481481483
19 0.12199074074074075 0.12621527777777777 0.07644675925925926 0.06235532407407405
31 0.5582465277777777 0.12189236111111112 0.05367476851851851 0.05855902777777775
1 0.8527199074074072 0.1327199074074074 0.06788194444444429 0.06288194444444443
25 0.3933449074074074 0.12521412037037036 0.059259259259259255 0.061846064814814826
9 0.7313657407407408 0.12927662037037038 0.05526620370370363 0.059386574074074085
24 0.6747106481481482 0.12000578703703704 0.05280671296296298 0.05619212962962963