25 0.8741145833333335 0.2836111111111111 0.15788773148148144 0.2733101851851852
15 0.886892361111111 0.6185358796296296 0.13956018518518504 0.24855902777777777
36 0.4173263888888889 0.6301041666666667 0.15139467592592587 0.25671874999999994
32 0.2977488425925926 0.31397569444444445 0.1449710648148148 0.24481481481481476
0 0.7160474537037037 0.587644675925926 0.13870949074074074 0.24384837962962963
2 0.25889467592592597 0.6457407407407407 0.15455439814814814 0.2591550925925926
21 0.14824652777777778 0.2464988425925926 0.14590277777777777 0.25499421296296293
26 0.5781828703703704 0.30332175925925925 0.14114583333333322 0.2501678240740741
38 0.43816550925925923 0.29574652777777777 0.14584490740740746 0.25108796296296293
37 0.7228240740740741 0.2537037037037037 0.14507523148148138 0.25184606481481475
38 0.5711458333333332 0.6724421296296297 0.15303819444444428 0.2622337962962963
37 0.09320023148148147 0.6459606481481481 0.16488425925925926 0.2711747685185184