4 0.4765625 0.56171875 0.07421875 0.071875
35 0.71953125 0.48359375 0.071875 0.06796875
13 0.32578125 0.56484375 0.0765625 0.071875
8 0.553125 0.56015625 0.075 0.07109375
36 0.2703125 0.4921875 0.075 0.07265625
38 0.346875 0.49140625 0.07265625 0.0671875
3 0.77578125 0.55546875 0.07734375 0.0734375
9 0.4046875 0.5640625 0.075 0.071875
37 0.49765625 0.4890625 0.071875 0.06640625
41 0.5703125 0.490625 0.071875 0.06953125
39 0.64453125 0.4890625 0.07578125 0.071875
18 0.25078125 0.565625 0.0765625 0.07109375
19 0.62578125 0.55859375 0.075 0.07109375
40 0.42265625 0.48984375 0.0703125 0.065625
14 0.70078125 0.55625 0.0734375 0.07109375