10 0.8478993055555556 0.3052777777777778 0.182673611111111 0.17654513888888895
25 0.9190798611111111 0.6639062499999999 0.1618402777777778 0.24237847222222228
35 0.3168576388888889 0.26303819444444443 0.12472222222222218 0.13701388888888885
36 0.5718055555555556 0.2569965277777778 0.13067708333333333 0.14807291666666664
34 0.7019270833333333 0.2520833333333333 0.146232638888889 0.14685763888888886
11 0.6180208333333332 0.62953125 0.1618402777777778 0.23461805555555557
33 0.2888715277777778 0.6167534722222221 0.18109374999999997 0.22880208333333343
33 0.4434895833333333 0.6186284722222222 0.17277777777777778 0.23486111111111113
6 0.44515625 0.26979166666666665 0.13805555555555565 0.1560416666666667
1 0.1357465277777778 0.6133506944444445 0.18777777777777777 0.2211458333333333
8 0.1965798611111111 0.2611458333333333 0.14072916666666666 0.14595486111111117
38 0.7709895833333333 0.6469791666666667 0.15791666666666676 0.2517013888888888