25 0.590625 0.40625 0.08203125 0.0453125
22 0.5046875 0.41015625 0.08125 0.0484375
21 0.52578125 0.4625 0.0875 0.0515625
12 0.340625 0.403125 0.0921875 0.04921875
28 0.67578125 0.40859375 0.0890625 0.04765625
34 0.75625 0.40703125 0.09375 0.046875
6 0.25390625 0.45234375 0.09921875 0.05234375
7 0.25546875 0.39921875 0.09453125 0.0484375
2 0.1703125 0.3984375 0.09765625 0.04921875
34 0.840625 0.41015625 0.09609375 0.0515625
16 0.43359375 0.4609375 0.08984375 0.053125
17 0.42421875 0.40703125 0.08046875 0.04375
33 0.8796875 0.4609375 0.103125 0.053125
24 0.6125 0.45859375 0.08984375 0.0515625
11 0.3421875 0.45625 0.09609375 0.0515625
27 0.70390625 0.4609375 0.09609375 0.05234375
30 0.7875 0.459375 0.0875 0.053125
1 0.159375 0.45546875 0.08984375 0.05625