20 0.7348668981481482 0.5519270833333334 0.1888020833333334 0.2500868055555555
27 0.545630787037037 0.19352430555555555 0.13628472222222215 0.18100694444444443
23 0.15925925925925927 0.19666666666666668 0.1469039351851852 0.17265625
34 0.41724537037037035 0.19770833333333332 0.1399016203703704 0.17328124999999997
41 0.6880497685185185 0.1904340277777778 0.13148148148148148 0.17777777777777776
15 0.2894097222222222 0.1870486111111111 0.1421875 0.17177083333333334
16 0.8272569444444444 0.2318402777777778 0.15031828703703703 0.1805381944444445
39 0.5721354166666667 0.4701215277777778 0.17039930555555555 0.23796874999999992
7 0.42311921296296295 0.4613368055555556 0.19007523148148148 0.2633854166666666
13 0.2583622685185185 0.5186631944444444 0.1734664351851852 0.23647569444444444
14 0.8760416666666666 0.5613194444444444 0.20081018518518512 0.25815972222222217
17 0.0795066550925926 0.49489583333333337 0.1590133101851852 0.2319618055555555