20 0.989554398148148 0.5457175925925926 0.020891203703703808 0.08787615740740726
32 0.9407118055555557 0.719675925925926 0.05523726851851833 0.10410879629629619
0 0.9242766203703703 0.32951388888888894 0.04380787037037024 0.08654513888888893
0 0.9572627314814814 0.3330729166666667 0.04004629629629619 0.0778356481481481
20 0.9629340277777778 0.5148148148148148 0.03990162037037024 0.08640046296296297
15 0.8609375 0.38949652777777777 0.05431134259259274 0.09160879629629637
15 0.9000289351851851 0.4018518518518519 0.04742476851851833 0.08278356481481489
23 0.8872974537037038 0.48240740740740745 0.04800347222222214 0.09059606481481489
29 0.8952546296296298 0.5793113425925925 0.04725115740740762 0.10147569444444429
5 0.885619212962963 0.3125 0.042766203703703806 0.09351851851851851
10 0.9342013888888889 0.4109085648148148 0.03984375 0.08561921296296297
29 0.9324074074074075 0.6180844907407408 0.04221643518518512 0.09661458333333339
26 0.9690104166666668 0.6178819444444444 0.03975694444444429 0.09496527777777786
10 0.9689525462962962 0.42777777777777776 0.037991898148148094 0.08165509259259256
5 0.8455439814814815 0.28686342592592595 0.04395254629629619 0.09901620370370363
23 0.92734375 0.4971354166666667 0.04236111111111107 0.0880497685185185
32 0.9810980902777778 0.7324074074074074 0.03780381944444429 0.10801504629629619
26 0.9911458333333332 0.6440393518518519 0.01770833333333357 0.09340277777777786