32 0.26342592592592595 0.3113773148148148 0.07494212962962958 0.1267534722222222
7 0.814207175925926 0.46703124999999995 0.09554398148148131 0.1309606481481481
1 0.33394097222222224 0.17819444444444443 0.07769097222222224 0.09011574074074073
37 0.5201099537037037 0.22621527777777778 0.07063078703703703 0.0790856481481482
37 0.5836516203703704 0.24120370370370373 0.06906828703703702 0.07906250000000004
1 0.45891203703703703 0.21126157407407406 0.0745081018518519 0.08928819444444444
1 0.39597800925925924 0.19394097222222223 0.07774884259259256 0.09089699074074073
37 0.6488136574074075 0.2569965277777778 0.07309027777777785 0.08068287037037036
31 0.599826388888889 0.406886574074074 0.08370949074074083 0.129224537037037
38 0.19725115740740742 0.2924479166666667 0.07161458333333334 0.11343750000000004
12 0.7410590277777778 0.4487789351851852 0.09369212962962958 0.12703124999999993
30 0.4604456018518519 0.3689236111111111 0.07621527777777785 0.12287037037037037
31 0.6709780092592592 0.4297916666666667 0.08845486111111107 0.13007523148148153
24 0.5283564814814815 0.3902199074074074 0.07717013888888893 0.12522569444444445
26 0.3264178240740741 0.32947916666666666 0.07387152777777777 0.12283564814814821
20 0.3967881944444444 0.35237268518518516 0.05957754629629628 0.1195023148148148