17 0.3078125 0.5484375 0.12578125 0.11875
17 0.41015625 0.51953125 0.12734375 0.1140625
17 0.2046875 0.5859375 0.13046875 0.128125
1 0.76015625 0.50546875 0.0875 0.08984375
10 0.65 0.3796875 0.08125 0.06875
1 0.66875 0.5015625 0.090625 0.0921875
31 0.2046875 0.371875 0.09609375 0.07578125
10 0.72734375 0.3671875 0.06796875 0.06796875
15 0.78671875 0.34921875 0.07421875 0.059375
20 0.8515625 0.3390625 0.08125 0.06640625
5 0.5609375 0.38125 0.0859375 0.071875
0 0.490625 0.390625 0.1046875 0.0828125
34 0.275 0.34140625 0.08984375 0.06796875
26 0.1125 0.39296875 0.07265625 0.06015625
13 0.45546875 0.303125 0.07109375 0.0640625