17 0.6840625 0.5125462962962963 0.12754050925925925 0.1252719907407407
17 0.5821469907407407 0.48894675925925923 0.12903356481481473 0.12066550925925927
17 0.7866319444444445 0.5446990740740741 0.13236689814814823 0.13489004629629625
1 0.23235532407407405 0.4930324074074074 0.08883101851851852 0.09438078703703709
10 0.344375 0.3615393518518518 0.08226851851851853 0.07296296296296294
1 0.32381944444444444 0.4843865740740741 0.09199074074074076 0.09688657407407408
31 0.7898032407407408 0.33063657407407404 0.09721643518518519 0.08076388888888886
10 0.26721643518518523 0.35304976851851855 0.06897569444444436 0.0714930555555556
15 0.2081076388888889 0.33815972222222224 0.07509837962962962 0.06322337962962958
20 0.14341435185185186 0.33136574074074077 0.08223379629629628 0.07061921296296295
5 0.4334143518518519 0.3584837962962963 0.08700231481481477 0.0763310185185185
0 0.5035879629629629 0.36421296296296296 0.10591435185185176 0.0882407407407407
34 0.7199421296296297 0.3038136574074074 0.09085069444444435 0.07262731481481488
26 0.8816782407407409 0.34695023148148146 0.07354745370370352 0.06392361111111118
13 0.5400405092592593 0.2748900462962963 0.07204282407407411 0.06774884259259259