31 0.6110416666666667 0.4295138888888889 0.06484375 0.08335069444444443
11 0.2680208333333333 0.7304513888888888 0.08161458333333335 0.11258680555555553
27 0.5355208333333333 0.7315277777777778 0.07276041666666658 0.12019097222222222
32 0.5251041666666667 0.5601388888888889 0.06739583333333332 0.09822916666666667
6 0.20385416666666667 0.7334375 0.08473958333333335 0.11265624999999986
14 0.47072916666666664 0.29923611111111115 0.05703125 0.07147569444444439
2 0.210625 0.4329513888888889 0.06624999999999996 0.08104166666666668
16 0.33760416666666665 0.728125 0.07692708333333335 0.11248263888888896
26 0.40374999999999994 0.5550347222222223 0.06473958333333343 0.09348958333333339
18 0.3102083333333333 0.2965625 0.06005208333333334 0.06998263888888889
33 0.6747395833333333 0.7377951388888888 0.08223958333333332 0.12196180555555554
17 0.37854166666666667 0.43 0.06239583333333334 0.08173611111111115
13 0.36411458333333335 0.2953645833333333 0.05848958333333334 0.06994791666666664
10 0.16203125000000002 0.5533854166666667 0.05942708333333333 0.08401041666666664
24 0.4691666666666666 0.7322222222222222 0.07130208333333332 0.12171874999999996
8 0.4178645833333333 0.29651041666666667 0.05703125 0.07147569444444439
15 0.22473958333333335 0.5488715277777778 0.05859375 0.0832118055555556
34 0.66875 0.4297916666666667 0.07052083333333332 0.08659722222222221
38 0.5874479166666667 0.5610937500000001 0.0697395833333335 0.09828125000000014
28 0.551875 0.42770833333333336 0.06171875 0.08328124999999993
23 0.3440625 0.5493402777777778 0.06473958333333325 0.09348958333333339
12 0.31994791666666667 0.43130208333333336 0.06317708333333334 0.08175347222222218
29 0.46453125 0.5560243055555556 0.06723958333333328 0.09588541666666668
40 0.7109895833333333 0.5567881944444444 0.06999999999999992 0.090486111111111
1 0.13510416666666666 0.7349652777777778 0.0895833333333333 0.11510416666666679
21 0.4015625 0.7282638888888889 0.07406249999999996 0.11631944444444446
0 0.0330859375 0.5578472222222223 0.066171875 0.09359375000000014
35 0.6329687500000001 0.29953124999999997 0.06005208333333343 0.06998263888888889
20 0.28317708333333336 0.5499131944444444 0.0643229166666666 0.08723958333333322
22 0.43479166666666663 0.42874999999999996 0.06083333333333343 0.08170138888888889
37 0.8397395833333332 0.5562673611111111 0.078125 0.09534722222222225
36 0.64921875 0.5589409722222223 0.07114583333333328 0.09597222222222221
25 0.49250000000000005 0.4290277777777778 0.06255208333333329 0.08407986111111114
30 0.60671875 0.7283854166666666 0.07473958333333339 0.1147743055555555
41 0.7734375 0.5561805555555556 0.07062500000000008 0.08815972222222221
7 0.26369791666666664 0.4325520833333333 0.06645833333333329 0.08416666666666668
9 0.5261979166666666 0.29800347222222223 0.056197916666666715 0.07067708333333336
5 0.09723958333333334 0.5540451388888888 0.05645833333333332 0.08628472222222214
19 0.5777083333333334 0.2976388888888889 0.05687499999999997 0.0691319444444444
39 0.6848958333333334 0.29291666666666666 0.05614583333333343 0.06989583333333335
4 0.20625 0.29965277777777777 0.062291666666666676 0.06847222222222218
3 0.2579166666666667 0.29694444444444446 0.059218749999999966 0.06918402777777777