10 0.928125 0.6328125 0.0828125 0.10859375
27 0.77421875 0.48671875 0.06796875 0.0890625
13 0.640625 0.3515625 0.06015625 0.0765625
14 0.8125 0.35390625 0.06484375 0.07734375
15 0.8609375 0.62421875 0.08125 0.1078125
26 0.65390625 0.48046875 0.0625 0.090625
11 0.396875 0.61875 0.06796875 0.103125
28 0.4703125 0.478125 0.06015625 0.0890625
31 0.41015625 0.47890625 0.0609375 0.0890625
2 0.13828125 0.61875 0.0796875 0.1078125
35 0.59609375 0.62265625 0.06875 0.10546875
8 0.203125 0.62109375 0.078125 0.1046875
38 0.334375 0.61953125 0.06953125 0.1046875
34 0.10859375 0.46328125 0.07578125 0.08984375
39 0.69921875 0.3546875 0.059375 0.0796875
32 0.8375 0.48828125 0.06953125 0.09140625
37 0.52890625 0.484375 0.0578125 0.08828125
17 0.2265625 0.475 0.06875 0.090625
30 0.58828125 0.4828125 0.06015625 0.09140625
33 0.12734375 0.346875 0.0640625 0.07578125
20 0.79296875 0.62109375 0.07890625 0.10625
0 0.346875 0.4734375 0.06640625 0.08984375
24 0.184375 0.35078125 0.0640625 0.07890625
21 0.86953125 0.3609375 0.0671875 0.0796875
23 0.5859375 0.35390625 0.0546875 0.07734375
6 0.415625 0.35 0.05703125 0.07734375
16 0.24296875 0.35234375 0.06328125 0.08125
29 0.71328125 0.48671875 0.06484375 0.08984375
9 0.528125 0.35390625 0.05625 0.0765625
22 0.26953125 0.62578125 0.0734375 0.1046875
36 0.5296875 0.62421875 0.065625 0.10390625
40 0.66015625 0.62109375 0.0703125 0.10390625
7 0.0703125 0.6140625 0.08359375 0.10625
18 0.28671875 0.478125 0.0703125 0.09140625
12 0.35703125 0.35 0.0578125 0.07734375
41 0.471875 0.353125 0.05703125 0.078125
3 0.7265625 0.621875 0.075 0.10703125
25 0.7546875 0.35546875 0.0625 0.078125
19 0.89765625 0.4953125 0.0765625 0.0921875
5 0.46171875 0.62578125 0.0640625 0.1046875
1 0.29921875 0.3546875 0.06328125 0.0796875
4 0.16640625 0.47265625 0.07265625 0.09140625