27 0.21786458333333333 0.4734953703703704 0.0655555555555555 0.10751736111111114
14 0.16954861111111114 0.30927083333333333 0.06786458333333334 0.10687499999999997
8 0.7617361111111111 0.6616030092592593 0.065486111111111 0.10595486111111115
32 0.15774305555555554 0.4691493055555556 0.06637152777777774 0.10834490740740747
24 0.8341493055555557 0.3541377314814815 0.065486111111111 0.10595486111111115
15 0.1503298611111111 0.6183217592592593 0.06800347222222225 0.10999999999999996
35 0.39696180555555555 0.6384201388888888 0.06640625 0.10912615740740747
28 0.5248263888888889 0.4932523148148148 0.06310763888888893 0.10503472222222214
20 0.21052083333333335 0.621105324074074 0.0663368055555555 0.10756365740740748
17 0.7647395833333334 0.5059027777777778 0.06548611111111118 0.10595486111111115
0 0.6437152777777777 0.4971643518518518 0.06473958333333343 0.1066898148148148
10 0.0890798611111111 0.6217418981481482 0.06633680555555554 0.10756365740740748
2 0.8219270833333333 0.6643865740740741 0.06637152777777793 0.10834490740740747
31 0.5850520833333334 0.4952546296296296 0.06310763888888893 0.10503472222222214
26 0.3428993055555556 0.4801215277777778 0.0639930555555555 0.10742476851851848
13 0.3515451388888889 0.3208391203703703 0.06463541666666668 0.10434606481481482
38 0.6400694444444445 0.6496932870370371 0.06637152777777774 0.10834490740740747
16 0.7722916666666666 0.3536053240740741 0.063923611111111 0.10586226851851847
29 0.2795138888888889 0.4787152777777778 0.06552083333333333 0.10673611111111114
23 0.41298611111111116 0.3307465277777778 0.06239583333333343 0.1065509259259259
33 0.8959722222222222 0.3554513888888889 0.06385416666666685 0.10429976851851848
11 0.5783854166666667 0.6452546296296295 0.06708333333333343 0.10682870370370381
39 0.28975694444444444 0.31874421296296296 0.06470486111111118 0.10590856481481481
7 0.8830381944444443 0.6640914351851852 0.064704861111111 0.10590856481481481
30 0.4028125 0.4891550925925926 0.06402777777777775 0.10820601851851848
40 0.33388888888888885 0.6299826388888888 0.06559027777777775 0.10829861111111114
12 0.6514409722222222 0.34096064814814814 0.06463541666666668 0.10434606481481482
5 0.5163541666666667 0.6486284722222222 0.0647743055555555 0.1074710648148148
34 0.8894444444444444 0.5023263888888889 0.0639930555555555 0.10742476851851848
22 0.7006249999999999 0.6618981481481482 0.0655555555555555 0.10751736111111114
37 0.46381944444444445 0.49120370370370364 0.06310763888888893 0.10503472222222214
36 0.4563020833333333 0.6427199074074074 0.06559027777777793 0.10829861111111114
6 0.5919965277777778 0.33900462962962963 0.06463541666666668 0.10434606481481482
25 0.23130208333333332 0.3121469907407407 0.06626736111111109 0.10600115740740748
19 0.09727430555555555 0.4726157407407408 0.06637152777777777 0.10834490740740747
41 0.5333333333333334 0.33709490740740744 0.063923611111111 0.10586226851851847
1 0.7121006944444443 0.3508217592592593 0.06381944444444443 0.10351851851851848
9 0.47314236111111113 0.3343113425925926 0.06303819444444443 0.10347222222222223
21 0.11060763888888889 0.3136111111111111 0.06392361111111108 0.10586226851851847
3 0.27138888888888885 0.6262789351851852 0.06715277777777776 0.10839120370370381
4 0.8266666666666665 0.5048726851851851 0.06701388888888893 0.1052662037037038
18 0.7052604166666667 0.5047280092592593 0.06473958333333343 0.1066898148148148