39 0.37734375 0.6 0.0546875 0.04609375
17 0.640625 0.565625 0.05703125 0.04765625
29 0.4609375 0.51484375 0.04453125 0.0390625
32 0.8046875 0.7375 0.0640625 0.04765625
32 0.50234375 0.43515625 0.0578125 0.02890625
5 0.53203125 0.46796875 0.04921875 0.0375
21 0.41484375 0.6484375 0.0625 0.05078125
29 0.78828125 0.7640625 0.06328125 0.04765625
2 0.53046875 0.59453125 0.05625 0.0390625
2 0.58359375 0.49140625 0.05703125 0.03828125
7 0.57265625 0.54296875 0.05390625 0.03203125
40 0.68828125 0.49375 0.03515625 0.0328125
15 0.4328125 0.60703125 0.04765625 0.04140625
0 0.71875 0.76953125 0.065625 0.05390625
23 0.471875 0.471875 0.05390625 0.03828125
15 0.3703125 0.50390625 0.05546875 0.04140625
27 0.33671875 0.5234375 0.05546875 0.04453125
10 0.50390625 0.55390625 0.06015625 0.040625
0 0.75703125 0.71328125 0.0609375 0.046875
12 0.64140625 0.50078125 0.05625 0.034375
22 0.10625 0.60625 0.01953125 0.059375
22 0.08984375 0.5859375 0.02109375 0.0625
28 0.49296875 0.6640625 0.06328125 0.05234375
7 0.5828125 0.66953125 0.0625 0.0453125
23 0.41171875 0.5171875 0.05546875 0.04296875
5 0.41171875 0.56484375 0.03984375 0.03828125
26 0.7703125 0.7953125 0.06484375 0.05390625
26 0.6015625 0.43125 0.0515625 0.03359375
1 0.65 0.4546875 0.04921875 0.02890625
28 0.48671875 0.7015625 0.0609375 0.03984375
40 0.71328125 0.525 0.05234375 0.040625
6 0.3203125 0.45859375 0.05 0.03515625
34 0.63828125 0.6140625 0.0609375 0.04609375
27 0.37109375 0.4484375 0.05234375 0.03828125
7 0.0484375 0.55234375 0.02265625 0.06171875
12 0.06640625 0.565625 0.025 0.06328125
22 0.11953125 0.625 0.0171875 0.05234375
25 0.13671875 0.65078125 0.01796875 0.0609375
25 0.1515625 0.67421875 0.0171875 0.0609375
28 0.1859375 0.7 0.01796875 0.0671875
0 0.73515625 0.7375 0.0421875 0.03203125
0 0.66328125 0.53359375 0.03359375 0.04140625
11 0.36171875 0.571875 0.04140625 0.0375
31 0.28359375 0.48984375 0.03359375 0.03046875
21 0.4109375 0.42734375 0.0390625 0.021875
23 0.40859375 0.48046875 0.040625 0.02734375
12 0.45234375 0.440625 0.0359375 0.01953125
35 0.55625 0.421875 0.03515625 0.0234375
36 0.48046875 0.4125 0.0328125 0.021875
20 0.45703125 0.39296875 0.0390625 0.02734375
40 0.35859375 0.4734375 0.034375 0.02578125
31 0.203125 0.725 0.01875 0.07265625