15 0.2671875 0.6799421296296296 0.06598958333333335 0.14901041666666667
2 0.5139583333333333 0.46567129629629633 0.052291666666666715 0.11871527777777793
10 0.979140625 0.026545138888888885 0.04171875000000007 0.05309027777777777
31 0.6919791666666667 0.3137615740740741 0.04296875 0.1190104166666666
12 0.5524479166666667 0.43153356481481475 0.051406249999999966 0.11711226851851855
24 0.4375520833333333 0.53078125 0.05744791666666664 0.12598958333333332
28 0.6565624999999999 0.3469560185185185 0.05234375 0.11949652777777775
24 0.4810416666666667 0.501087962962963 0.05411458333333332 0.12270254629629633
25 0.62703125 0.37435763888888884 0.04885416666666664 0.12554398148148146
1 0.31328125 0.6422743055555555 0.06729166666666667 0.13350694444444447
11 0.7538020833333333 0.2533275462962963 0.04322916666666661 0.1229166666666667
22 0.5890625 0.40454861111111107 0.04885416666666664 0.12554398148148155
11 0.398125 0.5626157407407407 0.057083333333333285 0.1321990740740741
6 0.3575520833333333 0.60078125 0.06166666666666672 0.13087962962962968
31 0.7219270833333333 0.28085069444444444 0.043229166666666784 0.1112384259259259