28 0.471875 0.5765625 0.03671875 0.09921875
2 0.71796875 0.42265625 0.02890625 0.08828125
24 0.6625 0.45703125 0.0296875 0.09140625
20 0.565625 0.515625 0.034375 0.09609375
27 0.69140625 0.43828125 0.02734375 0.09296875
21 0.634375 0.4734375 0.03203125 0.09609375
7 0.74375 0.4046875 0.0265625 0.09453125
10 0.50625 0.559375 0.03515625 0.09921875
25 0.43828125 0.6 0.03828125 0.10234375
22 0.4046875 0.625 0.040625 0.10859375
15 0.5390625 0.5375 0.03046875 0.09921875
12 0.77109375 0.3828125 0.0265625 0.08828125
36 0.6015625 0.49609375 0.0296875 0.08828125
36 0.97890625 0.05390625 0.03984375 0.08828125