36 0.459375 0.48359375 0.034375 0.1
32 0.3328125 0.409375 0.0296875 0.10078125
35 0.865625 0.88828125 0.06484375 0.14453125
26 0.42734375 0.46484375 0.03515625 0.10703125
36 0.496875 0.50625 0.03984375 0.1
35 0.38984375 0.44453125 0.0296875 0.1
35 0.3609375 0.4296875 0.03125 0.0984375
32 0.30234375 0.38671875 0.03125 0.10234375
7 0.9859375 0.55703125 0.028125 0.1109375
7 0.9640625 0.58671875 0.03671875 0.1140625
5 0.58515625 0.6828125 0.06015625 0.0609375
5 0.6390625 0.7078125 0.04921875 0.05546875
5 0.6828125 0.7390625 0.0546875 0.05390625