22 0.4616493055555555 0.621105324074074 0.035503472222222145 0.12303819444444439
22 0.49534722222222227 0.5926736111111112 0.03310763888888886 0.12055555555555557
22 0.78765625 0.33457754629629627 0.02496527777777775 0.1052488425925926
10 0.6116145833333333 0.4879918981481482 0.025138888888888822 0.1130613425925926
17 0.524375 0.5647453703703704 0.03380208333333332 0.1166956018518519
31 0.4326736111111111 0.6513773148148149 0.03310763888888886 0.12055555555555557
38 0.5817881944444444 0.5150925925925925 0.025798611111111213 0.10763888888888892
27 0.766267361111111 0.35515625 0.023263888888888928 0.09890624999999993
12 0.5558159722222222 0.5400810185185184 0.0303993055555555 0.10401041666666658
35 0.7165277777777778 0.39902199074074074 0.025642361111111178 0.10060763888888893
26 0.6338368055555555 0.46980324074074076 0.029045138888889 0.11329282407407408
36 0.9786284722222222 0.11572916666666666 0.037864583333333354 0.08884837962962963
37 0.6613368055555555 0.44334490740740745 0.026440972222222213 0.10143518518518527
37 0.6873437499999999 0.41991898148148155 0.02640625000000014 0.09987268518518526
41 0.7402256944444444 0.37701967592592595 0.02381944444444457 0.08879629629629626