10 0.5464351851851852 0.5588541666666667 0.03800347222222218 0.09713541666666678
11 0.4453645833333333 0.6184143518518519 0.0380729166666665 0.0994791666666666
28 0.7039467592592592 0.468125 0.034670138888888855 0.09001157407407412
39 0.6117013888888889 0.5201273148148149 0.03384259259259252 0.08842592592592595
32 0.7930902777777777 0.41524884259259254 0.030972222222222356 0.09692708333333329
34 0.734212962962963 0.44947337962962963 0.03793402777777786 0.09479166666666679
35 0.7621354166666666 0.4307523148148148 0.03060185185185187 0.08442708333333329
39 0.6450231481481481 0.503912037037037 0.03460069444444436 0.08766782407407411
23 0.5813657407407408 0.5411226851851852 0.040439814814814845 0.10032986111111128
25 0.67296875 0.4844097222222222 0.037245370370370345 0.09789351851851862
33 0.4804108796296296 0.5967766203703704 0.03818865740740733 0.1033854166666666
6 0.40411458333333333 0.6383043981481482 0.05222800925925934 0.10302083333333342
1 0.03387731481481481 0.49284143518518525 0.06653356481481482 0.058952546296296406
0 0.5147222222222222 0.5735532407407408 0.031730324074074015 0.09616898148148145