24 0.5421469907407407 0.5418171296296297 0.04149305555555553 0.15333912037037045
28 0.8217071759259259 0.8184374999999999 0.05849537037037038 0.18036458333333344
11 0.7251157407407407 0.7157291666666667 0.05019675925925924 0.17075810185185175
21 0.6350983796296296 0.6194560185185185 0.04991319444444429 0.16528935185185176
5 0.42447337962962967 0.42366319444444445 0.039108796296296336 0.15248842592592596
21 0.5831944444444443 0.5812557870370371 0.04921296296296305 0.16682870370370378
10 0.38905671296296296 0.3875115740740741 0.0409143518518519 0.1572222222222223
28 0.7714988425925926 0.767806712962963 0.056811342592592594 0.17797453703703708
30 0.46305555555555555 0.4606886574074074 0.04614004629629633 0.15269675925925927
11 0.6780729166666667 0.6659722222222222 0.05167824074074083 0.1692418981481481
15 0.3564409722222222 0.3452025462962963 0.03692708333333332 0.15554398148148146
23 0.3219270833333333 0.3114178240740741 0.03692708333333332 0.15554398148148146
36 0.023929398148148148 0.0553125 0.04434027777777778 0.08789930555555556
27 0.5016377314814815 0.4977141203703703 0.04543981481481474 0.1542361111111111
11 0.23941550925925928 0.2395486111111111 0.03750578703703704 0.15166087962962962