26 0.8265625 0.38359375 0.0390625 0.1140625
28 0.4375 0.553125 0.04921875 0.12265625
28 0.390625 0.5734375 0.05390625 0.1265625
31 0.48125 0.53515625 0.04296875 0.1203125
20 0.71953125 0.43359375 0.04140625 0.115625
34 0.525 0.5140625 0.0515625 0.128125
10 0.64375 0.4640625 0.0453125 0.11953125
20 0.7546875 0.4140625 0.040625 0.11796875
5 0.60078125 0.4796875 0.04375 0.1203125
26 0.78828125 0.3953125 0.03984375 0.1171875
32 0.86328125 0.3671875 0.0375 0.12109375
15 0.684375 0.446875 0.0421875 0.1203125
5 0.56484375 0.49765625 0.04453125 0.11953125
24 0.80859375 0.2859375 0.0484375 0.0796875
2 0.86328125 0.88671875 0.05625 0.13984375