25 0.35625 0.38515625 0.040625 0.11015625
26 0.67578125 0.53984375 0.05078125 0.11953125
28 0.3953125 0.40234375 0.0421875 0.1125
29 0.7203125 0.55859375 0.053125 0.12421875
32 0.771875 0.584375 0.06015625 0.12890625
20 0.63515625 0.52109375 0.04921875 0.11875
31 0.43203125 0.42265625 0.040625 0.10859375
15 0.55078125 0.4765625 0.046875 0.1171875
20 0.59140625 0.49765625 0.04921875 0.11640625
10 0.5078125 0.459375 0.0484375 0.11484375
5 0.46796875 0.44140625 0.04140625 0.1109375
12 0.321875 0.36796875 0.0421875 0.1125
21 0.38046875 0.11328125 0.04140625 0.10625
16 0.83828125 0.40234375 0.053125 0.05625