12 0.5388020833333333 0.4484085648148148 0.03828125 0.10679976851851851
29 0.7675347222222222 0.30723379629629627 0.03432291666666672 0.10431134259259256
38 0.46756944444444437 0.4924189814814815 0.041440972222222074 0.10847800925925917
22 0.5031944444444445 0.4700231481481481 0.041440972222222074 0.10847800925925917
20 0.3877083333333333 0.5383101851851853 0.05105902777777782 0.11976273148148149
36 0.4288194444444445 0.5149305555555556 0.04053819444444447 0.10298032407407405
21 0.6709375 0.3685763888888889 0.037413194444444284 0.1028645833333333
2 0.5696875 0.42853009259259256 0.039704861111111 0.10060763888888893
16 0.7065798611111112 0.34539930555555554 0.035815972222222214 0.10124421296296297
6 0.7343055555555555 0.32719907407407406 0.03342013888888893 0.09881365740740744
17 0.11694444444444445 0.8847800925925927 0.07673611111111112 0.15115740740740763
27 0.64328125 0.3836516203703703 0.03822916666666672 0.10445601851851852
30 0.6099131944444445 0.4098668981481481 0.04215277777777775 0.10538194444444446
24 0.8301909722222224 0.26276041666666666 0.038385416666666575 0.1114872685185185