21 0.6208159722222222 0.3970138888888889 0.039010416666666714 0.10530092592592588
10 0.9744965277777778 0.022987557870370372 0.03793402777777786 0.045975115740740743
5 0.8240798611111112 0.23828703703703705 0.030347222222222213 0.10166666666666666
7 0.49041666666666667 0.5069502314814814 0.03932291666666661 0.11936342592592589
12 0.5214930555555556 0.47780092592592593 0.04067708333333329 0.11008101851851855
32 0.7406944444444445 0.30408564814814815 0.030451388888888785 0.10635416666666667
26 0.7700868055555555 0.2804976851851852 0.03114583333333325 0.1024942129629629
0 0.8495138888888889 0.21727430555555555 0.024965277777777573 0.1052488425925926
23 0.8710243055555555 0.19727430555555556 0.026874999999999715 0.12096643518518517
6 0.68046875 0.34588541666666667 0.03348958333333325 0.1026331018518519
5 0.7955034722222222 0.2602662037037037 0.028697916666666677 0.09766782407407408
16 0.6510416666666667 0.3710358796296297 0.03894097222222222 0.10217592592592588
17 0.555625 0.4515914351851852 0.03843749999999986 0.11462962962962955
24 0.5875347222222222 0.4200520833333333 0.02809027777777775 0.10543402777777774
1 0.7136805555555557 0.3259722222222222 0.032656250000000143 0.10024305555555557