2 0.5995023148148148 0.5495138888888889 0.05731481481481495 0.1238078703703703
29 0.23279513888888886 0.38358796296296294 0.0460532407407408 0.1182581018518519
25 0.5569849537037037 0.5304571759259259 0.05671874999999993 0.12692708333333336
2 0.6482696759259259 0.5686168981481481 0.06282986111111129 0.12462962962962969
28 0.4695601851851852 0.4915451388888889 0.056348379629629616 0.12067708333333335
34 0.4260763888888889 0.46935763888888893 0.05662615740740744 0.12536458333333336
28 0.5149247685185185 0.5059374999999999 0.057361111111111106 0.12458912037037032
20 0.3083159722222222 0.41928819444444443 0.051846064814814775 0.12376736111111111
32 0.19510416666666666 0.3669097222222223 0.05005208333333333 0.11984953703703702
23 0.2703009259259259 0.39714120370370376 0.04858217592592595 0.12140046296296295
17 0.1870601851851852 0.8900578703703704 0.07754629629629628 0.14894675925925896
5 0.34835069444444444 0.43598379629629636 0.046927083333333286 0.11982638888888886
0 0.3836053240740741 0.4510821759259259 0.049224537037036956 0.11906250000000007
12 0.5851099537037037 0.31982060185185185 0.07391782407407418 0.04818287037037035
0 0.12086805555555555 0.32653356481481477 0.042008101851851845 0.1158854166666666