28 0.580295138888889 0.5883449074074074 0.05347222222222214 0.12410300925925917
20 0.2576215277777778 0.42800347222222224 0.04321180555555557 0.11881365740740737
26 0.18666666666666668 0.3949305555555555 0.04078125000000003 0.11476851851851855
31 0.535329861111111 0.5661747685185186 0.04489583333333336 0.12437500000000004
24 0.15036458333333333 0.3763946759259259 0.03762152777777779 0.1130208333333333
34 0.4934722222222222 0.5434085648148148 0.054305555555555426 0.1264930555555555
26 0.22373263888888886 0.4127314814814815 0.041579861111111074 0.11559606481481488
20 0.2947916666666667 0.45049189814814816 0.04399305555555557 0.1188599537037037
10 0.3704513888888889 0.4846238425925925 0.04642361111111111 0.12290509259259252
5 0.45093750000000005 0.5252835648148148 0.047951388888888856 0.12143518518518519
15 0.33335069444444443 0.4652604166666666 0.04401041666666661 0.11964120370370371
27 0.11869791666666667 0.3557928240740741 0.03607638888888891 0.11370949074074073
5 0.4107291666666667 0.5065162037037038 0.04251736111111111 0.12267361111111122
2 0.15722222222222224 0.8956481481481482 0.06258680555555554 0.14804976851851848