22 0.5103587962962963 0.5420717592592592 0.03989583333333328 0.1214756944444444
22 0.5406770833333333 0.5112673611111112 0.039849537037036954 0.1206944444444444
31 0.44839120370370367 0.6076793981481481 0.039114583333333286 0.12142939814814824
17 0.5740740740740741 0.4794965277777778 0.03722800925925931 0.11586805555555557
10 0.6506018518518518 0.394994212962963 0.029230324074073978 0.1122800925925926
22 0.4771006944444444 0.5761863425925926 0.04150462962962962 0.12234953703703688
38 0.6271759259259259 0.42303819444444446 0.02789351851851869 0.10285879629629627
35 0.7472974537037038 0.2936168981481481 0.028582175925926025 0.1013425925925926
12 0.5989699074074075 0.4497974537037037 0.03244212962962969 0.10079282407407408
36 0.9800347222222221 0.022941261574074077 0.03960648148148138 0.045882523148148155
26 0.6756365740740741 0.3676388888888889 0.030700231481481488 0.11081018518518526
27 0.7730671296296296 0.2654340277777778 0.025364583333333357 0.09959490740740744
37 0.7257523148148148 0.3137094907407407 0.028854166666666715 0.09279513888888893
37 0.6992939814814815 0.3435011574074074 0.028443287037037024 0.09899884259259259
15 0.36851273148148145 0.17259259259259258 0.05920717592592588 0.04009837962962966