11 0.8171875 0.41328125 0.0390625 0.115625
16 0.85078125 0.39140625 0.0359375 0.1125
6 0.78125 0.428125 0.0390625 0.11484375
17 0.38984375 0.61484375 0.04765625 0.128125
34 0.521875 0.55546875 0.05 0.12265625
29 0.71171875 0.4609375 0.0390625 0.1203125
22 0.434375 0.5953125 0.0484375 0.1234375
34 0.56015625 0.53671875 0.04609375 0.12265625
32 0.74765625 0.4453125 0.04140625 0.11953125
34 0.47734375 0.571875 0.05390625 0.1296875
23 0.6 0.51640625 0.04375 0.12421875
35 0.8671875 0.88828125 0.06171875 0.14296875
23 0.6375 0.49609375 0.0421875 0.12578125
26 0.6734375 0.478125 0.03984375 0.11796875