10 0.48656249999999995 0.5492476851851851 0.04171875000000007 0.09869791666666679
39 0.6822395833333333 0.43691550925925926 0.03718749999999993 0.08929398148148149
23 0.41489583333333335 0.5935069444444444 0.045937499999999964 0.10341435185185191
39 0.64609375 0.45201967592592585 0.03776041666666661 0.08617476851851862
10 0.97265625 0.051359953703703706 0.04020833333333336 0.08775462962962963
23 0.37958333333333333 0.619537037037037 0.05401041666666675 0.10737847222222215
30 0.6199999999999999 0.4686111111111112 0.04265624999999993 0.0893344907407407
22 0.5515625 0.5112847222222222 0.04166666666666661 0.09791666666666661
30 0.5857812499999999 0.48994791666666665 0.04598958333333343 0.09248263888888886
28 0.5189583333333333 0.5318287037037037 0.04312500000000004 0.0963657407407407
36 0.7663541666666667 0.3816319444444444 0.0314583333333335 0.0853472222222222
6 0.71015625 0.41640625 0.037239583333333395 0.09007523148148149
0 0.45203125 0.5752719907407406 0.03692708333333332 0.09710069444444436
10 0.7393229166666666 0.40057291666666667 0.028645833333333214 0.09001157407407412
5 0.6765104166666667 0.2651678240740741 0.041614583333333496 0.038570601851851904
38 0.25979166666666664 0.3432175925925926 0.039427083333333356 0.04089699074074069