20 0.61796875 0.51484375 0.03515625 0.0953125
10 0.5578125 0.559375 0.0359375 0.10234375
23 0.6796875 0.478125 0.03359375 0.0984375
23 0.65 0.4953125 0.03671875 0.09765625
11 0.4921875 0.603125 0.0390625 0.10078125
16 0.525 0.5796875 0.03515625 0.0953125
6 0.9765625 0.05625 0.03515625 0.08515625
28 0.7421875 0.44375 0.03359375 0.09296875
25 0.7109375 0.45625 0.03125 0.0953125
24 0.76953125 0.42265625 0.02734375 0.09453125
6 0.44921875 0.61875 0.04609375 0.10390625
15 0.590625 0.53984375 0.0359375 0.1