11 0.4269444444444444 0.6058333333333333 0.04210069444444429 0.10244791666666657
39 0.6257638888888889 0.47881944444444446 0.03401041666666664 0.0897743055555555
23 0.5979861111111111 0.4989583333333334 0.039722222222222214 0.10083333333333329
23 0.5631597222222222 0.5200347222222221 0.03894097222222222 0.10081597222222208
10 0.4641145833333333 0.5847048611111111 0.04052083333333343 0.1016319444444445
6 0.9745312500000001 0.03974392361111111 0.03713541666666664 0.07948784722222221
39 0.6581597222222222 0.4617013888888889 0.03553819444444439 0.08824652777777775
6 0.38427083333333334 0.6286458333333333 0.05699652777777775 0.10512152777777786
20 0.8055902777777778 0.3631597222222222 0.024861111111111 0.09972222222222218
25 0.6891493055555555 0.4375868055555555 0.035677083333333214 0.09449652777777776
15 0.4981770833333333 0.5628645833333333 0.041319444444444464 0.10243055555555554
35 0.7692534722222222 0.38192708333333336 0.04513888888888893 0.09861111111111107
15 0.5330729166666666 0.5386631944444444 0.039704861111111 0.10005208333333329
28 0.7184722222222222 0.4181944444444444 0.02944444444444443 0.09513888888888893