22 0.6284895833333334 0.5268229166666666 0.048518518518518405 0.11302083333333321
27 0.42877314814814815 0.5897743055555555 0.04938078703703699 0.11852430555555564
17 0.5547337962962964 0.5547743055555555 0.04777199074074083 0.11532986111111114
11 0.386082175925926 0.6066145833333334 0.052563657407407406 0.12256944444444447
12 0.5088483796296297 0.5667881944444444 0.053217592592592664 0.11401041666666671
25 0.665769675925926 0.5136458333333334 0.04541666666666657 0.11444444444444457
7 0.46682291666666664 0.5758506944444444 0.047013888888889 0.11685763888888889
17 0.5927604166666667 0.5392881944444444 0.04774884259259267 0.11376736111111115
26 0.7737268518518519 0.47550347222222217 0.0414756944444445 0.1119270833333335
31 0.7022337962962963 0.49809027777777776 0.0422569444444445 0.11196180555555557
23 0.8079050925925927 0.46374999999999994 0.039959490740740476 0.114982638888889
17 0.8749131944444443 0.9259505208333334 0.07567129629629647 0.14809895833333328
15 0.734837962962963 0.4854861111111111 0.043888888888889 0.11671875000000007
16 0.7669155092592593 0.3846354166666667 0.05746527777777786 0.08453125000000003