20 0.80703125 0.31640625 0.03515625 0.16953125
10 0.97578125 0.05859375 0.03515625 0.0875
33 0.621875 0.49921875 0.03515625 0.15859375
27 0.58671875 0.5421875 0.04140625 0.1484375
25 0.4203125 0.71796875 0.046875 0.18125
10 0.73671875 0.39296875 0.03515625 0.1609375
6 0.46484375 0.67109375 0.0453125 0.171875
33 0.0875 0.46015625 0.10546875 0.053125
16 0.5078125 0.6296875 0.0453125 0.1609375
16 0.54609375 0.578125 0.0421875 0.15703125
22 0.334375 0.81015625 0.04765625 0.18359375
25 0.37734375 0.76328125 0.04921875 0.18515625
12 0.28046875 0.84296875 0.0578125 0.10859375
5 0.69921875 0.41484375 0.02734375 0.15703125
15 0.771875 0.34609375 0.03046875 0.146875