20 0.38765046296296296 0.5302256944444445 0.03743634259259254 0.09905092592592588
10 0.44826967592592587 0.5768055555555556 0.036701388888888783 0.10525462962962955
23 0.3596701388888889 0.5090277777777777 0.03822916666666672 0.10065972222222222
28 0.2725636574074074 0.45071759259259264 0.033483796296296296 0.09256944444444457
11 0.51359375 0.6213194444444444 0.03746527777777775 0.10295717592592588
28 0.2461863425925926 0.42414351851851856 0.027251157407407335 0.09454282407407408
6 0.02302083333333333 0.05763888888888889 0.03423032407407407 0.08792824074074075
23 0.33012731481481483 0.48773726851851845 0.036678240740740706 0.10212962962962954
25 0.2966840277777778 0.4654340277777778 0.0343055555555555 0.09808449074074073
16 0.48094328703703704 0.5974999999999999 0.037418981481481595 0.09670717592592588
15 0.4187326388888889 0.5547337962962964 0.035109953703703664 0.10125578703703689
6 0.557974537037037 0.6442708333333333 0.05390625 0.10861689814814816