7 0.53125 0.4881076388888889 0.0265625 0.10743055555555543
10 0.97578125 0.030668402777777777 0.0359375 0.061336805555555554
26 0.7984375 0.2707638888888889 0.02421875 0.10498263888888885
37 0.4609375 0.5443576388888889 0.03828125 0.106388888888889
12 0.5640625 0.45852430555555557 0.03046875 0.10057291666666668
5 0.82734375 0.24682291666666667 0.0234375 0.1041666666666667
28 0.62578125 0.4065625 0.02890625 0.10675347222222217
16 0.71328125 0.3354861111111111 0.028125 0.09890625000000001
21 0.6859375 0.3554513888888889 0.0296875 0.10600694444444443
32 0.771875 0.2899131944444444 0.0296875 0.10522569444444443
36 0.4984375 0.5184722222222222 0.03515625 0.10625
17 0.5953125 0.43213541666666666 0.0296875 0.11538194444444443
24 0.65625 0.38333333333333336 0.02734375 0.10121527777777777
6 0.7421875 0.3092013888888889 0.02578125 0.10348958333333336