31 0.3897569444444444 0.5358333333333334 0.050434027777777765 0.12026041666666672
16 0.3029513888888889 0.5746874999999999 0.05584490740740744 0.11906250000000007
30 0.2552951388888889 0.5926562499999999 0.058246527777777765 0.12078124999999992
7 0.4740162037037036 0.5022916666666667 0.05347222222222214 0.11812499999999986
2 0.5153067129629629 0.48703124999999997 0.05089699074074083 0.11171875
17 0.43185763888888895 0.5198437499999999 0.05431134259259274 0.11973958333333332
2 0.5510995370370371 0.4721875 0.04777199074074083 0.11151041666666668
11 0.3482060185185185 0.558125 0.05428240740740744 0.11895833333333332
23 0.5916377314814815 0.45609374999999996 0.05037615740740744 0.11869791666666671
30 0.20526620370370371 0.6112500000000001 0.06455439814814809 0.12276041666666657
10 0.6664641203703704 0.4234895833333333 0.04076967592592595 0.11182291666666658
22 0.6168981481481481 0.1546875 0.046932870370370236 0.1098958333333333
15 0.6314525462962963 0.43838541666666664 0.045486111111111074 0.11291666666666664
33 0.3135127314814815 0.28953125 0.04965277777777777 0.03604166666666675
38 0.2731481481481482 0.30093749999999997 0.04962384259259256 0.03526041666666666
17 0.24823495370370371 0.3815104166666667 0.05726273148148149 0.05213541666666668