16 0.490625 0.43203125 0.04453125 0.1203125
27 0.565625 0.375 0.03828125 0.11875
15 0.36796875 0.515625 0.0453125 0.1296875
16 0.44921875 0.45390625 0.04375 0.1171875
12 0.19140625 0.653125 0.05 0.1234375
30 0.6015625 0.34453125 0.034375 0.11328125
17 0.23828125 0.61640625 0.05546875 0.14296875
11 0.4125 0.484375 0.04765625 0.12578125
36 0.63515625 0.32265625 0.0328125 0.1078125
5 0.3265625 0.54921875 0.04375 0.12578125
5 0.28671875 0.58046875 0.0421875 0.13046875
36 0.671875 0.30078125 0.03046875 0.1078125
41 0.728125 0.2421875 0.0296875 0.0984375
24 0.53359375 0.4 0.03984375 0.11796875
36 0.9765625 0.0578125 0.03515625 0.0875
29 0.22578125 0.27578125 0.06796875 0.0484375
29 0.1484375 0.328125 0.07265625 0.0453125
34 0.23515625 0.22421875 0.07109375 0.040625
2 0.1875 0.2984375 0.0640625 0.04375
31 0.33125 0.09609375 0.0546875 0.03515625