20 0.5875 0.415625 0.03203125 0.10390625
23 0.61484375 0.38671875 0.03359375 0.10859375
5 0.4765625 0.5171875 0.034375 0.11328125
10 0.97578125 0.05859375 0.0359375 0.08984375
7 0.37734375 0.60390625 0.03125 0.121875
12 0.40625 0.57421875 0.034375 0.11015625
5 0.50390625 0.4875 0.03125 0.10859375
15 0.5609375 0.43515625 0.03125 0.109375
24 0.67265625 0.33515625 0.02890625 0.103125
21 0.7 0.31796875 0.0265625 0.09609375
34 0.3875 0.1796875 0.05390625 0.03515625
15 0.53359375 0.46328125 0.03828125 0.11015625
23 0.6453125 0.36328125 0.03046875 0.10703125
17 0.4421875 0.5421875 0.0359375 0.10703125
16 0.72265625 0.2953125 0.02421875 0.09921875