16 0.5701273148148148 0.6085185185185186 0.0444618055555555 0.10527199074074076
32 0.37789930555555556 0.4882175925925926 0.03490162037037035 0.09853587962962962
32 0.34881365740740744 0.46944444444444444 0.034971064814814844 0.10087962962962962
30 0.5035474537037037 0.5651678240740741 0.04117476851851851 0.09964120370370377
34 0.18167245370370372 0.37124421296296295 0.028697916666666677 0.09977430555555555
5 0.26212962962962966 0.42011574074074076 0.030144675925925936 0.09594907407407405
5 0.28747106481481477 0.4336226851851852 0.03322337962962969 0.09454861111111104
31 0.4093981481481482 0.504525462962963 0.034050925925925846 0.09615162037037024
22 0.43841435185185185 0.5256423611111112 0.03644097222222218 0.09783564814814802
15 0.23370949074074074 0.4052083333333334 0.0308796296296296 0.09442708333333343
32 0.317337962962963 0.4523553240740741 0.03575231481481485 0.100920138888889
33 0.46986689814814814 0.5435127314814815 0.03572916666666668 0.10013888888888882
24 0.5349999999999999 0.5830381944444445 0.04046296296296283 0.1019444444444444
38 0.2093113425925926 0.3861921296296296 0.02612268518518519 0.09184027777777777
35 0.6183391203703704 0.2713773148148148 0.04155092592592595 0.03335648148148147