29 0.6803356481481482 0.3937847222222222 0.0539756944444445 0.12293402777777773
21 0.8037384259259259 0.3465625 0.05122685185185176 0.11506944444444436
35 0.36115162037037035 0.5296354166666667 0.0532349537037037 0.12369791666666678
23 0.5933159722222221 0.43161458333333336 0.05409722222222228 0.12527777777777765
32 0.7240740740740741 0.3779861111111111 0.054016203703703705 0.12371527777777783
20 0.5494155092592592 0.45053819444444443 0.05421875000000007 0.12762152777777783
26 0.6386574074074074 0.41500000000000004 0.051753472222222284 0.12522569444444437
39 0.7614814814814814 0.36388888888888893 0.05024305555555557 0.11114583333333332
20 0.5046122685185186 0.4718229166666667 0.05754629629629626 0.13159722222222214
27 0.8398263888888889 0.3278125 0.045677083333333354 0.11338541666666675
35 0.30939814814814814 0.5495138888888889 0.0603067129629629 0.12463541666666664
22 0.37159143518518517 0.10255208333333332 0.05386574074074071 0.10576388888888885