29 0.80234375 0.37734375 0.04140625 0.11796875
2 0.3984375 0.55703125 0.05234375 0.1265625
28 0.52578125 0.49921875 0.05078125 0.12109375
28 0.484375 0.515625 0.0515625 0.125
31 0.56875 0.48125 0.04140625 0.12265625
34 0.60625 0.4609375 0.04609375 0.12265625
2 0.35 0.57421875 0.05546875 0.12734375
32 0.8375 0.36015625 0.03984375 0.12109375
23 0.7640625 0.39296875 0.04296875 0.1203125
20 0.72578125 0.4109375 0.04375 0.121875
25 0.4421875 0.53828125 0.0515625 0.1296875
5 0.690625 0.428125 0.040625 0.1203125
17 0.86484375 0.88515625 0.06796875 0.1484375
0 0.65 0.44375 0.04453125 0.11953125