22 0.390625 0.60625 0.05546875 0.14609375
29 0.83359375 0.3890625 0.04375 0.1265625
34 0.52421875 0.5421875 0.0546875 0.134375
26 0.871875 0.36875 0.03984375 0.121875
28 0.4765625 0.56484375 0.0546875 0.13515625
32 0.79765625 0.40546875 0.04296875 0.1265625
25 0.4359375 0.5828125 0.05546875 0.13984375
6 0.60703125 0.50234375 0.05 0.128125
33 0.72578125 0.44453125 0.04296875 0.12734375
34 0.5640625 0.5171875 0.0546875 0.1328125
33 0.7640625 0.421875 0.040625 0.1265625
30 0.6859375 0.46015625 0.046875 0.125
6 0.65078125 0.48046875 0.046875 0.12578125
25 0.9046875 0.3515625 0.0375 0.1265625
22 0.38046875 0.11328125 0.04375 0.10390625
5 0.11875 0.25859375 0.06171875 0.03203125