28 0.44993634259259263 0.5843229166666667 0.053894675925925915 0.12348958333333329
17 0.537037037037037 0.6275000000000001 0.051012731481481485 0.12796875000000013
31 0.40990162037037037 0.5629687499999999 0.048385416666666715 0.12234374999999993
34 0.36451967592592593 0.54359375 0.053315972222222195 0.12734375
28 0.49071180555555555 0.6049479166666666 0.0547974537037037 0.12588541666666658
26 0.1687789351851852 0.44723958333333336 0.04271412037037039 0.11807291666666657
20 0.20240162037037038 0.4650520833333333 0.046660879629629635 0.11911458333333336
20 0.24552083333333333 0.48583333333333334 0.04986689814814813 0.12088541666666668
10 0.3205381944444444 0.5211979166666667 0.04834490740740742 0.12156249999999993
32 0.09730324074074075 0.40510416666666665 0.042013888888888885 0.11958333333333329
15 0.2852314814814815 0.5009375 0.046082175925925915 0.12296875000000007
26 0.1326909722222222 0.42692708333333335 0.04020833333333336 0.11479166666666671
41 0.5810590277777777 0.6506770833333333 0.04904513888888893 0.12005208333333339
2 0.18293981481481483 0.9005208333333334 0.06506365740740741 0.1436979166666667
5 0.1696412037037037 0.34375 0.05314814814814817 0.07906250000000004
34 0.3498263888888889 0.24520833333333333 0.06559027777777775 0.04874999999999998