11 0.8171875 0.4140625 0.0390625 0.115625
6 0.78125 0.428125 0.0390625 0.1140625
17 0.38984375 0.6140625 0.046875 0.12890625
34 0.52265625 0.5546875 0.0515625 0.12265625
16 0.85078125 0.3921875 0.0359375 0.11484375
22 0.434375 0.59609375 0.04921875 0.12421875
34 0.56015625 0.53671875 0.04765625 0.121875
29 0.7125 0.4609375 0.040625 0.12109375
34 0.4765625 0.571875 0.0546875 0.13046875
32 0.7484375 0.4453125 0.04140625 0.11953125
23 0.6 0.51796875 0.0453125 0.12421875
23 0.63671875 0.5 0.0421875 0.121875
26 0.6734375 0.478125 0.040625 0.11796875
35 0.86640625 0.8875 0.06484375 0.14296875
17 0.72734375 0.33671875 0.05390625 0.0421875