27 0.7359375 0.45 0.0421875 0.1109375
25 0.5375 0.52578125 0.0453125 0.11328125
28 0.57734375 0.5 0.0453125 0.09765625
21 0.6203125 0.4953125 0.04375 0.11640625
24 0.66171875 0.48125 0.04375 0.11640625
17 0.4984375 0.5453125 0.046875 0.11875
20 0.7734375 0.43515625 0.040625 0.11015625
26 0.81171875 0.4171875 0.03828125 0.10546875
27 0.70078125 0.4640625 0.04453125 0.11328125
2 0.41484375 0.58515625 0.05390625 0.11796875
36 0.853125 0.4078125 0.03671875 0.096875
7 0.45625 0.5640625 0.04453125 0.1203125
35 0.88515625 0.3921875 0.03359375 0.0984375
2 0.86484375 0.88828125 0.06953125 0.14375
16 0.84453125 0.30859375 0.04921875 0.07890625