25 0.4328125 0.521875 0.04453125 0.12890625
24 0.30859375 0.6171875 0.046875 0.12890625
6 0.21484375 0.690625 0.06015625 0.13984375
11 0.26015625 0.6515625 0.053125 0.1375
7 0.35 0.58125 0.03984375 0.13125
34 0.47109375 0.4875 0.04453125 0.12890625
20 0.50859375 0.45703125 0.04296875 0.1203125
23 0.55 0.4328125 0.0421875 0.13046875
21 0.7328125 0.296875 0.03203125 0.115625
35 0.0484375 0.33671875 0.06015625 0.05
12 0.3890625 0.54921875 0.046875 0.1203125
39 0.69765625 0.3234375 0.034375 0.109375
36 0.5859375 0.403125 0.03515625 0.1140625
38 0.659375 0.346875 0.0328125 0.1140625
6 0.43984375 0.2953125 0.07109375 0.0578125
40 0.621875 0.3703125 0.03359375 0.09765625