24 0.44609375 0.5171875 0.04765625 0.12109375
10 0.97578125 0.05859375 0.03515625 0.08828125
12 0.521875 0.4546875 0.04453125 0.1125
28 0.63125 0.371875 0.04765625 0.1171875
15 0.22265625 0.6859375 0.05625 0.1484375
25 0.59921875 0.39921875 0.05078125 0.12265625
24 0.4875 0.48671875 0.05 0.12109375
31 0.6703125 0.34453125 0.04140625 0.11328125
26 0.26953125 0.65078125 0.046875 0.1421875
11 0.39765625 0.546875 0.0515625 0.12265625
22 0.56328125 0.43125 0.0453125 0.125
31 0.70390625 0.31484375 0.03984375 0.11875
1 0.3125 0.6140625 0.04375 0.12265625
6 0.35546875 0.578125 0.0390625 0.128125