30 0.4169791666666667 0.6023263888888889 0.04411458333333336 0.10005208333333329
34 0.45489583333333333 0.5835416666666666 0.04208333333333343 0.1046875
29 0.5233854166666667 0.5391145833333334 0.04171875000000007 0.09921875
24 0.38255208333333335 0.6272743055555555 0.044218750000000015 0.10161458333333329
15 0.74453125 0.40470486111111104 0.035208333333333286 0.095173611111111
15 0.7130208333333333 0.4210069444444445 0.03671875 0.09442708333333324
11 0.9727083333333333 0.040130208333333334 0.041770833333333354 0.08026041666666667
32 0.5886458333333333 0.4963194444444444 0.03937500000000007 0.09916666666666671
32 0.5575520833333334 0.5180729166666667 0.04192708333333321 0.10234375
5 0.68453125 0.4388020833333333 0.03588541666666671 0.09362847222222222
16 0.33578125000000003 0.65015625 0.04833333333333334 0.104826388888889
12 0.7746875 0.38531250000000006 0.03166666666666664 0.08885416666666668
26 0.4892708333333333 0.559375 0.03703125000000007 0.09911458333333326
5 0.6560937499999999 0.45581597222222214 0.03687499999999986 0.09677083333333343
32 0.6219791666666666 0.47607638888888887 0.04083333333333332 0.09763888888888879
12 0.007382812500000002 0.8757638888888888 0.014765625000000004 0.08824652777777757