33 0.5394965277777778 0.4294212962962963 0.05240162037037042 0.1298900462962962
15 0.3017939814814815 0.6420312499999999 0.06733217592592596 0.1424421296296295
33 0.5763020833333334 0.39663773148148146 0.04369212962962976 0.12781828703703707
30 0.4969328703703704 0.4586226851851851 0.055179398148148096 0.12538773148148152
21 0.3858506944444445 0.558582175925926 0.05827546296296297 0.13568287037037036
6 0.9796079282407408 0.0210228587962963 0.040784143518518334 0.0420457175925926
30 0.45951967592592596 0.49379629629629634 0.06365740740740744 0.12433449074074084
16 0.3427083333333333 0.6011574074074074 0.06825810185185191 0.13394097222222215
10 0.2600983796296297 0.682951388888889 0.07068865740740744 0.14575231481481482
27 0.42769097222222224 0.5302083333333334 0.05992476851851851 0.12644675925925916
12 0.24866898148148148 0.26382523148148146 0.07126736111111107 0.048559027777777784
5 0.20801504629629633 0.7213483796296296 0.06550925925925925 0.14933449074074084
34 0.13420138888888888 0.28630208333333335 0.07936921296296298 0.05292824074074076
41 0.6839699074074075 0.3141435185185185 0.047106481481481485 0.11090856481481488
25 0.13602430555555556 0.3426909722222222 0.07780671296296297 0.05283564814814819
11 0.7195023148148147 0.2853587962962963 0.04490740740740744 0.12322337962962955
12 0.17607060185185186 0.31128472222222225 0.07824074074074075 0.04819444444444443
1 0.6868923611111111 0.08876736111111112 0.07482638888888893 0.06510416666666666
41 0.6475405092592592 0.34141203703703704 0.041724537037037025 0.10125578703703705