29 0.26875 0.33671875 0.0411168981481481 0.10405092592592595
20 0.4839409722222222 0.46296296296296297 0.04626736111111107 0.11064814814814809
16 0.45190972222222225 0.4443576388888889 0.0453125 0.10824652777777785
22 0.18758680555555557 0.28912037037037036 0.03602430555555558 0.09823495370370372
38 0.3276909722222222 0.36964699074074076 0.04256365740740744 0.10260416666666661
17 0.798148148148148 0.8258391203703704 0.0828125 0.15298032407407405
36 0.4217881944444445 0.42094907407407406 0.04149305555555553 0.09864004629629637
30 0.21226851851851852 0.30205439814814816 0.03926504629629628 0.10002893518518521
2 0.5525752314814815 0.5013888888888889 0.05138888888888893 0.10636574074074083
27 0.3927083333333333 0.40445601851851853 0.03917824074074074 0.10934606481481488
6 0.24230324074074075 0.3161458333333333 0.03764467592592595 0.09913194444444447
12 0.5190393518518519 0.48211805555555554 0.04516782407407405 0.11678240740740745
21 0.30017361111111107 0.3530381944444444 0.03865740740740744 0.10231481481481479
0 0.15963541666666667 0.26788194444444446 0.035214120370370375 0.10827546296296298