23 0.78359375 0.3734375 0.034375 0.16171875
20 0.74609375 0.40625 0.0390625 0.15703125
33 0.56484375 0.60703125 0.03515625 0.1734375
25 0.678125 0.4875 0.0359375 0.16171875
22 0.64140625 0.5265625 0.034375 0.16875
16 0.34296875 0.82109375 0.0515625 0.16015625
15 0.71328125 0.44609375 0.03515625 0.159375
24 0.390625 0.7953125 0.04609375 0.184375
17 0.29453125 0.8453125 0.0421875 0.11015625
27 0.4359375 0.74765625 0.03828125 0.1609375
27 0.48046875 0.696875 0.034375 0.16953125
30 0.52421875 0.64921875 0.03984375 0.18125
17 0.60234375 0.56171875 0.03515625 0.17890625