16 0.49338541666666663 0.3722048611111111 0.04989583333333343 0.11750000000000008
29 0.57859375 0.42796874999999995 0.05354166666666664 0.1254513888888889
29 0.6173958333333334 0.45758680555555553 0.05218749999999996 0.12850694444444438
27 0.41833333333333333 0.32774305555555555 0.04734374999999993 0.11427083333333332
24 0.4574479166666666 0.3502951388888889 0.04499999999999993 0.11416666666666667
17 0.7946875 0.5782118055555555 0.059270833333333425 0.14128472222222221
15 0.6614583333333333 0.4838368055555556 0.05218749999999996 0.12850694444444458
30 0.3829166666666667 0.3018923611111111 0.043333333333333356 0.11253472222222224
5 0.7501041666666667 0.5441493055555556 0.046822916666666714 0.129826388888889
12 0.8478645833333334 0.6118923611111111 0.06218749999999993 0.12661458333333328
11 0.5346354166666666 0.40328125000000004 0.048697916666666785 0.12289930555555557
5 0.7042708333333334 0.51484375 0.04989583333333343 0.12918402777777782
36 0.34567708333333336 0.28395833333333337 0.03848958333333332 0.10998263888888893
36 0.026510416666666665 0.056805555555555554 0.040937499999999995 0.08828125