16 0.6087268518518518 0.5769965277777778 0.05436921296296297 0.12335069444444446
11 0.6499652777777778 0.6109027777777778 0.05531250000000014 0.12885416666666671
24 0.5712789351851851 0.5471701388888889 0.05034722222222214 0.11927083333333321
20 0.42006365740740736 0.4231076388888889 0.047407407407407474 0.1253819444444444
23 0.379375 0.3970486111111111 0.04589120370370363 0.126875
15 0.45514467592592595 0.45361111111111113 0.04193865740740747 0.12513888888888883
23 0.33958333333333335 0.3671180555555556 0.042743055555555555 0.12595486111111107
15 0.49181134259259257 0.4834027777777778 0.044351851851851976 0.12758680555555557
6 0.693431712962963 0.6488194444444444 0.05625578703703695 0.1343576388888888
11 0.021701388888888888 0.05963541666666668 0.03779513888888889 0.090625
24 0.5315104166666667 0.5164583333333332 0.04729166666666664 0.12147569444444457
37 0.30592592592592593 0.34137152777777774 0.03278935185185183 0.10600694444444443
6 0.5530150462962963 0.31871527777777775 0.07050925925925924 0.0624305555555555
34 0.9102141203703704 0.40812499999999996 0.07285300925925924 0.06253472222222226