25 0.386724537037037 0.7447106481481482 0.04744791666666668 0.1834953703703704
25 0.3401967592592593 0.7908912037037037 0.04982638888888893 0.18821759259259246
22 0.2937037037037037 0.8417592592592593 0.052193287037037094 0.19137731481481488
29 0.712025462962963 0.36832175925925925 0.03402777777777786 0.16454861111111113
33 0.6167534722222222 0.47783564814814816 0.029322916666666643 0.16213541666666664
20 0.6454513888888889 0.4501388888888889 0.03393518518518519 0.15204861111111115
6 0.4656886574074074 0.6482349537037038 0.0433912037037036 0.16312499999999996
10 0.7778877314814815 0.29586805555555556 0.03792824074074073 0.16382523148148148
6 0.5114756944444444 0.607511574074074 0.040289351851851764 0.1662037037037038
30 0.5811458333333334 0.5218344907407408 0.039415509259259275 0.15369212962962955
1 0.4277430555555556 0.6929803240740741 0.04418402777777786 0.16469907407407405
23 0.6771759259259259 0.40920717592592587 0.036354166666666646 0.16223958333333321
11 0.5462905092592593 0.5619386574074074 0.03790509259259256 0.16070023148148155