36 0.5226851851851851 0.4643518518518519 0.03807870370370381 0.1012731481481481
32 0.6520254629629629 0.3846643518518518 0.03342013888888893 0.10188078703703703
35 0.6230902777777778 0.4075810185185185 0.03417245370370363 0.10112847222222214
35 0.10228587962962962 0.8824942129629629 0.07175925925925926 0.14699074074074084
32 0.6833333333333333 0.3608796296296296 0.03501157407407405 0.10271990740740744
36 0.4835648148148148 0.48842592592592593 0.04508101851851851 0.10075231481481488
35 0.5905671296296295 0.4220486111111111 0.03260995370370381 0.1010706018518519
26 0.5562210648148149 0.44360532407407405 0.03752893518518512 0.10749421296296298
7 0.008470775462962963 0.5594907407407408 0.016941550925925926 0.11692708333333339
5 0.3871238425925926 0.6698784722222222 0.055931712962962975 0.056684027777777854
5 0.33466435185185184 0.6960069444444444 0.047974537037037024 0.05248842592592595
5 0.28923611111111114 0.721875 0.059259259259259255 0.062268518518518515