6 0.9774479166666665 0.0923900462962963 0.03770254629629619 0.08723958333333334
30 0.5040046296296297 0.6804398148148149 0.05251736111111107 0.1658275462962962
7 0.6931828703703704 0.48064236111111114 0.03689236111111107 0.16524884259259257
22 0.7636631944444444 0.4098958333333333 0.03992476851851841 0.16223958333333338
5 0.5826388888888889 0.5951678240740741 0.0448206018518519 0.16944444444444445
26 0.662355324074074 0.5200810185185185 0.04311921296296291 0.16469907407407405
0 0.5424826388888888 0.6358217592592592 0.042476851851851904 0.16935763888888894
11 0.3315914351851852 0.8402777777777779 0.04699652777777778 0.1375289351851851
21 0.3760011574074074 0.8114872685185185 0.04410879629629631 0.17175925925925917
21 0.4189583333333333 0.760011574074074 0.04560185185185191 0.16947337962962977
24 0.4606307870370371 0.7178530092592593 0.04316550925925924 0.16626157407407405
17 0.7271585648148149 0.44210069444444444 0.041440972222222074 0.16073495370370364
23 0.6219212962962963 0.5513599537037037 0.045648148148148236 0.17103587962962957
32 0.7944907407407407 0.370457175925926 0.03549189814814806 0.17065972222222214