11 0.9790798611111111 0.051354166666666666 0.03935763888888886 0.08933449074074074
25 0.4205729166666667 0.665 0.04342013888888889 0.17372106481481495
20 0.6071990740740741 0.4495081018518519 0.03810763888888893 0.15259259259259253
23 0.6381655092592593 0.4133333333333333 0.039282407407407405 0.16587962962962965
27 0.7030381944444445 0.33471064814814816 0.039716435185185264 0.15416666666666662
22 0.38361111111111107 0.7098148148148148 0.04585648148148147 0.176863425925926
6 0.492818287037037 0.5714756944444443 0.04144097222222225 0.15964699074074068
27 0.7371527777777778 0.2992939814814815 0.03420138888888893 0.1525636574074074
10 0.5797280092592592 0.49815972222222216 0.044797453703703735 0.16748263888888887
6 0.4604282407407407 0.6123495370370371 0.04314236111111107 0.16434606481481495
10 0.535457175925926 0.5336516203703704 0.04782986111111107 0.164380787037037
29 0.10318287037037037 0.26491898148148146 0.09923032407407409 0.053848379629629586