15 0.8199247685185185 0.6460300925925926 0.06398726851851855 0.14703703703703716
10 0.02769097222222222 0.057158564814814815 0.04038773148148148 0.09036458333333333
24 0.586394675925926 0.4889583333333333 0.054050925925925954 0.12387152777777785
28 0.3934548611111111 0.3553530092592593 0.053038194444444374 0.11991898148148153
22 0.46631944444444445 0.4074826388888889 0.04876736111111111 0.1266724537037037
25 0.42563657407407407 0.3824537037037037 0.05023726851851862 0.12520254629629637
1 0.76921875 0.610619212962963 0.06701388888888893 0.13242476851851848
12 0.5059895833333334 0.42865162037037036 0.050277777777777644 0.11274884259259252
31 0.35185185185185186 0.3280266203703704 0.045225694444444464 0.11945601851851854
11 0.6773668981481482 0.5423668981481482 0.06154513888888893 0.1321006944444445
24 0.5415277777777778 0.45947337962962964 0.05478587962962962 0.12313657407407419
26 0.2817476851851852 0.28278935185185183 0.04090856481481477 0.12542824074074072
6 0.7240740740740741 0.5764467592592593 0.06434606481481495 0.12681712962962965
11 0.632638888888889 0.5152256944444444 0.05920138888888893 0.1319618055555555
31 0.3174189814814815 0.3026273148148148 0.03920717592592595 0.12299189814814815