22 0.44449652777777776 0.5354571759259259 0.0625 0.14395833333333333
34 0.3494791666666667 0.5870601851851852 0.07062499999999998 0.1514525462962963
33 0.6934895833333334 0.4030439814814814 0.048697916666666785 0.13145254629629619
34 0.40069444444444446 0.5567534722222222 0.06878472222222225 0.1451099537037038
6 0.5313888888888889 0.4913483796296296 0.05892361111111111 0.13361689814814817
30 0.6190972222222222 0.446412037037037 0.058819444444444355 0.13127314814814817
20 0.7331076388888889 0.38822916666666674 0.05036458333333336 0.13388888888888886
6 0.5728125000000001 0.47097222222222224 0.057395833333333354 0.1343055555555555
25 0.4859895833333333 0.5135185185185185 0.062361111111111 0.1408333333333333
33 0.6575694444444444 0.4223148148148148 0.053489583333333354 0.134074074074074
22 0.3722743055555556 0.09170138888888889 0.04907986111111109 0.10498263888888888
34 0.4132986111111111 0.09784143518518519 0.05164930555555554 0.05760416666666666