24 0.4875 0.525 0.034375 0.153125
21 0.3984375 0.5984375 0.0421875 0.1625
28 0.2234375 0.7921875 0.04921875 0.18125
10 0.63046875 0.37578125 0.034375 0.15859375
27 0.52109375 0.47890625 0.03828125 0.153125
5 0.59921875 0.4078125 0.03125 0.1484375
36 0.97734375 0.0578125 0.03671875 0.0859375
11 0.31328125 0.69140625 0.0421875 0.16875
21 0.446875 0.56328125 0.040625 0.165625
11 0.2703125 0.74296875 0.04296875 0.175
15 0.66328125 0.33203125 0.03203125 0.15703125
11 0.35703125 0.64296875 0.04140625 0.16953125
28 0.17421875 0.8421875 0.05234375 0.184375
30 0.56328125 0.44609375 0.0390625 0.15625