16 0.50546875 0.4171875 0.04140625 0.11484375
27 0.58125 0.3625 0.0421875 0.115625
29 0.34375 0.54140625 0.04375 0.12890625
29 0.38828125 0.50625 0.0453125 0.12890625
11 0.46875 0.44609375 0.0421875 0.11953125
17 0.68671875 0.284375 0.03359375 0.12109375
15 0.3 0.57109375 0.04609375 0.13203125
24 0.54375 0.3875 0.03671875 0.11484375
5 0.21640625 0.64140625 0.04375 0.1328125
5 0.2625 0.60390625 0.04296875 0.1296875
6 0.42890625 0.4734375 0.04375 0.12109375
12 0.16640625 0.67578125 0.05078125 0.1296875
30 0.615625 0.3359375 0.0359375 0.11171875
30 0.6515625 0.31015625 0.034375 0.11171875
36 0.97734375 0.0578125 0.0359375 0.0859375