33 0.5190104166666666 0.549681712962963 0.04833333333333343 0.16388888888888892
10 0.971875 0.03342013888888888 0.04020833333333336 0.06684027777777776
20 0.67890625 0.3839988425925926 0.04312500000000004 0.15590277777777778
15 0.6436458333333334 0.4336226851851852 0.05052083333333339 0.16163194444444445
25 0.28875 0.788888888888889 0.055312499999999966 0.1867476851851851
12 0.24046875 0.8234085648148148 0.06354166666666669 0.13483796296296297
27 0.47927083333333337 0.5963541666666666 0.04906249999999997 0.16313657407407406
33 0.56375 0.509837962962963 0.05328125000000004 0.16796875
16 0.43557291666666664 0.6439525462962963 0.061093749999999857 0.16825810185185192
32 0.7544270833333334 0.31495949074074076 0.045364583333333285 0.1661168981481481
5 0.6068229166666667 0.4716145833333333 0.04890624999999993 0.16079282407407405
25 0.34140625 0.7355034722222221 0.048072916666666646 0.17167245370370382
6 0.38828125 0.6870081018518518 0.046510416666666644 0.1599247685185185
26 0.7175 0.3545138888888889 0.04052083333333343 0.15190972222222224