16 0.5069849537037037 0.5831886574074074 0.05295138888888893 0.11753472222222214
22 0.7253993055555557 0.4846585648148148 0.04942129629629619 0.10969907407407398
23 0.8935474537037036 0.41151041666666666 0.044774305555555574 0.1104456018518519
12 0.6177141203703703 0.533130787037037 0.050983796296296194 0.10971064814814824
11 0.4631423611111112 0.5967997685185186 0.05685763888888893 0.11756365740740726
27 0.5474189814814816 0.5641319444444445 0.04990740740740733 0.11907407407407397
17 0.6535821759259258 0.5164525462962963 0.04888310185185176 0.11438078703703702
25 0.7564178240740741 0.4648900462962963 0.04653935185185176 0.11436342592592581
17 0.6916319444444444 0.4966319444444444 0.047939814814814775 0.11125000000000007
15 0.9255902777777777 0.39642361111111113 0.044074074074074335 0.11200231481481478
7 0.582505787037037 0.5474594907407407 0.04884259259259256 0.11359953703703703
17 0.9125868055555555 0.8842071759259259 0.07570601851851855 0.149722222222222
15 0.8269965277777779 0.43935763888888885 0.0482233796296299 0.11671875000000007
26 0.8597800925925927 0.42348379629629634 0.04395254629629619 0.10965856481481477