26 0.594375 0.4527083333333334 0.05249999999999986 0.13416666666666668
29 0.5103125000000001 0.5003125 0.05421875000000007 0.13661458333333343
2 0.46447916666666667 0.5228125 0.054479166666666676 0.12885416666666671
10 0.63546875 0.43130208333333336 0.04994791666666672 0.13088541666666664
31 0.7509375 0.3676041666666666 0.045781249999999926 0.12671875000000005
17 0.7891145833333333 0.34328125 0.04770833333333328 0.1322916666666666
33 0.6720833333333334 0.40708333333333335 0.046927083333333286 0.13223958333333333
32 0.55390625 0.47640625 0.05119791666666664 0.13796874999999992
41 0.7136979166666666 0.38953125 0.04572916666666664 0.11427083333333332
36 0.32536458333333335 0.6028645833333334 0.060104166666666715 0.13156250000000008
36 0.37859375 0.5744270833333334 0.05223958333333325 0.13026041666666668
21 0.37296874999999996 0.08713541666666666 0.04744791666666668 0.10505208333333331
26 0.8617708333333333 0.30343749999999997 0.053281249999999857 0.13421874999999997
16 0.02563802083333333 0.33895833333333336 0.05127604166666666 0.06953125
39 0.4202604166666667 0.5444270833333333 0.04963541666666664 0.12619791666666663