24 0.408744212962963 0.5404687499999999 0.046348379629629656 0.1229861111111111
29 0.7084780092592593 0.31380787037037033 0.03852430555555557 0.12214699074074069
24 0.36859375 0.5721990740740741 0.04866898148148149 0.12144097222222214
25 0.5624652777777778 0.42365162037037035 0.04090277777777764 0.1245081018518519
12 0.5261400462962962 0.4499421296296296 0.042303240740740836 0.11358217592592582
15 0.739380787037037 0.29060185185185183 0.03384837962962965 0.12289351851851844
23 0.6359085648148148 0.3718576388888889 0.04012152777777782 0.12450231481481477
11 0.9774189814814814 0.0650462962962963 0.037222222222222004 0.0869849537037037
11 0.32219328703703703 0.6038831018518518 0.04880787037037031 0.13081597222222213
11 0.28050347222222227 0.6371643518518518 0.052771990740740723 0.13475115740740745
23 0.6721990740740741 0.3432233796296297 0.03852430555555557 0.12214699074074069
6 0.23498842592592592 0.6758854166666667 0.05831018518518523 0.13947916666666665
20 0.598755787037037 0.39501736111111113 0.0416261574074074 0.12060763888888885
7 0.4859664351851851 0.4801099537037037 0.038570601851851904 0.1252719907407407
33 0.45124999999999993 0.509537037037037 0.044878472222222146 0.129224537037037
38 0.16799768518518518 0.26684027777777775 0.04674189814814813 0.04409143518518519
6 0.44419560185185186 0.2970081018518519 0.06887152777777779 0.06144097222222218
35 0.04487847222222222 0.3401388888888889 0.053026620370370384 0.046481481481481526
35 0.2296064814814815 0.1016898148148148 0.04745370370370363 0.039409722222222235
37 0.24781828703703704 0.22368634259259262 0.045949074074074045 0.04330439814814815
36 0.09449652777777777 0.31472800925925926 0.04831597222222221 0.044884259259259277