11 0.9761284722222221 0.03342013888888888 0.03658564814814795 0.06684027777777776
16 0.6210011574074074 0.411255787037037 0.029670138888888788 0.10419560185185191
20 0.5336805555555555 0.49571759259259257 0.03443865740740737 0.11530671296296298
23 0.499849537037037 0.5289930555555555 0.03605902777777779 0.12317708333333321
21 0.6508854166666667 0.38359375 0.025758101851851834 0.10326967592592595
27 0.7019849537037037 0.338744212962963 0.024953703703703665 0.10011574074074074
39 0.562800925925926 0.46574074074074073 0.029629629629629763 0.0987268518518519
17 0.7523148148148149 0.2923611111111111 0.022673611111111214 0.10862268518518521
12 0.7248206018518519 0.31368634259259254 0.02333912037037038 0.09302662037037042
20 0.7751504629629629 0.26730324074074074 0.02186921296296305 0.10546875
39 0.5903298611111112 0.43972800925925926 0.0296180555555555 0.0971643518518519
27 0.6736921296296297 0.3624421296296297 0.024166666666666715 0.09930555555555554