28 0.7672569444444445 0.765451388888889 0.05161458333333328 0.17883101851851854
28 0.7193055555555555 0.7177083333333334 0.05234375 0.17649884259259246
5 0.4306423611111111 0.42344907407407406 0.03861111111111111 0.1559895833333334
7 0.8638541666666667 0.8570196759259259 0.05336805555555557 0.18744791666666671
36 0.023940972222222225 0.05747685185185185 0.03864583333333334 0.08726273148148148
33 0.3364756944444444 0.3005844907407408 0.03930555555555557 0.15209490740740747
15 0.3953993055555555 0.3848958333333333 0.03713541666666664 0.15987268518518521
21 0.5833333333333334 0.577488425925926 0.043489583333333214 0.1646527777777777
17 0.8127604166666668 0.8085416666666667 0.05581597222222214 0.1921701388888888
27 0.5472222222222223 0.5350405092592594 0.04083333333333332 0.15055555555555564
30 0.5050173611111111 0.4997164351851852 0.04243055555555557 0.15214120370370382
11 0.6704166666666667 0.6629456018518518 0.04444444444444447 0.1724768518518518
30 0.4665972222222222 0.4588657407407407 0.04092013888888886 0.15446180555555564
11 0.6272395833333333 0.6190393518518519 0.044340277777777715 0.16778935185185198