21 0.5495833333333333 0.4427777777777777 0.043755787037036954 0.10847800925925917
25 0.6133680555555555 0.4019560185185185 0.038258101851851835 0.10428819444444457
27 0.4795370370370371 0.48236111111111113 0.04377893518518512 0.11160300925925917
27 0.5106481481481482 0.4619907407407407 0.04296875 0.10765625000000015
25 0.5814641203703704 0.4208043981481481 0.03983796296296305 0.10671296296296298
32 0.6794907407407408 0.36023148148148143 0.03748842592592592 0.10581018518518519
20 0.7961805555555556 0.28696759259259264 0.03120949074074062 0.10157986111111103
10 0.7386168981481481 0.3235590277777778 0.03198495370370367 0.10083912037037042
32 0.7129687499999999 0.34286458333333336 0.03748263888888879 0.10502893518518519
15 0.7705208333333333 0.3047106481481482 0.03357060185185183 0.10404513888888882
32 0.6483854166666667 0.3813831018518518 0.03907407407407391 0.10901620370370368
17 0.14094907407407406 0.8805324074074076 0.06670138888888885 0.148715277777778
33 0.4422164351851851 0.5085243055555555 0.04299768518518512 0.11156250000000015
33 0.4064467592592592 0.5330439814814815 0.044606481481481455 0.11789351851851855
2 0.03919560185185185 0.5434895833333333 0.022488425925925926 0.08394675925925928
7 0.014004629629629627 0.5190046296296297 0.0202662037037037 0.10023148148148149