16 0.5951851851851852 0.4374074074074074 0.056603009259259277 0.1299363425925925
11 0.5535069444444444 0.4598263888888889 0.05742476851851848 0.1307581018518519
1 0.41617476851851853 0.5238252314814815 0.06046875000000007 0.1293576388888887
1 0.46254050925925927 0.5011631944444445 0.05816550925925927 0.13001736111111112
27 0.36964699074074076 0.5496122685185185 0.05832754629629626 0.1331423611111111
1 0.5081655092592593 0.47776041666666663 0.05886574074074069 0.12849537037037032
0 0.8357696759259259 0.3205266203703704 0.0524131944444445 0.12426504629629634
41 0.6758738425925925 0.39894097222222225 0.05311342592592592 0.12274305555555554
30 0.31785300925925924 0.5717766203703704 0.06638310185185184 0.13823495370370367
0 0.7595659722222222 0.36265625 0.054918981481481485 0.12751157407407404
41 0.724380787037037 0.3800636574074074 0.05467592592592609 0.12282407407407403
41 0.638263888888889 0.4180324074074074 0.05315393518518512 0.12352430555555571
0 0.799681712962963 0.34031828703703704 0.051753472222222284 0.12656828703703704
22 0.37072916666666667 0.09297453703703704 0.05452546296296301 0.10489583333333333
39 0.21093171296296295 0.03425347222222222 0.06296296296296297 0.04222222222222222