20 0.4336458333333333 0.42609375 0.04493055555555543 0.12406249999999996
24 0.6279166666666667 0.5813657407407408 0.04729166666666664 0.12487847222222222
12 0.5473263888888888 0.5153067129629629 0.04559027777777782 0.11860532407407405
24 0.6693576388888889 0.6155844907407407 0.049670138888888896 0.12647569444444445
23 0.3944097222222222 0.39815972222222223 0.043489583333333394 0.12950810185185188
11 0.7116840277777777 0.6451273148148149 0.054548611111111 0.13513888888888878
34 0.47130208333333334 0.45478587962962963 0.046510416666666644 0.12486689814814814
25 0.5088888888888888 0.48660300925925926 0.043454861111111145 0.1279456018518518
7 0.5848611111111112 0.5494675925925925 0.04272569444444443 0.13027777777777771
6 0.7631423611111112 0.6857465277777778 0.0616493055555555 0.13836805555555554
38 0.3253125 0.34243055555555557 0.03461805555555557 0.11688078703703705
39 0.29074652777777776 0.3153472222222222 0.03371527777777779 0.11140046296296298
6 0.5544444444444444 0.30049768518518516 0.06769097222222217 0.05879629629629628
35 0.9464583333333334 0.3492881944444445 0.055052083333333356 0.05236111111111112
36 0.8946006944444445 0.32663773148148145 0.04951388888888886 0.04915509259259263
40 0.3576388888888889 0.3647916666666666 0.03178819444444443 0.0949710648148148