5 0.3790104166666667 0.36993055555555554 0.0383622685185185 0.16118634259259262
24 0.5319849537037037 0.5219560185185185 0.03893518518518526 0.15416087962962965
11 0.7096875 0.6909895833333334 0.04574074074074073 0.1729571759259258
21 0.6225115740740741 0.5970833333333333 0.04629050925925924 0.16515046296296293
28 0.7557928240740741 0.7437847222222222 0.05295717592592588 0.1792592592592591
17 0.27889467592592593 0.26127314814814817 0.03691550925925924 0.16508101851851853
33 0.418287037037037 0.40324074074074073 0.03891203703703709 0.15337962962962964
28 0.8048842592592592 0.791869212962963 0.05458912037037038 0.18161458333333336
10 0.34517939814814813 0.33579861111111114 0.036568287037037094 0.15336226851851853
15 0.3121296296296296 0.3016608796296296 0.03500578703703709 0.15335069444444444
30 0.4561863425925926 0.44281249999999994 0.04201388888888893 0.15262152777777782
27 0.4924768518518518 0.48083333333333333 0.0404050925925926 0.15104745370370373
11 0.6661574074074075 0.6459895833333333 0.046383101851851904 0.16827546296296295
21 0.5730324074074075 0.5622858796296296 0.043900462962962905 0.1635706018518519
36 0.021909722222222223 0.05375578703703704 0.04160879629629629 0.08622685185185183