37 0.8859375 0.40390625 0.03359375 0.10390625
2 0.63125 0.5234375 0.0421875 0.115625
33 0.55546875 0.56171875 0.0421875 0.12265625
2 0.67109375 0.503125 0.0421875 0.11640625
6 0.47109375 0.5984375 0.046875 0.12109375
41 0.78046875 0.45078125 0.040625 0.10625
41 0.81875 0.434375 0.0375 0.1
1 0.4265625 0.62109375 0.05 0.11953125
33 0.51171875 0.5828125 0.04453125 0.125
38 0.71171875 0.4890625 0.04375 0.11796875
25 0.91875 0.38046875 0.02890625 0.1140625
39 0.8515625 0.421875 0.034375 0.10625
0 0.596875 0.54375 0.040625 0.12109375
2 0.8640625 0.890625 0.0609375 0.1375