6 0.98015625 0.04979745370370371 0.03968750000000014 0.08619212962962963
32 0.5322395833333333 0.5736863425925927 0.04645833333333336 0.12293981481481478
5 0.46682291666666664 0.635920138888889 0.036354166666666646 0.11193287037037045
26 0.5002604166666667 0.6098784722222221 0.04411458333333336 0.12292245370370374
22 0.77453125 0.3389641203703704 0.031302083333333286 0.1064293981481482
12 0.7971874999999999 0.3153472222222222 0.03234374999999989 0.0986284722222222
11 0.6440625000000001 0.45717592592592593 0.03562499999999993 0.11270833333333333
22 0.7471354166666666 0.36183449074074076 0.03526041666666657 0.10723958333333332
35 0.26958333333333334 0.24500000000000002 0.04880208333333336 0.04096643518518519
31 0.32354166666666667 0.22193287037037038 0.048385416666666715 0.04642939814814815
1 0.6703125 0.4288425925925926 0.03208333333333328 0.10643518518518516
1 0.69921875 0.4051793981481482 0.03338541666666668 0.10254050925925924
36 0.7227604166666667 0.383119212962963 0.028020833333333252 0.09234953703703708
25 0.81953125 0.28704282407407405 0.03046875 0.10564236111111107
27 0.5605729166666666 0.5414293981481482 0.03302083333333332 0.10878472222222228
24 0.5899479166666667 0.5130729166666667 0.03729166666666668 0.1142824074074074
24 0.6180208333333332 0.4886342592592593 0.034635416666666786 0.1095775462962962