11 0.44609375 0.49453125 0.0375 0.1046875
16 0.484375 0.515625 0.0421875 0.10703125
21 0.515625 0.53359375 0.0421875 0.109375
39 0.34453125 0.43828125 0.0328125 0.096875
12 0.19140625 0.35 0.03046875 0.09921875
39 0.31171875 0.421875 0.03203125 0.09609375
1 0.3796875 0.4578125 0.0375 0.096875
34 0.98515625 0.50390625 0.0296875 0.11796875
10 0.2796875 0.403125 0.034375 0.10390625
2 0.1640625 0.33125 0.0328125 0.090625
1 0.4125 0.47421875 0.03671875 0.0984375
24 0.55625 0.55546875 0.046875 0.115625
31 0.96171875 0.53046875 0.028125 0.10625
5 0.25234375 0.38359375 0.0296875 0.1
7 0.1359375 0.31796875 0.0296875 0.09921875
0 0.2203125 0.36875 0.03125 0.09765625
28 0.9375 0.5546875 0.03359375 0.10625
2 0.8625 0.88984375 0.0546875 0.13125