2 0.5533738425925926 0.5812789351851851 0.052453703703703704 0.12222222222222215
29 0.14734953703703704 0.38582175925925927 0.0399189814814815 0.11707175925925935
31 0.34093171296296293 0.47578125 0.042297453703703705 0.12184606481481489
25 0.4647743055555555 0.5350405092592593 0.050138888888889 0.1260416666666666
17 0.5086979166666666 0.5600983796296296 0.051712962962962905 0.12766203703703702
28 0.42401620370370374 0.5155671296296296 0.05087962962962962 0.1206018518518519
28 0.38171875 0.4991608796296296 0.0469849537037037 0.12201967592592596
20 0.2586747685185185 0.4422743055555555 0.04383680555555554 0.11877893518518512
2 0.6011747685185185 0.6025752314814815 0.05641203703703716 0.1293981481481481
23 0.22336805555555556 0.42065972222222225 0.043055555555555534 0.11875
32 0.11208333333333334 0.3696759259259259 0.03836805555555554 0.11857638888888884
34 0.3040914351851852 0.4580150462962963 0.046203703703703705 0.12199074074074083
26 0.18339699074074073 0.4019965277777778 0.0407002314814815 0.11710069444444446
17 0.140943287037037 0.8916956018518519 0.07768518518518519 0.1543981481481481
23 0.07682291666666667 0.35431134259259256 0.03678819444444446 0.11617476851851852