30 0.4578125 0.6125 0.0375 0.09921875
34 0.49453125 0.59453125 0.03515625 0.10390625
29 0.56015625 0.5515625 0.03515625 0.0984375
24 0.425 0.63671875 0.0375 0.10078125
15 0.77265625 0.421875 0.02890625 0.09453125
15 0.7421875 0.4375 0.03046875 0.09375
11 0.9765625 0.0578125 0.0359375 0.0875
32 0.62265625 0.51015625 0.0328125 0.0984375
32 0.59296875 0.53125 0.03515625 0.1015625
5 0.71484375 0.4546875 0.0296875 0.09296875
16 0.3796875 0.65859375 0.04140625 0.10390625
12 0.8015625 0.403125 0.02578125 0.08828125
26 0.52734375 0.57109375 0.03046875 0.0984375
5 0.6875 0.47109375 0.03046875 0.09609375
32 0.6546875 0.490625 0.034375 0.096875
12 0.0359375 0.8765625 0.06875 0.08671875