6 0.97578125 0.05546875 0.0359375 0.08984375
31 0.76796875 0.3671875 0.03359375 0.1515625
34 0.80703125 0.33515625 0.0390625 0.16640625
7 0.70234375 0.44296875 0.03203125 0.16015625
5 0.5859375 0.5578125 0.0421875 0.165625
24 0.459375 0.68671875 0.04375 0.165625
0 0.54375 0.596875 0.0390625 0.1609375
17 0.73203125 0.40625 0.03515625 0.16328125
22 0.8390625 0.29375 0.03359375 0.15859375
32 0.6578125 0.47109375 0.03125 0.16875
26 0.62265625 0.51328125 0.034375 0.17890625
30 0.4984375 0.6296875 0.0375 0.1859375
21 0.41640625 0.72109375 0.03984375 0.17421875
21 0.36953125 0.76484375 0.0421875 0.18984375
11 0.325 0.8109375 0.04140625 0.16796875