26 0.6480902777777777 0.5390625 0.05351851851851848 0.11875
32 0.7381539351851851 0.584375 0.06314814814814813 0.12734375
28 0.4093981481481482 0.42109375 0.04942708333333332 0.1125
25 0.36937499999999995 0.40078125 0.051747685185185154 0.11171875
2 0.2629976851851852 0.35234375 0.04597800925925925 0.1015625
29 0.6911921296296296 0.5609375 0.05675925925925931 0.12265625
25 0.3307986111111111 0.384375 0.052459490740740744 0.109375
20 0.6033333333333333 0.5203125 0.05354166666666664 0.11953125
12 0.2961053240740741 0.36875 0.050115740740740745 0.109375
31 0.44395254629629627 0.44140625 0.04625578703703699 0.1109375
5 0.48328703703703707 0.45859375 0.047106481481481485 0.11328125
10 0.5233564814814815 0.47734375 0.054184027777777824 0.11484375
15 0.5626215277777777 0.496875 0.048831018518518475 0.11875
21 0.37320601851851853 0.11328125 0.04528935185185183 0.1046875
16 0.8240625000000001 0.40078125 0.06414351851851877 0.05546875