21 0.614380787037037 0.46706597222222224 0.04053819444444447 0.10502893518518519
10 0.9736400462962962 0.10840856481481483 0.039265046296296194 0.09170717592592595
5 0.8198206018518519 0.33056134259259257 0.03182870370370381 0.10145833333333325
7 0.48246527777777787 0.5627662037037038 0.041059027777777854 0.1190914351851852
12 0.5139467592592593 0.5370023148148148 0.04227430555555554 0.1097974537037036
32 0.7355324074074074 0.3872453703703704 0.03200231481481488 0.10614583333333334
26 0.7652488425925925 0.366869212962963 0.032638888888888926 0.10228009259259263
0 0.8455439814814815 0.3123263888888889 0.02650462962962976 0.10508101851851848
23 0.8673321759259259 0.29467013888888893 0.028645833333333214 0.12078703703703705
6 0.6747395833333334 0.4224479166666667 0.03498263888888893 0.10240162037037041
5 0.790943287037037 0.34941550925925924 0.030121527777777858 0.09747106481481485
16 0.6449652777777778 0.44438657407407406 0.040422453703703634 0.10190393518518519
17 0.5484375 0.514525462962963 0.04010416666666661 0.114363425925926
24 0.580787037037037 0.4864583333333334 0.029629629629629582 0.10524305555555565
1 0.7082175925925925 0.4061805555555555 0.03411458333333321 0.10001736111111122