16 0.54921875 0.5828125 0.0453125 0.1109375
1 0.4390625 0.51796875 0.034375 0.1
1 0.47265625 0.54140625 0.03984375 0.10390625
10 0.30859375 0.43984375 0.03515625 0.1046875
39 0.34140625 0.45625 0.0359375 0.09921875
21 0.5078125 0.55703125 0.03828125 0.1078125
12 0.1609375 0.34609375 0.03046875 0.10390625
38 0.41015625 0.49296875 0.034375 0.10546875
23 0.22265625 0.3796875 0.0359375 0.10234375
23 0.1890625 0.36484375 0.03359375 0.10234375
5 0.2828125 0.421875 0.02890625 0.10078125
39 0.12890625 0.3328125 0.02578125 0.09296875
2 0.86640625 0.88671875 0.0671875 0.14375
0 0.25078125 0.39921875 0.0296875 0.1
40 0.375 0.47578125 0.034375 0.09453125