20 0.7605555555555557 0.3560879629629629 0.04604166666666672 0.15818865740740745
16 0.5444791666666667 0.5987384259259259 0.052465277777777784 0.1622800925925926
10 0.9783854166666668 0.03697627314814815 0.03904513888888914 0.0739525462962963
33 0.6569965277777777 0.4725868055555555 0.04628472222222228 0.16365740740740725
27 0.5832986111111111 0.5569097222222222 0.05151041666666671 0.15835069444444444
12 0.3277083333333334 0.8257638888888887 0.059097222222222176 0.13594907407407392
15 0.7313888888888889 0.40388888888888885 0.045225694444444464 0.15738425925925928
26 0.7951736111111111 0.32533564814814814 0.040000000000000036 0.16269097222222229
25 0.4218576388888889 0.7439641203703704 0.05656250000000007 0.18424768518518508
5 0.6944965277777777 0.43627314814814816 0.04604166666666672 0.15818865740740745
6 0.4639930555555555 0.6887384259259258 0.05593749999999993 0.17018518518518527
33 0.621875 0.5096122685185185 0.045503472222222285 0.16363425925925928
25 0.3777083333333333 0.7890798611111111 0.056770833333333305 0.18893518518518526
16 0.5092361111111111 0.6506307870370371 0.05888888888888886 0.16637152777777792