20 0.5972453703703703 0.5587326388888889 0.045815972222222355 0.10255208333333332
10 0.5026504629629629 0.6192013888888889 0.04894097222222218 0.10269097222222215
11 0.4717766203703704 0.6373090277777778 0.033958333333333354 0.09968749999999993
23 0.632806712962963 0.5408333333333333 0.041585648148148205 0.09690972222222224
6 0.9798495370370371 0.09887152777777777 0.040248842592592385 0.0875
25 0.7487673611111111 0.4727430555555555 0.040300925925926025 0.10152777777777774
23 0.6597743055555556 0.5225520833333334 0.040439814814814665 0.10387152777777775
28 0.7799189814814815 0.4593229166666667 0.03505787037037038 0.09194444444444443
15 0.5379340277777778 0.5966145833333334 0.04972222222222218 0.10272569444444457
35 0.8102430555555555 0.4450868055555556 0.03340277777777771 0.09031249999999993
15 0.5680266203703704 0.5784722222222223 0.04416087962962969 0.10092013888888882
6 0.4340104166666666 0.6574479166666667 0.043935185185185154 0.11026041666666657
1 0.08077546296296297 0.49526041666666665 0.0626099537037037 0.044079861111111104
37 0.3069675925925926 0.3938888888888889 0.033518518518518545 0.03967013888888893
34 0.34115162037037033 0.3790451388888889 0.04831597222222221 0.039548611111111145
35 0.20174768518518515 0.32765625 0.03930555555555557 0.03213541666666666