2 0.5660416666666667 0.47803819444444445 0.04265624999999993 0.10042245370370359
22 0.49786458333333333 0.5144386574074075 0.04385416666666657 0.10983796296296297
29 0.7671701388888889 0.3749247685185185 0.03810763888888893 0.10330439814814811
38 0.4618402777777778 0.5321469907407408 0.0438194444444445 0.10905671296296297
30 0.6013541666666666 0.45872685185185186 0.04378472222222225 0.10827546296296298
21 0.667795138888889 0.4261516203703704 0.03732638888888893 0.10326388888888882
16 0.7015451388888889 0.4067592592592593 0.038854166666666676 0.1025636574074074
6 0.7366840277777778 0.39135416666666667 0.04038194444444443 0.1018634259259259
12 0.5333159722222222 0.4920023148148148 0.0408333333333335 0.11201967592592581
17 0.09638888888888889 0.8968923611111113 0.07843750000000001 0.1513831018518516
36 0.4234375 0.5505150462962962 0.04190972222222218 0.10116319444444458
27 0.6398263888888889 0.43879629629629624 0.0413368055555555 0.10581018518518519
0 0.7998611111111111 0.36174189814814817 0.034062499999999926 0.09997685185185183
20 0.38255208333333335 0.5718865740740741 0.05368055555555555 0.12048032407407412