27 0.7923263888888888 0.3734375 0.044774305555555574 0.11359375000000008
21 0.6458506944444444 0.4451041666666667 0.045902777777777716 0.12145833333333336
16 0.6057118055555556 0.45875000000000005 0.047552083333333425 0.10598958333333322
28 0.5697222222222222 0.4776041666666666 0.046736111111111 0.10515624999999992
25 0.5318055555555555 0.5059895833333333 0.05225694444444447 0.12421875
21 0.6825173611111112 0.42385416666666664 0.04501736111111114 0.11906250000000007
27 0.7554513888888889 0.39 0.04626736111111107 0.11213541666666664
20 0.8582291666666666 0.3400520833333333 0.043315972222222145 0.11583333333333332
24 0.718576388888889 0.4065625 0.047934027777777645 0.1145833333333334
15 0.8571875 0.24609375 0.06251736111111121 0.0921875
7 0.45534722222222224 0.5486979166666666 0.04848958333333329 0.12708333333333321
10 0.8260069444444443 0.35552083333333334 0.04256944444444457 0.11656249999999994
7 0.4912326388888889 0.5275000000000001 0.04845486111111121 0.1263020833333332
26 0.8942881944444444 0.32276041666666666 0.04022569444444457 0.11640625
2 0.9051388888888889 0.8313541666666666 0.07595486111111108 0.14916666666666673
34 0.09753472222222223 0.29046874999999994 0.07491319444444444 0.055625000000000036