31 0.7359375 0.42578125 0.04765625 0.11796875
2 0.4640625 0.5515625 0.053125 0.1203125
29 0.77578125 0.4140625 0.0484375 0.12109375
31 0.703125 0.440625 0.0453125 0.11796875
22 0.6265625 0.48046875 0.05078125 0.11640625
17 0.54765625 0.5140625 0.0484375 0.1234375
22 0.590625 0.49765625 0.0515625 0.1171875
38 0.4171875 0.571875 0.0578125 0.1234375
20 0.84765625 0.384375 0.04453125 0.11875
28 0.66328125 0.459375 0.0515625 0.11796875
15 0.8828125 0.36328125 0.03671875 0.12109375
41 0.81171875 0.39921875 0.03984375 0.10859375
7 0.5078125 0.53515625 0.0515625 0.125
1 0.3203125 0.30859375 0.046875 0.03671875
12 0.7015625 0.240625 0.0640625 0.03515625
37 0.16796875 0.25078125 0.04375 0.0390625