16 0.509375 0.425 0.04296875 0.11484375
15 0.58671875 0.36953125 0.03671875 0.125
35 0.69375 0.28828125 0.03125 0.10546875
24 0.35078125 0.55 0.04453125 0.12421875
11 0.475 0.4546875 0.04140625 0.11953125
38 0.61640625 0.33671875 0.03515625 0.115625
12 0.30859375 0.57890625 0.04609375 0.12109375
5 0.39453125 0.51796875 0.04453125 0.1265625
30 0.2203125 0.65 0.05078125 0.1328125
5 0.26171875 0.609375 0.04375 0.12890625
30 0.54765625 0.396875 0.03984375 0.11484375
36 0.97734375 0.0578125 0.034375 0.08359375
6 0.43515625 0.48203125 0.04296875 0.11796875
34 0.0328125 0.06640625 0.05625 0.0421875
40 0.65703125 0.3171875 0.0359375 0.10234375