15 0.7850578703703703 0.7076099537037037 0.05685185185185197 0.148119212962963
31 0.3331712962962963 0.35277777777777775 0.037650462962962906 0.11695601851851851
28 0.3702951388888889 0.3814814814814815 0.049392361111111074 0.11895254629629637
10 0.02507523148148148 0.05870949074074074 0.03646412037037037 0.08958333333333335
25 0.40738425925925925 0.40784143518518523 0.05103587962962965 0.12447916666666661
25 0.4453240740740741 0.43891782407407404 0.0471643518518519 0.12667824074074083
24 0.6110648148148148 0.5582754629629629 0.05262152777777782 0.12609953703703702
30 0.5661516203703704 0.5308449074074074 0.0526331018518519 0.12688078703703703
22 0.4777835648148148 0.4690104166666667 0.044074074074073974 0.12890625
6 0.7368113425925926 0.6660011574074074 0.055896990740740726 0.13637152777777786
31 0.29605902777777776 0.3248553240740741 0.037685185185185155 0.1192997685185185
29 0.8548553240740742 0.3065104166666667 0.07174189814814795 0.046383101851851904
12 0.5235474537037037 0.5011574074074074 0.04778356481481474 0.11576967592592595
21 0.6489699074074075 0.5870081018518519 0.05108217592592581 0.1276041666666668
2 0.7752083333333333 0.253587962962963 0.06701967592592588 0.04386574074074075
11 0.6939988425925925 0.6222511574074074 0.04803819444444457 0.13295717592592596
26 0.8138888888888889 0.33466435185185184 0.07259259259259246 0.05109953703703703