11 0.64375 0.47734375 0.03984375 0.1125
16 0.6828125 0.46015625 0.0421875 0.1109375
25 0.4875 0.5484375 0.04375 0.11796875
31 0.565625 0.5046875 0.0390625 0.10546875
30 0.76015625 0.43515625 0.04375 0.109375
27 0.71875 0.44609375 0.04296875 0.1109375
6 0.60546875 0.4921875 0.0421875 0.1109375
29 0.8671875 0.3859375 0.03359375 0.11875
12 0.446875 0.5640625 0.0453125 0.11640625
28 0.5265625 0.52734375 0.04375 0.11171875
35 0.86640625 0.8890625 0.06015625 0.1359375
12 0.40546875 0.5859375 0.04921875 0.115625
12 0.8265625 0.31484375 0.05390625 0.09765625
33 0.7984375 0.42109375 0.0375 0.11328125
23 0.8328125 0.40859375 0.03515625 0.11328125
34 0.2828125 0.3265625 0.07265625 0.0421875
32 0.29375 0.28671875 0.06328125 0.03984375