16 0.5034953703703704 0.42347222222222225 0.05043981481481481 0.12135416666666661
16 0.4619791666666667 0.4470659722222223 0.04885416666666664 0.12053819444444436
15 0.3818923611111111 0.5145138888888889 0.04993634259259263 0.13071180555555556
11 0.42696759259259254 0.47911458333333334 0.05294560185185197 0.12687500000000007
30 0.6110590277777778 0.33352430555555557 0.03780092592592599 0.11638888888888888
17 0.2550752314814815 0.6142708333333333 0.05814236111111111 0.14416666666666664
5 0.30244791666666665 0.5772569444444444 0.045225694444444464 0.129826388888889
24 0.5401157407407406 0.39295138888888886 0.04248842592592581 0.11649305555555553
27 0.5760474537037037 0.3655729166666667 0.03943287037037031 0.11876736111111112
5 0.34134259259259264 0.5443402777777777 0.047499999999999966 0.12753472222222229
0 0.7113657407407408 0.2625 0.03401041666666664 0.12020833333333333
12 0.20767939814814812 0.6505034722222222 0.054600694444444466 0.13003472222222215
36 0.6801215277777778 0.2897743055555556 0.0359375 0.10619791666666671
36 0.9775173611111111 0.04072048611111111 0.03777199074074069 0.08144097222222221
34 0.24026041666666664 0.21980902777777778 0.07468749999999993 0.04381944444444441
31 0.33568287037037037 0.08947916666666667 0.05653356481481477 0.03717013888888889
36 0.6471990740740741 0.31317708333333333 0.0352256944444445 0.1085243055555555
2 0.19480324074074074 0.29508680555555555 0.06538194444444442 0.04595486111111109