24 0.4960243055555555 0.5457465277777778 0.03781250000000007 0.15621527777777774
5 0.6402430555555556 0.3976215277777778 0.03793402777777786 0.16168402777777785
28 0.28291666666666665 0.7548090277777778 0.051579861111111125 0.17868055555555565
11 0.32553819444444443 0.7059722222222222 0.04598958333333334 0.17296875000000006
21 0.40859375 0.6152256944444444 0.045086805555555644 0.16746527777777764
33 0.6035069444444444 0.4303298611111111 0.03779513888888886 0.15543402777777776
10 0.6723090277777779 0.36548611111111107 0.035381944444444355 0.15220486111111117
15 0.7027256944444444 0.329375 0.03548611111111111 0.1568923611111111
27 0.5271180555555556 0.5049826388888888 0.03848958333333332 0.1515625
21 0.4578298611111111 0.5830729166666667 0.04354166666666668 0.1681770833333333
30 0.5669097222222221 0.4692881944444444 0.04010416666666679 0.1539756944444445
28 0.23793402777777778 0.8027604166666666 0.053142361111111126 0.17875000000000013
11 0.36819444444444444 0.6586979166666667 0.045086805555555554 0.1674652777777778
36 0.9799913194444445 0.09744791666666666 0.04001736111111107 0.09005208333333334