35 0.2242650462962963 0.6358969907407407 0.06773148148148148 0.2824710648148148
24 0.5170138888888889 0.6833680555555556 0.08280671296296305 0.2903935185185185
33 0.2932002314814815 0.64265625 0.07055555555555557 0.272337962962963
11 0.5888252314814815 0.708113425925926 0.075619212962963 0.3114293981481481
23 0.07478587962962964 0.5996412037037037 0.07768518518518519 0.30207175925925933
33 0.4380381944444444 0.6804398148148149 0.08827546296296304 0.2904340277777777
6 0.6621296296296297 0.7305266203703704 0.07957175925925916 0.3130208333333332
32 0.14960648148148148 0.6205034722222222 0.0812210648148148 0.2896006944444444
31 0.7390393518518519 0.7428125 0.07818865740740737 0.2927025462962963
7 0.8952256944444444 0.7681828703703704 0.0844444444444445 0.31930555555555545
28 0.815306712962963 0.7597800925925926 0.08772569444444436 0.29824074074074075
27 0.3640451388888889 0.6611458333333333 0.07722800925925935 0.31300347222222236
7 0.9672554976851853 0.801568287037037 0.06548900462962948 0.341128472222222
8 0.3520196759259259 0.2025636574074074 0.0744386574074074 0.2715856481481482