39 0.4059664351851852 0.2075810185185185 0.06377314814814809 0.07641782407407405
1 0.7331192129629629 0.5190393518518519 0.07496527777777776 0.13373842592592594
7 0.5436574074074074 0.43952546296296297 0.07027777777777774 0.1335648148148149
7 0.4846412037037037 0.41707175925925927 0.06784143518518526 0.13191550925925935
39 0.4577199074074074 0.22586805555555553 0.06620949074074076 0.07806712962962958
23 0.3206886574074074 0.3470775462962963 0.06163773148148151 0.13246527777777786
11 0.6706539351851852 0.49100115740740746 0.07188657407407409 0.13440393518518512
2 0.6068113425925926 0.46603009259259254 0.06995370370370377 0.1280960648148149
26 0.2183275462962963 0.3035300925925926 0.05929398148148142 0.13237847222222224
32 0.16546875 0.2797453703703704 0.061869212962962994 0.13637152777777778
31 0.4326099537037037 0.3940972222222222 0.06508680555555557 0.13804976851851852
0 0.3771759259259259 0.3663194444444445 0.05630208333333338 0.12135416666666661
23 0.2693460648148148 0.32256944444444446 0.0599363425925926 0.13006365740740744
37 0.8019270833333334 0.5488715277777778 0.07721643518518526 0.1322627314814815
39 0.355318287037037 0.19479166666666667 0.05697337962962958 0.0800636574074074
37 0.8688483796296296 0.5731770833333334 0.06034722222222229 0.12384259259259274