21 0.26640625 0.509375 0.06171875 0.1234375
24 0.334375 0.50234375 0.0578125 0.1234375
15 0.5875 0.2484375 0.0546875 0.10078125
12 0.58984375 0.4796875 0.05625 0.1203125
33 0.70546875 0.24140625 0.04921875 0.09375
12 0.4609375 0.48359375 0.05390625 0.12109375
33 0.6421875 0.24296875 0.04921875 0.0953125
12 0.52578125 0.478125 0.05390625 0.121875
33 0.76328125 0.22890625 0.04921875 0.0953125
5 0.46640625 0.25859375 0.046875 0.10390625
27 0.39765625 0.49453125 0.05546875 0.12109375
10 0.52421875 0.25625 0.04921875 0.0984375
32 0.6578125 0.47734375 0.0640625 0.12734375
26 0.19296875 0.52109375 0.07265625 0.1296875
23 0.1265625 0.53046875 0.078125 0.1296875
32 0.72265625 0.4703125 0.06484375 0.1296875