16 0.5488368055555556 0.26005787037037037 0.056388888888889 0.11173032407407409
29 0.7209085648148148 0.3010127314814815 0.05714699074074083 0.11097222222222225
23 0.35828125 0.47411458333333334 0.06609374999999992 0.14948495370370374
26 0.6629398148148148 0.2816550925925926 0.058825231481481485 0.11492476851851849
21 0.6070833333333333 0.27004050925925926 0.05484953703703717 0.11246527777777775
23 0.7787905092592593 0.29695601851851855 0.06346643518518516 0.1135011574074074
24 0.49355324074074075 0.25545138888888885 0.053217592592592664 0.11007523148148142
24 0.43668402777777776 0.2516724537037037 0.05558449074074083 0.11092592592592591
35 0.6711400462962963 0.5054340277777778 0.06399884259259245 0.1314699074074074
35 0.7348784722222221 0.5144733796296296 0.06482638888888878 0.13305555555555557
27 0.38165509259259256 0.23847222222222225 0.059351851851851836 0.10635416666666667
30 0.3266030092592592 0.22605324074074074 0.05613425925925926 0.10313657407407409
5 0.28704861111111113 0.4809085648148148 0.08202546296296295 0.08126736111111103
20 0.4189409722222222 0.48168402777777775 0.057934027777777786 0.13753472222222224
0 0.6087789351851851 0.5025983796296296 0.05760995370370381 0.12659722222222225
0 0.544050925925926 0.5006134259259258 0.05439236111111114 0.12337962962962976
0 0.47948495370370364 0.49315972222222226 0.05914930555555564 0.1258622685185184