23 0.46640625 0.690625 0.0734375 0.34609375
10 0.3046875 0.725 0.08046875 0.34375
20 0.3859375 0.7 0.08046875 0.38671875
5 0.22109375 0.7203125 0.0828125 0.32109375
16 0.546875 0.67421875 0.075 0.34765625
21 0.62734375 0.65859375 0.075 0.36171875
24 0.70546875 0.6359375 0.06640625 0.3484375
24 0.7859375 0.6171875 0.071875 0.371875
31 0.1375 0.74765625 0.0796875 0.38046875
40 0.05234375 0.775 0.08203125 0.36640625
39 0.77890625 0.16875 0.0859375 0.1921875
39 0.86484375 0.21171875 0.071875 0.309375
39 0.93828125 0.21953125 0.075 0.3171875