0 0.06583333333333333 0.53484375 0.11770833333333333 0.8257291666666667
10 0.12692708333333333 0.5248958333333333 0.11373263888888889 0.8239062500000001
15 0.18914930555555556 0.5228125 0.11166666666666666 0.8300000000000001
26 0.2465451388888889 0.5172916666666667 0.10670138888888889 0.8234375
29 0.3087326388888889 0.5144270833333333 0.10703125 0.8133333333333332
32 0.36921875000000004 0.5083333333333334 0.10564236111111107 0.8171354166666667
6 0.4296701388888889 0.5014583333333333 0.1024131944444445 0.8145833333333334
11 0.4897222222222222 0.503125 0.10138888888888893 0.8090624999999999
21 0.5475868055555556 0.490625 0.0984375 0.8127604166666668
24 0.6069618055555555 0.4945833333333334 0.097795138888889 0.8158333333333333
30 0.6675 0.5071875 0.10095486111111107 0.8168229166666666
33 0.7299652777777779 0.5105729166666666 0.102482638888889 0.8161458333333332
33 0.7929166666666667 0.5248958333333333 0.10605902777777772 0.8265104166666666
17 0.8523611111111112 0.5304166666666666 0.11041666666666643 0.8369270833333333
25 0.9159722222222222 0.52453125 0.10925347222222222 0.8282812500000001
31 0.9603732638888889 0.5255729166666667 0.07925347222222215 0.8388020833333332