21 0.0609375 0.59921875 0.09296875 0.7125
24 0.1375 0.57890625 0.08984375 0.71015625
24 0.2140625 0.56640625 0.08828125 0.70546875
27 0.28515625 0.54765625 0.08671875 0.7015625
27 0.359375 0.5234375 0.0828125 0.69921875
30 0.4328125 0.5078125 0.08046875 0.69453125
7 0.50625 0.4953125 0.0765625 0.6953125
25 0.578125 0.48203125 0.07421875 0.69453125
28 0.6546875 0.46953125 0.07734375 0.6953125
5 0.725 0.46484375 0.07734375 0.69765625
10 0.7984375 0.46015625 0.078125 0.70390625
10 0.871875 0.4515625 0.08203125 0.70625
10 0.946875 0.44296875 0.08671875 0.703125