2 0.9486226851851851 0.8447222222222223 0.09293981481481488 0.3105555555555554
30 0.05565972222222222 0.29233796296296294 0.07226851851851852 0.2661458333333333
24 0.12177662037037038 0.33336805555555554 0.07387731481481481 0.27244212962962955
1 0.2572858796296297 0.39520833333333333 0.07479745370370364 0.2912152777777777
6 0.1872685185185185 0.35328125000000005 0.07019675925925925 0.30279513888888887
2 0.8623090277777777 0.7897800925925926 0.08086226851851848 0.26640046296296305
7 0.7768344907407407 0.7247337962962963 0.06866319444444446 0.3066550925925927
12 0.694380787037037 0.6738425925925926 0.07556134259259259 0.2888946759259259
17 0.6197280092592592 0.6247453703703704 0.07085069444444443 0.28563078703703704
31 0.5433912037037036 0.5920081018518518 0.0670775462962963 0.3034837962962964
5 0.46963541666666664 0.5273090277777778 0.06704282407407405 0.2987962962962964
10 0.39263310185185185 0.47892361111111115 0.07497106481481489 0.3146527777777777
15 0.3241145833333333 0.4456365740740741 0.06158564814814813 0.30019675925925926