31 0.69296875 0.4234375 0.065625 0.29609375
7 0.3890625 0.59453125 0.07109375 0.30625
34 0.76015625 0.3859375 0.07578125 0.28828125
1 0.05 0.78671875 0.08515625 0.30703125
6 0.14140625 0.73828125 0.08046875 0.31171875
11 0.22578125 0.68359375 0.06953125 0.31328125
11 0.30859375 0.6296875 0.0671875 0.30234375
22 0.465625 0.54453125 0.06484375 0.27265625
25 0.53984375 0.5015625 0.0609375 0.29375
31 0.6140625 0.4640625 0.0609375 0.27421875
37 0.8265625 0.35 0.05078125 0.259375
37 0.8953125 0.30546875 0.05625 0.25078125
41 0.965625 0.27421875 0.05078125 0.2390625