30 0.7609375 0.38203125 0.06875 0.25625
20 0.54453125 0.50703125 0.07109375 0.27109375
29 0.6125 0.46953125 0.0765625 0.271875
41 0.1453125 0.74765625 0.08125 0.2875
37 0.06171875 0.78984375 0.0796875 0.3015625
6 0.2328125 0.696875 0.078125 0.31328125
16 0.31171875 0.628125 0.07109375 0.29375
7 0.3921875 0.58046875 0.075 0.30234375
35 0.4703125 0.54453125 0.075 0.29765625
21 0.68828125 0.43046875 0.07109375 0.3046875
33 0.8234375 0.34296875 0.06328125 0.2953125
36 0.8890625 0.296875 0.065625 0.26796875
17 0.95625 0.26328125 0.071875 0.28671875