0 0.06015625 0.296875 0.08125 0.23359375
0 0.15 0.2875 0.07890625 0.2328125
5 0.24296875 0.2859375 0.06875 0.23671875
10 0.3359375 0.2828125 0.08671875 0.2390625
10 0.515625 0.28671875 0.0875 0.2609375
10 0.42421875 0.28671875 0.09375 0.26171875
33 0.8828125 0.2796875 0.1046875 0.271875
7 0.60546875 0.278125 0.09296875 0.26328125
12 0.6953125 0.28515625 0.09296875 0.24609375
33 0.7875 0.28046875 0.096875 0.259375
38 0.09453125 0.77578125 0.10234375 0.27109375
38 0.19375 0.784375 0.08203125 0.2640625
36 0.2921875 0.778125 0.09296875 0.26796875
26 0.3953125 0.7859375 0.09921875 0.2921875
23 0.50546875 0.7859375 0.0953125 0.29609375
29 0.6109375 0.78125 0.0921875 0.29921875
16 0.7140625 0.78359375 0.1 0.29140625
21 0.81796875 0.79296875 0.0859375 0.29296875
24 0.92890625 0.7890625 0.11796875 0.2890625