40 0.3685011574074074 0.2522800925925926 0.11504629629629637 0.17354166666666665
11 0.52046875 0.28186921296296297 0.09559027777777765 0.23105324074074077
40 0.27782986111111113 0.2478125 0.10396412037037042 0.2163368055555556
22 0.8527083333333334 0.4062962962962963 0.08548032407407398 0.23402777777777786
1 0.5989641203703704 0.3080266203703704 0.09169560185185191 0.23177662037037033
17 0.7776041666666667 0.3981539351851852 0.07532407407407415 0.23387731481481477
39 0.5976851851851852 0.8016493055555556 0.08541087962962965 0.22934027777777785
6 0.6817592592592593 0.36080439814814813 0.11054398148148152 0.18597222222222226
13 0.13291666666666666 0.21989004629629633 0.1044212962962963 0.19447337962962957
39 0.7665914351851851 0.8674189814814814 0.09023726851851847 0.23878472222222236
39 0.6769155092592593 0.824693287037037 0.08707754629629641 0.23639467592592603
40 0.4500289351851851 0.2722337962962963 0.08005787037037031 0.23707175925925927
14 0.20633101851851848 0.21941550925925926 0.08184606481481485 0.19960648148148152
4 0.058912037037037034 0.18052083333333332 0.09356481481481482 0.1997800925925926
22 0.5111689814814815 0.7613136574074074 0.08175925925925931 0.24646990740740726
25 0.9491174768518519 0.45460648148148153 0.1017650462962962 0.17181712962962958