32 0.44609375 0.7359375 0.0859375 0.26171875
26 0.35234375 0.75234375 0.09296875 0.28359375
32 0.5359375 0.7390625 0.0984375 0.2625
23 0.25703125 0.76875 0.0953125 0.26875
38 0.8984375 0.6734375 0.0859375 0.2625
15 0.16328125 0.7609375 0.09765625 0.2984375
40 0.71796875 0.7125 0.09375 0.2640625
40 0.62890625 0.7234375 0.08984375 0.2546875
38 0.80859375 0.69296875 0.0796875 0.26015625
15 0.071875 0.8203125 0.10234375 0.28515625
14 0.53046875 0.23828125 0.096875 0.246875
37 0.6140625 0.23984375 0.078125 0.25
37 0.6953125 0.24609375 0.07890625 0.22265625
37 0.78828125 0.2 0.10078125 0.17109375