7 0.2693344907407408 0.5055729166666667 0.11092013888888896 0.8178645833333332
0 0.5141898148148148 0.515625 0.10530092592592588 0.7995833333333333
30 0.6350405092592593 0.5283854166666667 0.10900462962962969 0.7959375
16 0.7536111111111111 0.5700000000000001 0.11343749999999986 0.8063541666666667
16 0.8154108796296295 0.5725520833333333 0.114340277777778 0.8087500000000001
23 0.3331539351851852 0.51453125 0.10771412037037038 0.8160937500000001
0 0.45571759259259254 0.509375 0.10217592592592588 0.7993749999999998
24 0.6935243055555556 0.54953125 0.11151041666666668 0.79921875
17 0.20642939814814815 0.5092187499999999 0.11092013888888888 0.8178645833333335
30 0.5728645833333333 0.51796875 0.10822337962962969 0.7958854166666665
23 0.39491319444444445 0.5178645833333333 0.10352430555555552 0.8103645833333333
31 0.08819444444444444 0.47625 0.11651041666666666 0.8205729166666667
16 0.8746354166666667 0.59453125 0.11582175925925924 0.8072916666666667
22 0.1479050925925926 0.4888541666666667 0.11404513888888893 0.8180729166666666
11 0.9338078703703705 0.59640625 0.11877314814814781 0.8071875000000001
34 0.04063368055555556 0.47890625 0.08126736111111112 0.8066666666666666