27 0.8738657407407407 0.47032407407407406 0.07322337962962955 0.11839699074074073
29 0.585787037037037 0.4578761574074074 0.06306712962962954 0.11809606481481474
39 0.473287037037037 0.45454282407407404 0.056493055555555574 0.11166087962962976
39 0.419380787037037 0.4529456018518518 0.05493055555555557 0.11161458333333343
5 0.3631712962962963 0.45049768518518524 0.060682870370370345 0.11724537037037024
10 0.3044155092592592 0.45188657407407407 0.05755787037037034 0.11715277777777774
17 0.643599537037037 0.45958912037037036 0.06368634259259257 0.1149942129629629
29 0.5294965277777778 0.4569907407407408 0.05583333333333336 0.1139814814814816
2 0.8184374999999999 0.4678993055555556 0.07474537037037052 0.11766203703703706
15 0.246724537037037 0.44782986111111106 0.07408564814814814 0.1199826388888889
37 0.1334837962962963 0.4436921296296297 0.07947337962962964 0.11858217592592588
38 0.92703125 0.47111689814814817 0.07013888888888857 0.11908564814814823
7 0.760005787037037 0.46303819444444444 0.06351273148148148 0.12668981481481492
7 0.7012905092592593 0.46364583333333337 0.05961805555555557 0.11175347222222225
31 0.1911747685185185 0.44774884259259257 0.06252893518518521 0.12276041666666675