29 0.46944444444444444 0.5481770833333334 0.05630208333333329 0.12798032407407406
24 0.6880555555555555 0.567505787037037 0.061302083333333354 0.13535879629629619
32 0.4171354166666667 0.5435185185185185 0.058854166666666784 0.13284143518518512
1 0.6317361111111112 0.5649016203703704 0.05626736111111121 0.12719907407407405
1 0.5240625 0.5537905092592592 0.057795138888888785 0.12653356481481487
24 0.7430729166666666 0.5817708333333333 0.06883680555555553 0.1296875
10 0.5515625 0.35830439814814813 0.047795138888888825 0.11177662037037032
17 0.36057291666666663 0.33475115740740746 0.059791666666666646 0.11889467592592595
28 0.3624826388888889 0.5386863425925925 0.05800347222222228 0.13122106481481488
31 0.30874999999999997 0.530787037037037 0.0651041666666667 0.1333043981481481
1 0.5771180555555555 0.5592881944444444 0.05861111111111104 0.12737268518518513
31 0.2541319444444444 0.525173611111111 0.06585069444444444 0.1325810185185187
12 0.45394097222222224 0.35028935185185184 0.056597222222222146 0.11710069444444446
5 0.5030208333333333 0.3570601851851852 0.05088541666666657 0.11122685185185181
0 0.601388888888889 0.36591435185185184 0.04609375 0.10853587962962967
5 0.40809027777777784 0.34140625 0.04817708333333322 0.12037037037037042