10 0.359375 0.65625 0.06484375 0.428125
32 0.72421875 0.56015625 0.07109375 0.40859375
29 0.6515625 0.571875 0.0703125 0.41015625
21 0.93515625 0.51875 0.06484375 0.41015625
5 0.2078125 0.67890625 0.0703125 0.44296875
6 0.57578125 0.5953125 0.0703125 0.434375
5 0.284375 0.6671875 0.0703125 0.4296875
25 0.79453125 0.54609375 0.06796875 0.409375
7 0.05234375 0.71875 0.07578125 0.43203125
22 0.8640625 0.5375 0.06640625 0.38671875
6 0.50234375 0.621875 0.0703125 0.440625
1 0.42890625 0.63046875 0.071875 0.4234375
0 0.13125 0.68515625 0.07421875 0.409375