15 0.46015625 0.77109375 0.11640625 0.28046875
32 0.57578125 0.7546875 0.121875 0.28046875
5 0.22890625 0.79765625 0.13046875 0.290625
32 0.68671875 0.7359375 0.12109375 0.28046875
21 0.8 0.725 0.1296875 0.2734375
11 0.9078125 0.71484375 0.12734375 0.27109375
12 0.36796875 0.19765625 0.10703125 0.221875
22 0.6703125 0.16875 0.115625 0.225
17 0.57109375 0.1765625 0.11171875 0.22890625
10 0.34765625 0.78515625 0.11953125 0.27890625
7 0.47109375 0.196875 0.10546875 0.2265625
7 0.2671875 0.22265625 0.10546875 0.23984375
18 0.16484375 0.23515625 0.1046875 0.2375
25 0.76953125 0.165625 0.1140625 0.21640625
19 0.06328125 0.24296875 0.096875 0.2546875