31 0.8831597222222222 0.2634259259259259 0.06595486111111129 0.14754050925925927
21 0.6185185185185185 0.3691550925925926 0.06675925925925927 0.14837962962962967
16 0.5605266203703703 0.39380787037037035 0.0676099537037036 0.15078125
30 0.6758217592592592 0.34768518518518515 0.06519675925925927 0.14826388888888883
29 0.3780034722222222 0.46996527777777775 0.07404513888888893 0.15749421296296298
25 0.8328414351851852 0.2828125 0.07045717592592596 0.14163773148148148
11 0.501707175925926 0.4169560185185185 0.07156249999999993 0.15263310185185192
30 0.7299768518518519 0.32566550925925924 0.06356481481481495 0.1458043981481481
23 0.30829282407407405 0.49548611111111107 0.07565393518518518 0.1591724537037038
15 0.2387210648148148 0.5256944444444445 0.07494212962962958 0.1614583333333332
17 0.7801793981481481 0.3023726851851852 0.06574652777777779 0.14050925925925925
10 0.17052662037037036 0.549537037037037 0.08305555555555558 0.172193287037037
6 0.43978587962962956 0.4411168981481482 0.06767939814814809 0.153125