3 0.06389467592592593 0.27651041666666665 0.06817708333333335 0.12100694444444446
11 0.27236689814814813 0.2365972222222222 0.06817708333333332 0.12100694444444446
11 0.20565972222222223 0.25543402777777774 0.06817708333333332 0.12100694444444446
40 0.7685416666666667 0.13664930555555554 0.07510416666666657 0.11413194444444441
40 0.8273784722222223 0.12154513888888889 0.0735185185185184 0.1125347222222222
40 0.8838020833333333 0.11107638888888889 0.07979166666666657 0.11423611111111112
32 0.46303240740740736 0.18534722222222222 0.07840277777777782 0.12592013888888887
5 0.6178993055555555 0.4404340277777778 0.0669155092592593 0.14128472222222221
11 0.3366724537037037 0.22161458333333334 0.07288773148148149 0.12267361111111112
5 0.5504571759259259 0.4561284722222222 0.06453703703703706 0.13888888888888892
32 0.5280034722222222 0.17819444444444446 0.07679398148148149 0.12276041666666666
32 0.4018055555555556 0.2035243055555555 0.07920717592592581 0.12750000000000003
6 0.6525000000000001 0.16220486111111113 0.06962384259259266 0.11322916666666667
6 0.591400462962963 0.17178819444444443 0.0672569444444445 0.11161458333333334
2 0.6869733796296297 0.42008680555555555 0.07001736111111115 0.1397916666666667
6 0.7105555555555556 0.14708333333333334 0.07041666666666657 0.1140277777777778
2 0.7528530092592594 0.40435763888888887 0.06901620370370373 0.1249305555555555
33 0.4726388888888889 0.06442708333333333 0.09612847222222225 0.10991319444444443
14 0.13603587962962962 0.26013888888888886 0.06741898148148148 0.12255208333333334