0 0.03671875 0.690625 0.0640625 0.5203125
0 0.103125 0.6734375 0.05546875 0.4859375
5 0.16015625 0.68359375 0.06640625 0.5296875
10 0.22421875 0.67578125 0.06953125 0.50625
10 0.2859375 0.6453125 0.06875 0.5328125
10 0.346875 0.64140625 0.0671875 0.51171875
26 0.40625 0.61484375 0.06328125 0.55078125
29 0.4671875 0.5953125 0.0625 0.51484375
7 0.528125 0.56484375 0.0625 0.54375
12 0.58671875 0.56953125 0.0609375 0.521875
31 0.64609375 0.56484375 0.0640625 0.5234375
11 0.70625 0.57109375 0.06796875 0.54609375
16 0.7703125 0.56640625 0.06953125 0.56015625
24 0.83046875 0.57578125 0.07421875 0.53984375
33 0.89140625 0.57265625 0.0734375 0.56015625
33 0.95546875 0.54765625 0.06015625 0.53203125