1 0.9296932870370369 0.6347366898148148 0.115208333333333 0.7305266203703704
16 0.6900347222222222 0.5510474537037038 0.10791087962962961 0.7743402777777778
27 0.5144212962962963 0.4920543981481481 0.10202546296296297 0.7810011574074075
16 0.6286284722222222 0.5262499999999999 0.10857060185185183 0.7720428240740741
33 0.4563541666666667 0.478425925925926 0.09989583333333343 0.7699710648148148
11 0.750619212962963 0.5765798611111111 0.11053819444444439 0.7799479166666666
24 0.57359375 0.4994791666666666 0.10137731481481467 0.7685011574074074
7 0.33740162037037036 0.47529513888888886 0.10617476851851855 0.7859201388888888
5 0.15369791666666666 0.4816493055555555 0.11221064814814814 0.7971817129629629
6 0.8091840277777778 0.5957233796296296 0.11210069444444457 0.7800405092592593
34 0.21236111111111108 0.4686689814814815 0.11266782407407412 0.7909780092592593
20 0.09152199074074074 0.4716956018518519 0.11249421296296296 0.8026504629629629
33 0.3969386574074074 0.47568865740740734 0.10075810185185193 0.7715798611111111
34 0.2758449074074074 0.4685127314814815 0.1057291666666667 0.7773263888888889
1 0.8704166666666666 0.608755787037037 0.11197916666666644 0.7776967592592593
26 0.04203269675925926 0.4882118055555555 0.08406539351851852 0.7669907407407408