25 0.34050925925925923 0.7844560185185185 0.10008680555555553 0.16460648148148138
23 0.49869791666666663 0.5874594907407408 0.07737268518518511 0.14148148148148146
16 0.12569444444444444 0.5700636574074074 0.08949652777777777 0.14764467592592592
29 0.4252604166666666 0.5831076388888888 0.07575231481481488 0.14060763888888878
27 0.27748842592592593 0.5759201388888888 0.08301504629629627 0.14414930555555544
2 0.4328703703703704 0.7875752314814815 0.09673032407407404 0.1612962962962964
11 0.05196759259259258 0.5696180555555556 0.09207175925925926 0.15090856481481474
15 0.5707465277777778 0.589375 0.07899305555555554 0.1423553240740741
10 0.6410011574074075 0.5943229166666667 0.08206018518518512 0.14175925925925928
31 0.2541666666666667 0.7848321759259259 0.10008680555555553 0.16460648148148155
5 0.7184027777777777 0.598125 0.07447916666666661 0.1444212962962963
21 0.3509837962962963 0.5794907407407408 0.08032407407407405 0.1393229166666668
24 0.20109953703703703 0.569039351851852 0.09152199074074074 0.1539872685185184