0 0.0640625 0.73046875 0.078125 0.3375
5 0.14375 0.73046875 0.07421875 0.3109375
10 0.2265625 0.7296875 0.07109375 0.29453125
29 0.30390625 0.715625 0.07265625 0.30390625
20 0.37890625 0.709375 0.05859375 0.30625
32 0.4546875 0.70390625 0.0671875 0.30234375
39 0.52734375 0.69453125 0.0640625 0.29453125
39 0.60234375 0.6921875 0.05859375 0.27109375
39 0.6703125 0.6890625 0.05703125 0.2578125
25 0.73984375 0.690625 0.05625 0.284375
25 0.80859375 0.68203125 0.053125 0.2890625
28 0.878125 0.6765625 0.06640625 0.27421875
41 0.94765625 0.6796875 0.05390625 0.2546875