0 0.40390625 0.61640625 0.0671875 0.1125
15 0.56953125 0.63515625 0.075 0.1125
36 0.1859375 0.6625 0.08984375 0.134375
34 0.32421875 0.49921875 0.07734375 0.11953125
24 0.49375 0.63046875 0.0734375 0.1140625
40 0.3984375 0.5 0.07109375 0.1171875
17 0.72109375 0.51328125 0.0796875 0.11875
22 0.73125 0.63671875 0.07890625 0.10859375
35 0.33515625 0.6203125 0.06953125 0.11640625
2 0.08828125 0.66796875 0.0953125 0.11875
38 0.26328125 0.6515625 0.08125 0.12734375
30 0.51015625 0.5140625 0.07265625 0.11796875
27 0.65390625 0.63984375 0.078125 0.11171875
12 0.85078125 0.61953125 0.08203125 0.10703125
41 0.209375 0.52578125 0.08515625 0.134375
3 0.61484375 0.51328125 0.06953125 0.1296875