34 0.4066666666666666 0.6885243055555555 0.14128472222222221 0.15721064814814803
35 0.33357060185185183 0.6165914351851851 0.11980902777777783 0.13033564814814813
36 0.2243402777777778 0.7705787037037037 0.1396527777777778 0.1524421296296296
22 0.5295659722222222 0.13881944444444444 0.11504050925925924 0.1246238425925926
41 0.3260590277777778 0.8074594907407407 0.14604166666666663 0.1621412037037036
40 0.44230324074074073 0.6015856481481482 0.13010416666666663 0.14023726851851848
38 0.2771180555555556 0.6858738425925927 0.1309201388888889 0.14262152777777787
2 0.17736111111111114 0.8854282407407407 0.14068865740740738 0.169670138888889
0 0.3675983796296296 0.5328587962962963 0.11738425925925924 0.12474537037037052
24 0.4106365740740741 0.42055555555555557 0.11189236111111107 0.12289930555555557
12 0.5938136574074073 0.034360532407407406 0.10456018518518526 0.06872106481481481
17 0.5964583333333333 0.20795138888888892 0.1245196759259258 0.1321412037037037
30 0.48568865740740746 0.4658449074074074 0.12294560185185191 0.13127893518518513
15 0.44241319444444444 0.33069444444444446 0.10793981481481474 0.1195717592592593
27 0.48523148148148143 0.23323495370370367 0.11274305555555557 0.12762731481481476
3 0.5407581018518519 0.33184027777777775 0.12453125000000007 0.1329224537037037