38 0.52859375 0.1349826388888889 0.11404513888888879 0.14395254629629628
35 0.5030208333333334 0.23194444444444445 0.10838541666666668 0.13515625
34 0.5847048611111111 0.27965856481481477 0.12817708333333327 0.14759837962962957
22 0.28817708333333336 0.696556712962963 0.11324652777777774 0.14314236111111106
36 0.5570833333333333 0.057544849537037035 0.1208854166666665 0.11508969907407407
0 0.4660069444444444 0.3168402777777778 0.10914930555555565 0.1344039351851852
41 0.6341319444444444 0.12795138888888888 0.13241319444444438 0.16258680555555555
40 0.5460590277777777 0.3677372685185185 0.1249305555555555 0.14201388888888894
24 0.4154340277777778 0.41472800925925923 0.11777777777777772 0.13628472222222215
15 0.3722395833333333 0.496730324074074 0.1138020833333333 0.13301504629629618
27 0.32234375000000004 0.5992766203703704 0.11940972222222221 0.13946759259259273
17 0.36215277777777777 0.7398726851851852 0.13234375000000007 0.15946180555555553
12 0.2327256944444444 0.8383391203703704 0.11329861111111113 0.14548611111111107
30 0.4879340277777778 0.4893229166666666 0.1313020833333333 0.14771412037037024
3 0.4227777777777778 0.6111689814814815 0.12746527777777777 0.15069444444444446