25 0.5309027777777777 0.6452430555555556 0.08527199074074066 0.09061342592592592
29 0.32309027777777777 0.5315509259259259 0.08651620370370372 0.09690972222222224
31 0.20309606481481485 0.481880787037037 0.09441550925925926 0.10904513888888889
11 0.37228009259259254 0.5815277777777779 0.08958333333333339 0.09631365740740741
32 0.48556134259259254 0.6168171296296296 0.08975694444444446 0.0986574074074074
5 0.4315104166666667 0.590462962962963 0.07907986111111107 0.09102430555555543
17 0.6740451388888888 0.7394328703703703 0.08851273148148149 0.09236111111111107
20 0.6288194444444445 0.7094444444444444 0.08923611111111107 0.0916261574074074
33 0.581568287037037 0.6647974537037037 0.08041087962962959 0.08799189814814809
39 0.13122106481481483 0.4441377314814815 0.09525462962962963 0.10987268518518505
30 0.03634259259259259 0.3991956018518518 0.07268518518518519 0.11474537037037039
4 0.26001157407407405 0.5220659722222223 0.0924479166666666 0.10348379629629641
3 0.752662037037037 0.7596643518518519 0.08663194444444447 0.09847222222222207