29 0.5278935185185185 0.28838541666666667 0.08446759259259266 0.11401041666666671
25 0.6122974537037037 0.57125 0.0891319444444445 0.11354166666666679
5 0.5720949074074074 0.428125 0.08653356481481485 0.10479166666666676
11 0.5634490740740741 0.3515104166666667 0.08517939814814816 0.11171875
39 0.4608796296296296 0.04067708333333333 0.08761574074074083 0.08135416666666666
32 0.5946875 0.5077083333333333 0.08432870370370367 0.10932291666666671
20 0.6625 0.69265625 0.0811805555555555 0.10833333333333339
33 0.6298611111111111 0.6363541666666667 0.08278935185185184 0.11000000000000014
17 0.6875752314814815 0.7673958333333333 0.07550347222222235 0.10093749999999986
31 0.4861574074074074 0.11807291666666667 0.09565972222222215 0.12333333333333334
3 0.7096585648148148 0.8641666666666665 0.07743634259259266 0.11354166666666643
4 0.5226967592592593 0.200625 0.08692708333333332 0.11807291666666667