25 0.53203125 0.5991840277777778 0.1 0.11402199074074063
28 0.76640625 0.8044791666666666 0.1125 0.12505208333333329
16 0.209375 0.3312615740740741 0.0890625 0.11472222222222221
41 0.64921875 0.6936284722222222 0.10703125 0.11876157407407409
14 0.42734375 0.5108969907407407 0.09375 0.11241319444444446
33 0.478125 0.5558333333333334 0.0984375 0.11635416666666672
6 0.7046875 0.7486863425925927 0.1125 0.12427083333333329
19 0.2640625 0.3753877314814814 0.09375 0.11397569444444447
8 0.1609375 0.2816203703703704 0.078125 0.10995370370370364
11 0.1171875 0.23819444444444446 0.07421875 0.10992476851851851
5 0.3765625 0.45971064814814816 0.09375 0.10772569444444446
23 0.5890625 0.6503240740740741 0.10546875 0.1171875
18 0.96484375 0.9475405092592591 0.0703125 0.09114583333333356
18 0.83046875 0.8602546296296296 0.11640625 0.1266435185185184
4 0.31796875 0.4171759259259259 0.09375 0.11319444444444446
11 0.01796875 0.13971064814814815 0.0359375 0.0838599537037037