7 0.7607291666666667 0.14355324074074075 0.1045370370370371 0.1834201388888889
7 0.6642245370370371 0.15123842592592593 0.1064699074074074 0.189693287037037
12 0.4045775462962963 0.1636863425925926 0.09929976851851859 0.18724537037037034
12 0.5628935185185184 0.15664930555555556 0.0981481481481481 0.18098379629629627
12 0.4852777777777778 0.16640046296296296 0.09994212962962959 0.18491319444444443
34 0.09456018518518519 0.170625 0.10688657407407409 0.19672453703703704
31 0.18684606481481483 0.18411458333333336 0.09443287037037038 0.19732060185185185
28 0.2720428240740741 0.17034143518518516 0.09387731481481483 0.18794560185185186
31 0.40872106481481485 0.7086342592592592 0.14052083333333326 0.1847337962962964
28 0.5247974537037037 0.6881481481481482 0.11096064814814817 0.2654745370370371
34 0.6248900462962963 0.6882291666666667 0.11683449074074073 0.24604745370370368
17 0.7451273148148149 0.7247627314814815 0.13748842592592575 0.1862499999999999
17 0.860011574074074 0.7105497685185185 0.11830439814814823 0.24450810185185184
17 0.9449131944444445 0.7052546296296296 0.11017361111111086 0.2532291666666667