36 0.03036747685185185 0.6754918981481481 0.0607349537037037 0.228125
36 0.10370370370370371 0.6546296296296296 0.08301504629629627 0.21918402777777785
40 0.18848379629629627 0.5984375 0.08396990740740744 0.24496527777777785
40 0.26684027777777775 0.5682291666666666 0.07355324074074074 0.2586226851851851
40 0.3406828703703703 0.5124421296296295 0.07462384259259255 0.22433449074074083
16 0.4143229166666667 0.41999421296296297 0.06681134259259255 0.22404513888888894
16 0.48289930555555555 0.380005787037037 0.06556712962962959 0.2115162037037038
16 0.5501157407407408 0.3556712962962963 0.06701388888888893 0.20844907407407404
27 0.6206597222222222 0.3257523148148148 0.06397569444444447 0.2106770833333334
24 0.6861979166666666 0.32566550925925924 0.06574074074074084 0.19513888888888892
21 0.7508680555555556 0.3068865740740741 0.06796875 0.21316550925925926
11 0.81015625 0.24383680555555554 0.05928819444444429 0.18943865740740745
6 0.8691261574074074 0.21044560185185185 0.05512152777777786 0.2033275462962963
1 0.9277777777777778 0.14351851851851852 0.06976273148148167 0.21947337962962968