0 0.071875 0.584375 0.0890625 0.340625
26 0.665625 0.4 0.059375 0.2328125
26 0.53359375 0.43984375 0.06875 0.24921875
0 0.16015625 0.56328125 0.07265625 0.30625
0 0.23984375 0.52890625 0.06953125 0.28359375
15 0.3203125 0.49375 0.06875 0.28984375
15 0.390625 0.47265625 0.0671875 0.28125
15 0.46171875 0.46328125 0.06796875 0.26875
26 0.60078125 0.41796875 0.0546875 0.24921875
20 0.725 0.3890625 0.0515625 0.240625
20 0.7859375 0.37421875 0.05625 0.2453125
20 0.846875 0.36328125 0.0515625 0.25078125
5 0.90390625 0.3515625 0.04765625 0.24921875
5 0.95859375 0.3328125 0.04375 0.23359375