18 0.5073958333333334 0.8744212962962962 0.09314814814814802 0.13310185185185192
2 0.3453703703703704 0.522511574074074 0.10163194444444441 0.11857638888888893
11 0.6636631944444444 0.34348958333333335 0.0735185185185184 0.11909722222222223
29 0.2723900462962963 0.48145254629629636 0.09697337962962962 0.12230902777777786
25 0.49368055555555557 0.39432870370370365 0.08450810185185187 0.1265335648148148
12 0.30225115740740743 0.7147858796296296 0.09777199074074075 0.12468171296296297
0 0.46108217592592593 0.635445601851852 0.0969560185185184 0.11996527777777785
39 0.3106655092592593 0.5847511574074075 0.1008622685185185 0.12010995370370381
37 0.49675925925925923 0.0714699074074074 0.08840277777777779 0.12511574074074075
32 0.5308912037037037 0.24837962962962962 0.08900462962962959 0.10092592592592595
24 0.6923958333333333 0.529976851851852 0.10084490740740737 0.1177662037037038
34 0.5030324074074074 0.1798611111111111 0.08588541666666671 0.10159143518518521
38 0.417962962962963 0.7222222222222222 0.09548611111111108 0.13240740740740745
19 0.6085879629629629 0.2931712962962963 0.07664351851851858 0.11921296296296298
30 0.23317708333333337 0.5680844907407407 0.08992476851851858 0.11970486111111107
17 0.31626157407407407 0.3907407407407407 0.09700231481481474 0.1262152777777777
16 0.2635474537037037 0.6591724537037036 0.09228587962962961 0.12213541666666679
36 0.5631134259259258 0.8004629629629629 0.09785300925925924 0.13561921296296298
17 0.028530092592592593 0.15914351851851852 0.05560185185185185 0.12546296296296297
40 0.4299826388888889 0.551417824074074 0.09465856481481474 0.12612847222222215
22 0.25590856481481483 0.7883969907407409 0.09855902777777778 0.1254918981481481
1 0.5186342592592592 0.7036458333333334 0.09317129629629636 0.1362268518518519
20 0.38319444444444445 0.459375 0.10000578703703704 0.10992476851851851
26 0.4363773148148148 0.3597222222222222 0.07273726851851858 0.11906828703703702
10 0.6021006944444445 0.6833622685185186 0.09208333333333343 0.09479166666666661
6 0.6842534722222222 0.16924189814814816 0.07507523148148146 0.1183738425925926
7 0.734375 0.3947916666666667 0.09600694444444446 0.09728009259259256
33 0.40486111111111106 0.8524305555555556 0.10167824074074083 0.12482638888888893
5 0.22071180555555553 0.8897280092592592 0.09780671296296291 0.1293692129629626
9 0.4294212962962963 0.15914351851851852 0.07586226851851859 0.11918402777777777
23 0.19505208333333335 0.69609375 0.08760416666666666 0.12274305555555554
31 0.4684548611111111 0.7867766203703704 0.09934027777777779 0.12552083333333322
21 0.605480324074074 0.19013310185185187 0.08498263888888893 0.08515625
8 0.3689293981481481 0.6435474537037037 0.0977256944444445 0.11843171296296298
27 0.5403703703703704 0.578587962962963 0.09449652777777776 0.10425347222222214
15 0.4928356481481481 0.49126157407407406 0.09609953703703696 0.10978009259259255
35 0.7454108796296296 0.3021701388888889 0.08891782407407404 0.08920717592592595
4 0.44285300925925924 0.9174479166666666 0.10239583333333328 0.11626157407407404
3 0.5620428240740741 0.44493634259259257 0.09855324074074083 0.1247106481481481
14 0.7483969907407408 0.07230902777777777 0.07581018518518512 0.11215277777777777
28 0.6152025462962962 0.5531539351851851 0.05707175925925938 0.11302083333333321
13 0.443449074074074 0.2594328703703704 0.07942708333333322 0.07323495370370373