18 0.47432291666666665 0.8966782407407408 0.09603009259259263 0.1303703703703704
2 0.3255497685185185 0.5376851851851852 0.10418402777777783 0.11559027777777775
11 0.6500347222222222 0.37286458333333333 0.07610532407407397 0.11694444444444443
29 0.2541898148148148 0.4933969907407407 0.09961226851851848 0.1194618055555555
25 0.47840277777777784 0.41613425925925923 0.08725115740740748 0.12405671296296301
12 0.2753703703703704 0.7279803240740741 0.10046296296296298 0.12181134259259245
0 0.4369212962962963 0.6557233796296297 0.09954282407407415 0.1171180555555555
39 0.28858796296296296 0.5983622685185186 0.10344907407407415 0.11714699074074061
37 0.49343171296296295 0.09351851851851853 0.09111111111111114 0.12252314814814816
32 0.5209664351851852 0.27188657407407407 0.09117476851851851 0.09831018518518517
24 0.6718229166666667 0.5605671296296297 0.10337962962962947 0.11480324074074062
34 0.4956828703703704 0.2021527777777778 0.08807291666666668 0.0990682870370371
38 0.3906481481481482 0.7405555555555555 0.09835069444444447 0.1296064814814816
19 0.5968981481481481 0.3201157407407408 0.07923032407407397 0.1169675925925926
30 0.21182291666666667 0.5782581018518519 0.09251157407407407 0.11706597222222222
17 0.3013599537037037 0.40466435185185184 0.09972800925925931 0.1233680555555555
16 0.23877893518518517 0.6706655092592593 0.09492476851851857 0.11942708333333343
36 0.5327025462962963 0.8252199074074074 0.10078703703703695 0.13274884259259245
17 0.025885416666666668 0.1603587962962963 0.051770833333333335 0.1238425925925926
40 0.40897569444444437 0.5703414351851852 0.09738425925925931 0.12335069444444446
22 0.22636574074074076 0.7995081018518518 0.10126736111111115 0.12259837962962958
1 0.491869212962963 0.7264583333333333 0.09612268518518512 0.13349537037037038
20 0.36565972222222226 0.47625 0.10236689814814817 0.10698495370370367
26 0.42245949074074074 0.3789930555555555 0.07532407407407397 0.11693865740740747
10 0.5759722222222222 0.7098900462962963 0.09411458333333336 0.09208333333333343
6 0.6770486111111111 0.19958912037037035 0.0776446759259258 0.11617476851851852
7 0.71875 0.4272916666666666 0.09809027777777786 0.09445601851851855
33 0.37274305555555554 0.8701388888888889 0.10436921296296298 0.12184027777777758
5 0.18746527777777777 0.8992418981481481 0.10060185185185185 0.12649884259259245
9 0.4229398148148148 0.1781712962962963 0.07844907407407398 0.11696180555555555
23 0.16901041666666666 0.7045312499999999 0.09026041666666669 0.120173611111111
31 0.4386805555555555 0.807332175925926 0.10204861111111115 0.12260416666666671
21 0.5976099537037036 0.21697337962962965 0.08680555555555572 0.08265624999999996
8 0.3445949074074074 0.6597280092592592 0.10027777777777783 0.11556134259259263
27 0.5182060185185186 0.6024074074074074 0.09673611111111118 0.10147569444444429
15 0.4739699074074074 0.5129976851851852 0.09846064814814817 0.10695601851851855
35 0.7332002314814815 0.33519097222222227 0.09082754629629619 0.08659143518518526
4 0.40827546296296297 0.9368229166666666 0.10489583333333333 0.11325231481481453
3 0.5447974537037037 0.4697627314814815 0.10124421296296297 0.12181712962962958
14 0.744693287037037 0.10553819444444446 0.07824074074074083 0.10993055555555556
28 0.5938773148148149 0.580306712962963 0.059537037037036986 0.11135416666666664
13 0.4332349537037037 0.27905092592592595 0.08098958333333339 0.07089699074074077