25 0.5088946759259259 0.5870659722222222 0.07463541666666665 0.11401041666666671
32 0.5214236111111111 0.7320659722222222 0.10258101851851861 0.12477430555555565
31 0.40358217592592593 0.22565972222222222 0.09495370370370378 0.12772569444444448
18 0.33968171296296296 0.16869791666666667 0.1077719907407407 0.12020833333333333
16 0.6322685185185185 0.20805555555555558 0.07541666666666665 0.11402777777777776
34 0.5654282407407407 0.7815451388888889 0.10290509259259259 0.13024305555555565
40 0.5118229166666667 0.40564236111111107 0.09862268518518516 0.11064236111111114
7 0.2850231481481481 0.7346354166666667 0.10795717592592595 0.12333333333333343
2 0.6017245370370371 0.38026041666666666 0.08638888888888889 0.08852430555555557
29 0.681875 0.37421875 0.06507523148148149 0.1106770833333334
22 0.6008391203703705 0.0915798611111111 0.09236689814814802 0.09723958333333334
17 0.66703125 0.47949652777777774 0.06898148148148149 0.11076388888888893
11 0.36641203703703706 0.7340972222222223 0.09054398148148142 0.1323090277777778
26 0.5719039351851852 0.579861111111111 0.08346064814814813 0.118107638888889
35 0.30005787037037035 0.8241493055555555 0.10611689814814813 0.118611111111111
9 0.6370891203703704 0.7471527777777778 0.07652199074074062 0.11951388888888878
30 0.6905150462962963 0.2680208333333334 0.06893518518518515 0.10998263888888893
0 0.4561921296296296 0.35434027777777777 0.09233217592592595 0.1229861111111111
12 0.5773148148148148 0.18493055555555554 0.07711805555555565 0.11640625
20 0.5892361111111111 0.4589930555555556 0.08519097222222208 0.08147569444444436
33 0.44310185185185186 0.12640625 0.10023726851851844 0.12472222222222222
38 0.4722280092592593 0.2553472222222222 0.10271412037037031 0.11385416666666667
1 0.39057870370370373 0.3262847222222222 0.10450810185185189 0.11779513888888893
28 0.34500000000000003 0.5145833333333334 0.10970486111111111 0.1264930555555555
6 0.40039351851851845 0.8999131944444443 0.10354745370370359 0.12791666666666685
23 0.6841840277777778 0.13723958333333336 0.10055555555555565 0.1169270833333333
36 0.3169791666666667 0.27458333333333335 0.07675347222222229 0.12342013888888896
24 0.27814814814814814 0.5866319444444444 0.09852430555555554 0.09581597222222218
37 0.6058796296296296 0.8645833333333334 0.07178819444444447 0.11862847222222221
19 0.43529513888888893 0.7465798611111112 0.08304976851851845 0.12434027777777779
3 0.4225 0.5796701388888889 0.0988483796296297 0.10128472222222218
10 0.31577546296296294 0.40050347222222216 0.1104861111111111 0.1265104166666667
15 0.4752025462962964 0.4955729166666667 0.09434027777777772 0.09104166666666665
21 0.468755787037037 0.8419791666666667 0.10620949074074079 0.120173611111111
27 0.4028877314814815 0.44859374999999996 0.10883101851851862 0.12491319444444446
8 0.536875 0.28651041666666666 0.09150462962962962 0.12218749999999998
4 0.38677662037037036 0.08682291666666667 0.10722222222222219 0.12409722222222222
39 0.6127430555555555 0.29993055555555553 0.08960648148148138 0.09015624999999998
13 0.5996238425925926 0.6665277777777778 0.09723958333333335 0.10046874999999993