36 0.6732291666666667 0.6923958333333333 0.05554976851851858 0.11453124999999993
36 0.7279050925925926 0.6968229166666667 0.054021990740740836 0.11677083333333335
40 0.7841666666666667 0.6997916666666667 0.05486111111111107 0.12072916666666664
36 0.6161747685185185 0.69015625 0.04990740740740733 0.10244791666666657
21 0.34496527777777775 0.6798958333333334 0.0485879629629629 0.11875
24 0.39884837962962966 0.6850520833333333 0.04782986111111116 0.12026041666666672
11 0.28560185185185183 0.67515625 0.05092013888888891 0.11812499999999986
39 0.5599479166666667 0.68484375 0.047540509259259164 0.10072916666666672
18 0.12468749999999999 0.6628645833333333 0.055642361111111115 0.12078124999999992
1 0.17544560185185185 0.6678124999999999 0.05401041666666666 0.11598958333333335
40 0.9006655092592591 0.7013020833333333 0.057962962962962904 0.11937499999999997
40 0.8443576388888889 0.7014583333333333 0.05566550925925924 0.12234374999999993
39 0.5060300925925926 0.68203125 0.04356481481481485 0.09578124999999993
27 0.4519849537037038 0.6878124999999999 0.04541666666666657 0.11541666666666668
6 0.23248842592592595 0.6708333333333333 0.0422685185185185 0.11364583333333336