15 0.28781828703703705 0.4493923611111111 0.04835069444444447 0.060271990740740834
31 0.3990798611111111 0.4390335648148148 0.04769097222222225 0.06258680555555554
28 0.053738425925925926 0.4674189814814815 0.06113425925925926 0.06620370370370363
13 0.9030555555555555 0.40399305555555554 0.049010416666666855 0.057957175925925954
34 0.3427488425925926 0.4426793981481481 0.05233796296296296 0.061979166666666786
15 0.22988425925925923 0.4538773148148148 0.05163773148148145 0.06351273148148148
28 0.11483796296296296 0.462037037037037 0.05961226851851853 0.06692708333333339
7 0.6605439814814815 0.41921296296296295 0.0411979166666665 0.057667824074074045
28 0.17449652777777777 0.45436921296296295 0.05624421296296296 0.06212384259259256
7 0.7089004629629629 0.4189814814814815 0.04041666666666668 0.05763888888888893
36 0.5047916666666666 0.4304398148148148 0.047407407407407474 0.05711805555555553
28 0.44759837962962956 0.4356770833333333 0.05147569444444429 0.06038773148148149
7 0.7566782407407407 0.4148726851851851 0.04037615740740748 0.05685763888888893
7 0.8060185185185185 0.4107060185185185 0.03634837962962969 0.05436921296296297
36 0.6066377314814815 0.42120949074074077 0.04259837962962969 0.054600694444444466
14 0.8529745370370371 0.40740740740740744 0.05530092592592588 0.05896990740740726
36 0.5572569444444444 0.42615740740740743 0.045763888888888896 0.05549768518518512