20 0.3969039351851852 0.47864004629629625 0.043009259259259205 0.056093750000000143
20 0.4469155092592592 0.47859953703703706 0.04219328703703695 0.053738425925925884
31 0.6430902777777778 0.4760358796296297 0.04140046296296305 0.05294560185185197
29 0.135 0.48726273148148147 0.05005208333333333 0.05697916666666671
29 0.18971064814814814 0.48651041666666667 0.04692708333333333 0.056932870370370384
31 0.5946180555555556 0.477662037037037 0.041423611111111217 0.0545081018518518
31 0.5445949074074073 0.47848379629629634 0.04221643518518512 0.05530092592592588
31 0.4961226851851851 0.4801099537037038 0.04143518518518512 0.05528935185185198
29 0.07640625 0.48639467592592595 0.056325231481481476 0.058634259259259205
1 0.7346006944444444 0.47035879629629634 0.047673611111111035 0.054600694444444285
1 0.7830613425925926 0.4695138888888889 0.04688078703703713 0.05380787037037038
8 0.8299594907407407 0.4686458333333333 0.04607638888888914 0.0522337962962963
0 0.29760416666666667 0.48263888888888895 0.045353009259259294 0.05612847222222221
19 0.24135416666666668 0.48180555555555554 0.04613425925925929 0.0561400462962963
19 0.34686921296296297 0.4802430555555556 0.04457175925925929 0.05611689814814813
14 0.8783969907407407 0.4693634259259259 0.04924768518518512 0.05540509259259245