12 0.7803645833333334 0.4531423611111111 0.21697916666666667 0.1304166666666667
22 0.33864583333333337 0.5653819444444445 0.2179166666666667 0.13277777777777774
32 0.11287760416666667 0.6894618055555556 0.22575520833333335 0.133732638888889
35 0.7924479166666666 0.33057291666666666 0.20734375000000008 0.1263020833333334
41 0.5572395833333333 0.5725868055555555 0.21369791666666665 0.11630208333333343
31 0.35302083333333334 0.44364583333333335 0.22078124999999993 0.12894097222222226
1 0.7699479166666666 0.5741840277777778 0.22260416666666671 0.1328819444444445
31 0.36291666666666667 0.3186805555555556 0.22249999999999998 0.1313194444444445
32 0.5833854166666667 0.3212326388888889 0.2078125 0.10993055555555564
28 0.14244791666666667 0.3043923611111111 0.20343750000000002 0.11451388888888889
28 0.7685416666666667 0.7009027777777778 0.2106770833333332 0.11779513888888893
10 0.55203125 0.69765625 0.2106770833333334 0.11779513888888893
30 0.33171875 0.6927604166666667 0.2146354166666667 0.11866319444444447
27 0.56953125 0.44689236111111114 0.2055208333333333 0.12236111111111114
11 0.133125 0.4325 0.2058333333333333 0.11534722222222218
32 0.11994791666666667 0.5597395833333334 0.21458333333333335 0.11788194444444447
32 0.11119791666666665 0.6909895833333334 0.20812499999999998 0.11461805555555564