11 0.6990162037037038 0.3961516203703704 0.17592592592592596 0.17767939814814815
15 0.5254340277777778 0.22844907407407405 0.17326388888888894 0.16901620370370374
30 0.7204861111111112 0.7435532407407408 0.18070023148148148 0.18016203703703687
17 0.5364583333333333 0.39940393518518513 0.17430555555555555 0.17607060185185192
32 0.6918981481481482 0.2250810185185185 0.17320601851851852 0.16745370370370374
36 0.5403645833333334 0.5682233796296297 0.18064236111111107 0.17859953703703707
25 0.3598090277777778 0.5712268518518518 0.1789351851851852 0.17464699074074072
37 0.7075810185185185 0.5640509259259259 0.17832754629629619 0.17931134259259257
2 0.36061921296296295 0.7409201388888889 0.1830729166666666 0.1810127314814814
1 0.5500289351851853 0.744693287037037 0.18460648148148148 0.1802777777777777
41 0.3536458333333333 0.40482060185185187 0.17644675925925926 0.17067129629629624
33 0.34256365740740746 0.23230324074074074 0.17476851851851852 0.16749999999999998