24 0.49788194444444445 0.7251446759259259 0.18375000000000002 0.1961226851851851
27 0.6752256944444445 0.36102430555555554 0.17791666666666667 0.17931134259259257
31 0.31190972222222224 0.740480324074074 0.1774826388888889 0.19487847222222215
14 0.5017881944444444 0.37387152777777777 0.17401041666666667 0.17902199074074082
33 0.3335763888888889 0.22175925925925927 0.16609375 0.17375578703703703
25 0.6730381944444445 0.5296585648148148 0.18203125 0.18897569444444445
30 0.32199652777777776 0.5673611111111111 0.17423611111111104 0.18917824074074083
20 0.5011631944444443 0.5423900462962964 0.1804513888888888 0.1880787037037038
7 0.5055555555555555 0.20434027777777777 0.16991319444444458 0.17013888888888892
20 0.32678819444444446 0.3868344907407407 0.17638888888888893 0.1807581018518519
15 0.6742708333333333 0.19340277777777776 0.17460069444444457 0.17048611111111106
21 0.6816493055555555 0.7037326388888888 0.18458333333333332 0.19852430555555553