35 0.9295717592592592 0.46315972222222224 0.104045138888889 0.772517361111111
35 0.8628703703703703 0.4552777777777778 0.10298032407407405 0.7670312499999999
35 0.7974594907407407 0.46765625 0.09868634259259253 0.7895659722222221
39 0.7297453703703703 0.47930555555555554 0.09901041666666668 0.7958159722222222
39 0.6633391203703705 0.48078125 0.10136574074074076 0.7810416666666666
39 0.5970949074074074 0.47913194444444446 0.10254050925925924 0.8036979166666667
36 0.5310648148148148 0.4884027777777778 0.09570601851851848 0.7621874999999999
36 0.46638310185185183 0.48671875 0.0930787037037037 0.7566666666666666
36 0.40151041666666665 0.5037673611111112 0.09866898148148148 0.7591319444444444
27 0.3363715277777778 0.4958506944444444 0.09228009259259258 0.7262152777777778
27 0.27175925925925926 0.47777777777777775 0.09707754629629628 0.7434895833333334
27 0.20602430555555556 0.49640625 0.10120370370370368 0.7779166666666667
27 0.14120949074074074 0.48223958333333333 0.09873842592592594 0.7755208333333332
6 0.07555555555555556 0.49930555555555556 0.09432870370370372 0.735625
6 0.02990162037037037 0.4960243055555556 0.05980324074074074 0.7403125000000002