39 0.6878472222222223 0.5688715277777778 0.07933449074074073 0.13958912037037036
25 0.32795717592592594 0.5934027777777777 0.0913368055555556 0.15763888888888894
40 0.26376736111111115 0.3588252314814815 0.0824131944444444 0.1388310185185185
28 0.2385300925925926 0.587037037037037 0.09137731481481479 0.1451446759259259
40 0.3488310185185185 0.3597569444444445 0.08429976851851854 0.1443113425925926
36 0.5980497685185184 0.568755787037037 0.08314814814814823 0.13805555555555565
36 0.41693287037037036 0.5810300925925926 0.08388310185185191 0.1372800925925926
39 0.7816435185185185 0.5673958333333333 0.07984375000000003 0.14818287037037034
15 0.5109664351851851 0.3515277777777778 0.07951967592592588 0.14271412037037035
40 0.18288194444444444 0.3664525462962963 0.09004050925925924 0.13576388888888885
15 0.6735185185185186 0.3362673611111111 0.08006944444444457 0.13881365740740748
15 0.5916666666666666 0.347025462962963 0.08434606481481488 0.1450925925925926
31 0.14744212962962963 0.5955208333333333 0.09413773148148148 0.1521932870370371
36 0.5091666666666667 0.5795659722222222 0.08489583333333339 0.14119212962962954
15 0.4293981481481481 0.3443229166666667 0.08020833333333321 0.1411574074074073
14 0.759548611111111 0.33406828703703706 0.08962962962962955 0.1420081018518518