16 0.6898148148148148 0.49111111111111116 0.04134837962962958 0.06331597222222207
11 0.6453993055555556 0.4885590277777778 0.0390625 0.06404513888888878
21 0.24835069444444446 0.4820833333333333 0.039293981481481485 0.06717013888888879
21 0.29456018518518523 0.48154513888888884 0.04085648148148149 0.06720486111111121
27 0.7765914351851851 0.4922569444444445 0.03761574074074083 0.06557291666666672
33 0.47358217592592594 0.4839583333333334 0.03744212962962976 0.06322916666666671
30 0.8200520833333333 0.4971354166666666 0.0375 0.06401041666666671
33 0.38657407407407407 0.4859375 0.039120370370370416 0.06482638888888896
33 0.42803819444444446 0.48607638888888893 0.03822337962962976 0.06324652777777776
24 0.7342881944444445 0.49288194444444444 0.03828125 0.06402777777777775
21 0.34076967592592594 0.4810069444444444 0.04079861111111107 0.06642361111111121
16 0.5179398148148148 0.4872916666666667 0.040567129629629585 0.06329861111111121
3 0.05954861111111111 0.48493055555555553 0.048408564814814814 0.07439236111111107
4 0.10859375 0.4883680555555555 0.04716435185185182 0.06812500000000003
16 0.5617476851851853 0.487482638888889 0.040625 0.06407986111111122
6 0.6026041666666666 0.48526041666666664 0.04050925925925917 0.06251736111111103
23 0.0018446180555555538 0.24866319444444446 0.0036892361111111075 0.05902777777777777
23 0.004759837962962962 0.19555555555555554 0.009519675925925924 0.057517361111111096
14 0.15491898148148148 0.48626736111111113 0.0481770833333333 0.07126736111111107
19 0.20118634259259255 0.4849479166666667 0.04924768518518512 0.07519097222222229
37 0.5587952609375 0.0553696953125 0.52340535 0.064887153125 0.5274478296875 0.1250002828125 0.5663943578125 0.1173322453125 0.5587952609375 0.0553696953125
31 0.3781887328125 0.0341575765625 0.32285839375 0.032172309375 0.3196962390625 0.0760220421875 0.375165390625 0.08099075624999999 0.3781887328125 0.0341575765625