27 0.4910763888888889 0.41075231481481483 0.04833333333333343 0.06805555555555554
16 0.24098958333333337 0.42762152777777784 0.05454861111111118 0.06681712962962968
11 0.17461805555555557 0.4295023148148148 0.05380208333333334 0.06833912037037031
15 0.30199652777777775 0.4213368055555556 0.049097222222222216 0.06731481481481474
20 0.37 0.41624999999999995 0.05458333333333334 0.06837962962962969
23 0.43017361111111113 0.41234953703703703 0.05223958333333343 0.06825810185185191
12 0.6777777777777778 0.4018518518518519 0.05685763888888893 0.06537615740740747
30 0.5528124999999999 0.4067708333333334 0.051423611111111 0.06665509259259253
17 0.7371180555555557 0.40033564814814815 0.052881944444444426 0.06204861111111111
33 0.6144965277777777 0.40513310185185186 0.05059027777777771 0.06427083333333332
6 0.10815972222222221 0.43528935185185186 0.05697916666666667 0.07084490740740748
22 0.7988541666666666 0.3963541666666667 0.053628472222222355 0.0605266203703704
39 0.8628819444444445 0.3945949074074074 0.050555555555555284 0.06270833333333332
39 0.9254166666666667 0.38979166666666665 0.04809027777777786 0.05711805555555553