27 0.5678645833333332 0.31808449074074074 0.06708333333333343 0.08275462962962958
21 0.41291666666666665 0.3434027777777778 0.07984375000000003 0.09881365740740744
33 0.3271875 0.3497106481481482 0.07843749999999998 0.10109953703703703
6 0.6434895833333333 0.3129340277777778 0.07442708333333332 0.08770254629629629
24 0.49546875 0.33642939814814815 0.07359374999999986 0.09858217592592596
33 0.14645833333333333 0.3642361111111111 0.07302083333333331 0.10167824074074075
33 0.241875 0.3622685185185185 0.08317708333333336 0.1020543981481481
6 0.7251562500000001 0.3279224537037037 0.06281250000000008 0.08883101851851852
6 0.79359375 0.32068865740740743 0.07041666666666657 0.08599537037037042
1 0.8679166666666667 0.3195023148148148 0.06578124999999986 0.08660300925925934
1 0.9376041666666666 0.3192708333333333 0.06968749999999986 0.08674768518518512
35 0.37734375 0.58515625 0.08739583333333326 0.11857638888888893
35 0.47911458333333334 0.5727719907407407 0.07578125 0.10801504629629637
35 0.5758854166666667 0.5558738425925925 0.07192708333333328 0.10865162037037024