37 0.446875 0.5046875 0.06484375 0.08515625
37 0.5296875 0.503125 0.06484375 0.0828125
37 0.36875 0.50703125 0.06015625 0.08359375
30 0.72578125 0.39453125 0.07265625 0.09453125
5 0.9734375 0.49765625 0.053125 0.09296875
5 0.90703125 0.49921875 0.0671875 0.09609375
30 0.6578125 0.4 0.07265625 0.09765625
5 0.8328125 0.4984375 0.06640625 0.0953125
35 0.6796875 0.50234375 0.0671875 0.09375
35 0.75234375 0.49921875 0.06640625 0.0921875
35 0.60546875 0.5046875 0.065625 0.0921875
40 0.58046875 0.4015625 0.075 0.0953125
40 0.51015625 0.403125 0.07265625 0.09609375
37 0.2828125 0.50546875 0.06328125 0.0859375
9 0.0671875 0.525 0.096875 0.121875
40 0.43515625 0.40390625 0.071875 0.09765625
33 0.1282900859375 0.28462835468750003 0.13723544999999998 0.2237654328125 0.045711779687499995 0.21985143125 0.028567035937500002 0.280791859375 0.1282900859375 0.28462835468750003
29 0.1406973375 0.13777367812500002 0.11904761875 0.2094356265625 0.18180403125 0.22538011875000002 0.20222335937499997 0.1483488 0.1406973375 0.13777367812500002
41 0.066686559375 0.13929363749999998 0.043816137500000005 0.21053791875 0.10744125156249999 0.2187146921875 0.1285904171875 0.14536485937500002 0.066686559375 0.13929363749999998
17 0.39914408749999997 0.085991753125 0.39517195781250003 0.15101410937499998 0.4508625015625 0.1522197421875 0.451847459375 0.089841165625 0.39914408749999997 0.085991753125
24 0.339575065625 0.065048190625 0.333193825 0.1268885375 0.390479678125 0.1394012828125 0.395062159375 0.0693023515625 0.339575065625 0.065048190625
10 0.27766475 0.0864567828125 0.268838871875 0.1560648484375 0.3232796484375 0.159617159375 0.33110765 0.0920457515625 0.27766475 0.0864567828125
38 0.21703326562499997 0.050533234375 0.20667989375 0.1135361546875 0.2634425890625 0.12110580625 0.27386054843749996 0.05633749375 0.21703326562499997 0.050533234375
41 0.1984126984375 0.13999118125 0.2094862203125 0.074499490625 0.1509764328125 0.0705984078125 0.1386079328125 0.135340884375 0.1984126984375 0.13999118125
20 0.13062169375 0.141093475 0.1448567703125 0.07491285 0.084125175 0.0635842078125 0.068482090625 0.130651834375 0.13062169375 0.141093475
2 0.4205774375 0.009020715625 0.40178571406249997 0.045194003125 0.468627284375 0.07170500625000001 0.48793570781250006 0.0326252828125 0.4205774375 0.009020715625
41 0.3421876296875 0 0.32903439218749997 0.04850088125 0.385726040625 0.0638813109375 0.3950492421875 0.00893029375 0.3421876296875 0
7 0 0.1175922484375 0.031415343750000005 0.136684303125 0.06912150781250001 0.0951976203125 0.0085384625 0.058180390625 0 0.0775996890625 0 0.1175922484375