29 0.56328125 0.5 0.05234375 0.08515625
20 0.73984375 0.51015625 0.053125 0.08203125
29 0.5015625 0.4984375 0.0515625 0.08671875
23 0.4375 0.496875 0.0546875 0.0890625
30 0.68046875 0.50390625 0.0515625 0.0828125
30 0.61796875 0.50078125 0.05078125 0.08359375
23 0.375 0.49609375 0.0546875 0.0890625
34 0.30234375 0.48828125 0.0625 0.08984375
20 0.7890625 0.50546875 0.053125 0.07890625
34 0.22890625 0.48828125 0.06171875 0.0921875
24 0.08359375 0.48203125 0.06015625 0.096875
37 0.8953125 0.5078125 0.046875 0.0703125
37 0.8484375 0.51328125 0.04453125 0.06875
24 0.1546875 0.48984375 0.05625 0.09453125
21 0.868882275 0.1631393296875 0.8849742421875 0.2111105953125 0.9369929890625001 0.20373039999999998 0.9186017078125 0.159298528125 0.868882275 0.1631393296875
26 0.755550646875 0.24654327812500001 0.7547949734375 0.3108465609375 0.8030741046875001 0.32796654531249997 0.8021924859375 0.2597750984375 0.755550646875 0.24654327812500001
2 0.20585317500000003 0.0088183421875 0.21208586562499998 0.059919946875 0.2848145828125 0.051631220312500004 0.275152296875 0.004473759375 0.20585317500000003 0.0088183421875
7 0.2844270578125 0.0080131515625 0.29348545000000004 0.06393298124999999 0.3381153890625 0.06380380625 0.329121584375 0.005365065625 0.2844270578125 0.0080131515625
36 0.3389550265625 0.0231481484375 0.346540825 0.07081369843749999 0.4117192671875 0.06727430625 0.4011624453125 0.0169391390625 0.3389550265625 0.0231481484375
1 0.45717592656250006 0.049603175 0.484134734375 0.0900650703125 0.5324106359375 0.059713265625 0.5036110859375 0.01991446875 0.45717592656250006 0.049603175
26 0.5573575453124999 0.01991446875 0.5299272484374999 0.046296296875 0.5760362406249999 0.0939446234375 0.6023943859374999 0.06637438749999999 0.5573575453124999 0.01991446875