19 0.17918402777777778 0.5194097222222223 0.0613483796296296 0.09340277777777786
29 0.39480902777777777 0.5210069444444445 0.05174189814814811 0.08552083333333335
38 0.34324652777777775 0.520625 0.054866898148148116 0.08554398148148153
38 0.2892939814814815 0.5217881944444445 0.05332754629629628 0.08631365740740744
23 0.4972685185185185 0.5178587962962963 0.04932870370370388 0.08315972222222215
38 0.2345833333333333 0.522164351851852 0.05574074074074069 0.08867476851851848
26 0.4456828703703704 0.5182581018518518 0.050133101851851866 0.08394675925925928
5 0.6536111111111111 0.5158912037037038 0.05008680555555554 0.08238425925925927
10 0.6011747685185185 0.5186284722222222 0.04930555555555571 0.08237847222222214
29 0.8084143518518518 0.513130787037037 0.04691550925925938 0.08079861111111111
15 0.5496585648148148 0.5166840277777778 0.05008680555555554 0.0823842592592591
0 0.7082986111111111 0.5162962962962963 0.0493287037037037 0.08315972222222215
23 0.9123668981481483 0.512337962962963 0.04464120370370352 0.08312500000000007
26 0.8592187500000001 0.5127256944444445 0.04925925925925938 0.08081597222222214
0 0.7591261574074074 0.5151099537037037 0.0477662037037037 0.08314814814814823