41 0.31050347222222224 0.5277372685185184 0.057204861111111074 0.09065972222222207
31 0.777980324074074 0.5337673611111111 0.05081018518518512 0.08656828703703709
28 0.7303530092592593 0.5315740740740741 0.05315393518518512 0.08663773148148142
13 0.08153935185185185 0.5225173611111111 0.06050347222222221 0.09543981481481474
31 0.8272569444444444 0.5336631944444444 0.0484375 0.0857175925925926
12 0.5240451388888889 0.5270254629629629 0.05381944444444429 0.08353587962962958
41 0.19565972222222222 0.5243344907407407 0.05963541666666665 0.09307291666666657
7 0.4700810185185185 0.5269907407407407 0.05630787037037042 0.08751157407407409
2 0.36449652777777775 0.5269907407407407 0.05480324074074074 0.08902777777777775
2 0.4184027777777778 0.528587962962963 0.05558449074074083 0.08905092592592592
14 0.13857060185185185 0.5242071759259259 0.058854166666666693 0.09304976851851858
25 0.6279513888888889 0.5301041666666666 0.05150462962962976 0.08424768518518526
17 0.576417824074074 0.5277951388888888 0.05133101851851851 0.07956018518518526
25 0.678761574074074 0.5308275462962962 0.05234375 0.08583333333333343
41 0.25179398148148147 0.5291261574074074 0.059664351851851906 0.09385416666666675
2 0.680434028125 0.20532593906250002 0.7192570484374999 0.1845940484375 0.69945986875 0.1107697671875 0.6582955562499999 0.131389853125 0.680434028125 0.20532593906250002
12 0.5667816375 0.22120139062500002 0.6113584921874999 0.20338958125 0.5938417328125001 0.12487623437499999 0.5494972515625001 0.1433738421875 0.5667816375 0.22120139062500002
7 0.513277484375 0.22133033593749998 0.5552946890625 0.2055218546875 0.5367567109375 0.12562466875 0.49318415625 0.14605034687500001 0.513277484375 0.22133033593749998
25 0.44905776406250003 0.1284999140625 0.4905073921875 0.11650198593750001 0.47504326875 0.033950523437500005 0.43234993906249997 0.050829476562499996 0.44905776406250003 0.1284999140625
29 0.5073530093749999 0.22714195781250002 0.4878651265625 0.1453962921875 0.44196485937499996 0.16517168124999998 0.4434440765625 0.1705152734375 0.461284653125 0.24123071718750003 0.5073530093749999 0.22714195781250002
15 0.6096197437499999 0.15272512656249998 0.650801521875 0.1327505234375 0.6268303875 0.061811000000000005 0.5872771578125 0.081808396875 0.6096197437499999 0.15272512656249998
16 0.443208834375 0.14129384375 0.42687651562499995 0.060702478125 0.38092970312499996 0.0753761578125 0.38250726875 0.07892354375 0.39725476249999997 0.155390234375 0.443208834375 0.14129384375
11 0.49625695 0.0977985703125 0.538428075 0.0879733234375 0.521714246875 0.015878278125 0.48059534218750005 0.024016203125 0.49625695 0.0977985703125