27 0.17906249999999999 0.4844270833333334 0.049583333333333354 0.0640625
20 0.6364236111111111 0.5603645833333333 0.059513888888889 0.07718749999999996
23 0.5798784722222223 0.545625 0.0586631944444445 0.07557291666666668
15 0.7585243055555555 0.5810416666666667 0.06125000000000007 0.08119791666666672
4 0.8911631944444445 0.5938020833333333 0.06593750000000007 0.08151041666666678
15 0.6978993055555556 0.5699479166666667 0.060399305555555574 0.07958333333333342
26 0.5228819444444445 0.5410416666666666 0.05220486111111118 0.07046875000000004
12 0.3672916666666667 0.5157812500000001 0.05604166666666668 0.06916666666666664
5 0.32133680555555555 0.5095833333333333 0.04812499999999993 0.06630208333333343
33 0.09038194444444445 0.46989583333333335 0.056649305555555564 0.06531249999999993
30 0.13616319444444444 0.48 0.050434027777777765 0.06567708333333329
15 0.22732638888888887 0.4915625 0.05210069444444443 0.06812499999999985
2 0.4723784722222222 0.5314062500000001 0.05284722222222236 0.0673958333333335
14 0.8233333333333333 0.5861458333333334 0.06125000000000007 0.08119791666666672
10 0.2660416666666666 0.5019791666666666 0.05362847222222218 0.06744791666666679
7 0.42017361111111107 0.5247916666666667 0.05291666666666668 0.06895833333333332