34 0.4060069444444444 0.4658564814814815 0.09199652777777771 0.12196180555555554
13 0.7323784722222222 0.6315972222222223 0.10557291666666657 0.1466435185185185
23 0.5311458333333333 0.6140046296296295 0.0999305555555555 0.14253472222222213
8 0.8403993055555554 0.6402777777777777 0.12104166666666671 0.16125578703703702
23 0.6266319444444445 0.6214409722222223 0.100642361111111 0.14100115740740743
31 0.49890625 0.4677372685185185 0.08190972222222222 0.12314814814814809
29 0.3430208333333333 0.5929976851851851 0.11508680555555557 0.15011574074074083
36 0.6764930555555555 0.47977430555555556 0.08564236111111115 0.11938657407407405
32 0.24842013888888886 0.5879340277777778 0.1164756944444445 0.14626736111111108
28 0.5851909722222223 0.47873263888888895 0.08836805555555553 0.12806712962962977
38 0.32852430555555556 0.4598668981481481 0.07378472222222224 0.11582754629629619
26 0.43531250000000005 0.598755787037037 0.10309027777777775 0.14343171296296298
38 0.24550347222222219 0.4521122685185185 0.07809027777777774 0.10740740740740744
36 0.7751041666666667 0.4873263888888889 0.09479166666666661 0.13220486111111107
36 0.875 0.4886863425925926 0.08432291666666672 0.1247974537037038
38 0.1679513888888889 0.4445601851851852 0.07223958333333336 0.09861111111111107
34 0.3493387046875 0.07349486875 0.38981878124999997 0.1042255859375 0.44090485937499996 0.048243681249999996 0.40272091718749997 0.0247081265625 0.3493387046875 0.07349486875
10 0.44996480781250003 0.061453970312499995 0.48700782499999995 0.08840775625 0.53786988125 0.038629237500000004 0.5075980703125 0.018799928125 0.44996480781250003 0.061453970312499995
15 0.59058318125 0.055240296875 0.59429150625 0.1135783296875 0.65819549375 0.1107479625 0.6515223890625 0.05164241562500001 0.59058318125 0.055240296875
21 0.8071720843750001 0.099706853125 0.862082075 0.140063853125 0.9204573296874999 0.08581349218749999 0.8624578546875 0.05138609843750001 0.8071720843750001 0.099706853125
40 0.804602340625 0.0888218328125 0.7839807578125 0.029036325 0.7253888734375 0.0319860578125 0.7419410156249999 0.0990103859375 0.804602340625 0.0888218328125
2 0.6537818015625 0.0476379921875 0.6696386953125 0.117009478125 0.73386978125 0.103113365625 0.7187309109375 0.0353891 0.6537818015625 0.0476379921875