34 0.6140625 0.4515625 0.08671875 0.11875
13 0.29453125 0.60546875 0.09921875 0.14296875
23 0.4953125 0.5953125 0.09375 0.1390625
8 0.18671875 0.61015625 0.1140625 0.15703125
23 0.4 0.59921875 0.09453125 0.1375
31 0.52109375 0.45 0.0765625 0.1203125
29 0.6828125 0.58125 0.10859375 0.14609375
36 0.34375 0.45546875 0.08046875 0.11640625
32 0.77734375 0.5796875 0.11015625 0.1421875
28 0.43515625 0.4578125 0.0828125 0.125
38 0.69140625 0.4484375 0.06875 0.11328125
26 0.590625 0.58359375 0.096875 0.13984375
38 0.77421875 0.44375 0.0734375 0.1046875
36 0.2453125 0.459375 0.0890625 0.12890625
36 0.1453125 0.45703125 0.07890625 0.121875
38 0.8515625 0.4390625 0.06796875 0.09609375
34 0.5977150250000001 0.0098086828125 0.5605158734375 0.031966490624999996 0.6141783703125 0.0899358953125 0.653357128125 0.060656243750000005 0.5977150250000001 0.0098086828125
10 0.49240192968749996 0 0.46296296249999996 0.018738976562500002 0.51612490625 0.07048645625 0.5520290796875 0.0448624546875 0.49240192968749996 0
15 0.34970238125 0.027557318749999997 0.3456495171875 0.086512759375 0.409784871875 0.091718509375 0.41090223437500006 0.0334218609375 0.34970238125 0.027557318749999997
21 0.1384077125 0.0194752734375 0.0818452375 0.0518077609375 0.14273184375 0.10831318125 0.19593576875000002 0.069926696875 0.1384077125 0.0194752734375
40 0.26124338593749996 0.0716490296875 0.2748390484375 0.0051282453125 0.21601924218750002 0 0.19802517343749998 0.0591190609375 0.26124338593749996 0.0716490296875
2 0.281659484375 0.0087838953125 0.2695105828125 0.07605820156250001 0.334466196875 0.092360078125 0.347260975 0.0234624734375 0.281659484375 0.0087838953125