34 0.45078125 0.49353587962962964 0.059375 0.0840335648148148
33 0.071875 0.45259259259259255 0.05703125 0.0715162037037036
34 0.39375 0.48614583333333333 0.0578125 0.07855324074074073
34 0.33359375 0.47877893518518516 0.059375 0.07778356481481481
35 0.70390625 0.5119733796296296 0.05859375 0.08949652777777786
0 0.22734375 0.4623784722222222 0.05546875 0.07306712962962969
35 0.77109375 0.5208506944444444 0.0625 0.09030671296296297
0 0.28359375 0.46664930555555556 0.0546875 0.07306134259259256
38 0.5140625 0.49775462962962963 0.0515625 0.0808506944444444
38 0.571875 0.5067013888888889 0.05234375 0.08476273148148153
0 0.17421875 0.4580844907407407 0.0546875 0.07228009259259274
38 0.63515625 0.512482638888889 0.05546875 0.08478587962962969
35 0.83984375 0.5351851851851852 0.059375 0.08950231481481481
33 0.12421875 0.45376736111111116 0.0515625 0.07069444444444457
19 0.91640625 0.5408680555555556 0.065625 0.09579861111111114