31 0.19921875 0.4625 0.05390625 0.08671875
38 0.71328125 0.4546875 0.046875 0.0765625
31 0.0640625 0.46640625 0.05390625 0.0875
31 0.13203125 0.4640625 0.05390625 0.0875
6 0.65234375 0.45703125 0.05078125 0.08046875
36 0.8921875 0.4515625 0.046875 0.06875
38 0.83515625 0.4515625 0.04375 0.07421875
36 0.94921875 0.44765625 0.04765625 0.071875
6 0.52890625 0.45859375 0.05 0.0796875
38 0.77578125 0.4515625 0.04609375 0.075
6 0.58984375 0.4578125 0.05 0.08046875
24 0.4015625 0.45703125 0.05390625 0.08046875
24 0.465625 0.45859375 0.05234375 0.08125
24 0.33515625 0.459375 0.05546875 0.0828125
31 0.26953125 0.46015625 0.0546875 0.0859375
1 0.4584547578125 0.1848579421875 0.42741402031250003 0.24470899531249998 0.47352947187499994 0.27255480468750004 0.504108409375 0.2095734125 0.4584547578125 0.1848579421875
35 0.228174603125 0.08487654375 0.2482128640625 0.044685915625 0.19449546874999998 0.0241427953125 0.1732429625 0.063704771875 0.228174603125 0.08487654375
37 0.3802910046875 0.186287478125 0.42747537968750005 0.178162375 0.412226278125 0.1178161515625 0.367399346875 0.127504271875 0.3802910046875 0.186287478125
30 0.5425379515625 0.11544794375 0.49467863906250004 0.10912267812500001 0.4918981484375 0.171957671875 0.4904772234375 0.1735379125 0.5374516890625001 0.182360559375 0.5425379515625 0.11544794375
11 0.5477759953125 0.1469235703125 0.5621693125 0.20833333281250002 0.6092987859375001 0.198813140625 0.59208945625 0.13688237187500002 0.5477759953125 0.1469235703125
0 0.44154898906250006 0.071670559375 0.4422949734375 0.1322751328125 0.49066452812500005 0.1305958578125 0.49040617812500004 0.07654045468750001 0.44154898906250006 0.071670559375
23 0.3335716609375 0.0653797390625 0.33812830625 0.10471781250000001 0.40291922343750003 0.0936905796875 0.397610134375 0.0545548796875 0.3335716609375 0.0653797390625
15 0.6186026109375 0.1589540625 0.6175595234375 0.228174603125 0.6693360671875 0.23030598906250002 0.666122840625 0.16469373437499998 0.6186026109375 0.1589540625
20 0.6719066484375 0.11111197187499999 0.671296296875 0.165343915625 0.7175054000000001 0.1778911078125 0.7201890093750001 0.11661051874999999 0.6719066484375 0.11111197187499999
21 0.6030402609375 0.1039642921875 0.59937169375 0.144400353125 0.6632809921875 0.161770075 0.6637847734375 0.1107115296875 0.6030402609375 0.1039642921875
11 0.5636677406249999 0.1240768296875 0.5900678687500001 0.0910511046875 0.542234390625 0.053168403125 0.5126081203124999 0.0857592390625 0.5636677406249999 0.1240768296875
20 0.73013225 0.064785534375 0.6621345640625 0.051265225000000005 0.6638558203125 0.09810405625 0.6648472375 0.09925801875 0.7244485515625 0.1105134609375 0.73013225 0.064785534375
26 0.7497474625 0.012542885937500001 0.715939153125 0.04850088125 0.7465729890625 0.0804889015625 0.78303584375 0.0438376671875 0.7497474625 0.012542885937500001
23 0.6156251296875 0.034067735937499996 0.5985449734375 0.08377425 0.6388572406249999 0.1020740328125 0.6573518625 0.054442928125 0.6156251296875 0.034067735937499996
16 0.5276247046875 0.007035728125 0.4737103171875 0.0330687828125 0.494717390625 0.07161458281250001 0.5490548265624999 0.0406556578125 0.5276247046875 0.007035728125
2 0.54398148125 0.0011022921874999998 0.5480763265624999 0.037163628125 0.6062631765625001 0.0332711578125 0.596891534375 0 0.54398148125 0.0011022921874999998