4 0.0375 0.61796875 0.05625 0.7640625
8 0.09453125 0.6078125 0.0578125 0.78359375
13 0.15234375 0.6078125 0.0578125 0.784375
23 0.2125 0.60625 0.0578125 0.7875
26 0.27109375 0.57734375 0.05546875 0.82734375
29 0.3296875 0.58359375 0.05546875 0.8328125
10 0.38671875 0.5453125 0.0546875 0.82109375
15 0.44375 0.52265625 0.05625 0.80859375
15 0.56015625 0.49375 0.05390625 0.79921875
20 0.503125 0.51484375 0.05625 0.8015625
20 0.615625 0.50234375 0.0546875 0.78359375
23 0.6734375 0.4890625 0.0546875 0.7828125
0 0.73203125 0.4828125 0.0546875 0.7859375
5 0.78828125 0.478125 0.05234375 0.81796875
10 0.84609375 0.4796875 0.05234375 0.7875
32 0.90390625 0.4859375 0.0546875 0.77578125
32 0.96171875 0.48046875 0.05390625 0.765625