32 0.11409722222222221 0.577662037037037 0.0750289351851852 0.6622106481481481
32 0.05582754629629629 0.590769675925926 0.06666666666666668 0.669704861111111
26 0.6262384259259259 0.49377893518518523 0.08045717592592591 0.6873842592592594
26 0.5678993055555556 0.504542824074074 0.07553819444444443 0.6793981481481481
26 0.683136574074074 0.5135706018518519 0.07387731481481481 0.649681712962963
26 0.511556712962963 0.5035011574074074 0.07052662037037045 0.6682870370370371
0 0.4540451388888889 0.515798611111111 0.07033564814814816 0.6355034722222221
0 0.3986458333333333 0.5201967592592592 0.07049768518518515 0.6409722222222223
10 0.8613078703703703 0.5085358796296297 0.07264467592592609 0.6870949074074074
10 0.8022280092592593 0.49429976851851853 0.07659143518518512 0.6622685185185186
10 0.7436111111111112 0.4956886574074074 0.07422453703703695 0.661400462962963
29 0.3403761574074074 0.5333043981481482 0.07243055555555555 0.6535300925925925
29 0.28327546296296297 0.5330729166666667 0.07174189814814813 0.6566261574074075
29 0.22808449074074075 0.5445023148148148 0.07206018518518516 0.6410300925925926
32 0.17084490740740738 0.5395833333333333 0.06852430555555555 0.6533854166666666
4 0.9727850115740739 0.5118634259259259 0.054429976851852045 0.6317418981481481
3 0.9242013888888888 0.5195023148148148 0.07236689814814809 0.6777199074074074