17 0.6072569444444444 0.5330208333333333 0.12407986111111118 0.17755208333333333
28 0.749357638888889 0.6252604166666667 0.12107638888888897 0.1828125
28 0.2425 0.27958333333333335 0.11161458333333334 0.14317708333333332
28 0.4181076388888889 0.40088541666666666 0.11576388888888882 0.15437499999999993
2 0.13218749999999999 0.20947916666666666 0.10671875000000001 0.13348958333333333
31 0.47848958333333336 0.44223958333333335 0.11506944444444436 0.15822916666666664
2 0.08048611111111112 0.17145833333333332 0.10677083333333333 0.13583333333333333
12 0.6770486111111111 0.5753125 0.12309027777777785 0.16812500000000002
34 0.1870138888888889 0.24729166666666663 0.11480902777777775 0.14651041666666664
31 0.29897569444444444 0.32119791666666664 0.11331597222222226 0.14953124999999998
22 0.5452083333333333 0.48708333333333337 0.12074652777777786 0.16796875
25 0.8209375 0.6776041666666667 0.12114583333333329 0.1859375
25 0.3554513888888889 0.36281250000000004 0.11265625000000004 0.15494791666666669
22 0.89375 0.7502083333333334 0.12220486111111128 0.19848958333333327