32 0.6046875 0.609375 0.06328125 0.10078125
34 0.3421875 0.6546875 0.06796875 0.1125
32 0.5390625 0.61640625 0.06484375 0.10546875
34 0.2765625 0.66640625 0.065625 0.11328125
32 0.47578125 0.6265625 0.06640625 0.10859375
33 0.8015625 0.5828125 0.05390625 0.0890625
34 0.4109375 0.6421875 0.06640625 0.11328125
2 0.07265625 0.69609375 0.065625 0.109375
33 0.8640625 0.57109375 0.05625 0.08984375
2 0.20546875 0.67734375 0.06796875 0.11015625
1 0.66875 0.6015625 0.05859375 0.09453125
1 0.7328125 0.59375 0.05546875 0.0921875
2 0.13984375 0.68828125 0.06953125 0.11640625
15 0.471875 0.1671875 0.08046875 0.08671875
28 0.5765625 0.134375 0.07109375 0.08671875
33 0.9359375 0.5328125 0.08125 0.0984375
11 0.4078125 0.140625 0.06328125 0.0828125