3 0.9634331597222221 0.5634809027777778 0.07313368055555572 0.8730381944444444
26 0.9088888888888889 0.55578125 0.10859375 0.8819965277777777
26 0.8358506944444445 0.5439583333333333 0.11017361111111121 0.8649131944444445
26 0.7611111111111111 0.5289409722222222 0.10878472222222228 0.86875
5 0.6898958333333333 0.5055034722222222 0.10276041666666665 0.8560069444444445
5 0.624375 0.5049305555555555 0.10258680555555558 0.8521006944444445
5 0.5559895833333334 0.4925347222222222 0.10329861111111108 0.8505729166666667
10 0.4885590277777778 0.4840798611111111 0.09807291666666665 0.8207118055555555
10 0.42397569444444444 0.4695138888888889 0.09626736111111107 0.8151736111111111
10 0.36005208333333333 0.4697916666666667 0.09145833333333328 0.7946875
15 0.2972222222222222 0.4771354166666667 0.09032986111111115 0.7517534722222223
15 0.2363888888888889 0.4767708333333333 0.08899305555555559 0.7743055555555557
29 0.1760763888888889 0.488125 0.09026041666666665 0.7852777777777777
29 0.11704861111111112 0.4932986111111111 0.08656250000000001 0.7547048611111112
29 0.059236111111111114 0.49072916666666677 0.08309027777777778 0.7467534722222222