7 0.9205729166666667 0.65859375 0.06600694444444458 0.3608969907407406
12 0.8520312499999999 0.6177083333333333 0.0609375 0.3522337962962963
17 0.7802777777777778 0.6314988425925926 0.07024305555555568 0.3508101851851853
22 0.7096180555555556 0.6382696759259259 0.07270833333333329 0.3711458333333333
22 0.6414236111111111 0.6247511574074074 0.07286458333333332 0.35709490740740735
22 0.5704340277777777 0.6213541666666667 0.07475694444444443 0.3469733796296296
17 0.5028298611111112 0.5945543981481481 0.07524305555555558 0.35791087962962964
22 0.4375173611111111 0.5513715277777778 0.07670138888888882 0.3555902777777778
25 0.37671875000000005 0.5121643518518518 0.07192708333333328 0.3360011574074074
7 0.3100347222222222 0.4822511574074074 0.07456597222222223 0.3602430555555555
7 0.2442534722222222 0.46720486111111115 0.07607638888888886 0.34152777777777776
7 0.17725694444444445 0.47950231481481487 0.07788194444444443 0.347019675925926
28 0.10666666666666666 0.4847106481481481 0.08065972222222224 0.3392534722222223
28 0.038897569444444446 0.49149305555555556 0.07779513888888889 0.3345891203703705
19 0.642986111111111 0.2378009259259259 0.07309027777777785 0.34460648148148143
9 0.8407118055555556 0.20398726851851853 0.07487847222222221 0.3321412037037037
8 0.7097222222222223 0.24895254629629632 0.06713541666666671 0.33358796296296295
18 0.7752604166666666 0.23428819444444443 0.0671875 0.31719328703703703
13 0.9056423611111111 0.2557638888888889 0.06835069444444457 0.32579861111111114