18 0.5410590277777778 0.6015625 0.06890625000000003 0.07933449074074073
4 0.5364236111111111 0.2874305555555556 0.06427083333333332 0.0815393518518519
13 0.528107638888889 0.05392939814814816 0.06281250000000008 0.08618055555555555
9 0.5429513888888889 0.7570775462962963 0.063420138888889 0.07839120370370374
11 0.5336111111111111 0.3719444444444444 0.06336805555555554 0.07604745370370374
10 0.5428645833333333 0.6828125 0.06411458333333328 0.0745081018518519
20 0.5433333333333333 0.914982638888889 0.06493055555555553 0.07609374999999971
3 0.5314756944444444 0.13513310185185184 0.06508680555555557 0.08312499999999998
34 0.5401909722222222 0.5273206018518518 0.06420138888888882 0.0784143518518519
15 0.5423958333333333 0.8376157407407406 0.065763888888889 0.07846064814814824
37 0.5344791666666666 0.44618634259259266 0.06493055555555553 0.07609375000000007
36 0.5308506944444444 0.2125462962962963 0.06276041666666679 0.08383680555555557
16 0.5284722222222222 0.00826388888888889 0.06319444444444447 0.01652777777777778
6 0.5461111111111111 0.9696238425925927 0.06706597222222221 0.03165509259259238