18 0.52109375 0.61953125 0.08671875 0.0984375
13 0.31640625 0.15 0.08125 0.1140625
20 0.6421875 0.8890625 0.08671875 0.08515625
4 0.39921875 0.35078125 0.08203125 0.10859375
16 0.28671875 0.078125 0.0828125 0.11953125
10 0.54765625 0.69296875 0.06328125 0.0703125
22 0.25703125 0.0359375 0.084375 0.071875
34 0.49453125 0.5546875 0.08828125 0.10390625
11 0.43515625 0.4203125 0.0828125 0.10546875
9 0.57890625 0.75234375 0.0890625 0.096875
15 0.61171875 0.82265625 0.08828125 0.09140625
3 0.34453125 0.21640625 0.08515625 0.1125
37 0.46328125 0.4890625 0.084375 0.10078125
6 0.6703125 0.95234375 0.08828125 0.0859375
36 0.3765625 0.28359375 0.084375 0.1109375