17 0.5863425925925926 0.3628240740740741 0.07894675925925938 0.11151620370370381
11 0.45554398148148145 0.6192476851851852 0.08122685185185183 0.10293981481481466
13 0.3480324074074074 0.8958101851851851 0.08190972222222222 0.08966435185185162
34 0.5088599537037037 0.4876099537037037 0.07656828703703696 0.10681134259259259
16 0.32179398148148153 0.9577199074074073 0.08651041666666667 0.07798032407407404
4 0.4323437500000001 0.6928530092592593 0.0827314814814816 0.09513888888888893
37 0.4841608796296296 0.5526331018518519 0.07966435185185183 0.10292824074074076
27 0.6707291666666666 0.14971064814814813 0.0781944444444445 0.11541666666666668
32 0.6467650462962963 0.22097800925925926 0.07814236111111103 0.10838541666666668
41 0.70015625 0.07918402777777778 0.07586805555555572 0.11774305555555556
24 0.7247222222222222 0.034955150462962964 0.07633680555555564 0.06991030092592593
36 0.4021469907407408 0.7618229166666667 0.08429976851851854 0.09593171296296302
3 0.37666666666666665 0.826851851851852 0.08585069444444446 0.09438078703703709
8 0.6150289351851852 0.28683449074074074 0.08284143518518512 0.10998263888888893
7 0.5553819444444444 0.4294560185185185 0.08284722222222225 0.11076388888888893