17 0.5899016203703704 0.6622974537037037 0.08284143518518512 0.11241319444444446
16 0.32685185185185184 0.05115740740740741 0.08807870370370371 0.08136574074074074
13 0.35468171296296297 0.11779513888888889 0.08424768518518518 0.09137731481481479
3 0.38331597222222225 0.18758680555555554 0.08506365740740743 0.09609375
11 0.4621874999999999 0.39670138888888884 0.08277199074074063 0.10303819444444447
4 0.4374305555555555 0.32314814814814813 0.08509259259259246 0.1
34 0.5155034722222223 0.5298900462962963 0.08045717592592591 0.10685763888888893
32 0.6534259259259259 0.8028935185185185 0.08050347222222225 0.11310763888888893
27 0.6765914351851852 0.8724826388888889 0.08677662037037023 0.11646412037037024
37 0.4923726851851852 0.46498842592592593 0.08121527777777775 0.10376157407407405
36 0.4095949074074074 0.2557291666666667 0.0866493055555555 0.09927662037037041
8 0.6208738425925926 0.731394675925926 0.08361111111111104 0.11087962962962976
7 0.5612326388888889 0.587818287037037 0.08515625 0.10859375
41 0.7067708333333333 0.9399884259259259 0.07662615740740755 0.11686921296296297
24 0.7336921296296296 0.9752025462962962 0.08180555555555565 0.049594907407407615