16 0.6902314814814815 0.08506944444444445 0.08341435185185198 0.11846064814814813
32 0.35359375000000004 0.8375578703703704 0.09071180555555554 0.09690393518518511
4 0.5642881944444444 0.3473958333333333 0.07978009259259267 0.10975115740740744
8 0.38611689814814815 0.764380787037037 0.09085069444444445 0.09924768518518512
17 0.4168460648148148 0.6950520833333333 0.09186342592592603 0.10318287037037024
13 0.6567939814814815 0.1472511574074074 0.08322916666666665 0.11533564814814815
11 0.5291030092592592 0.41264467592592596 0.08515625 0.10839120370370363
27 0.3254398148148148 0.9030671296296298 0.09310185185185187 0.09777199074074047
34 0.46723379629629636 0.5450231481481482 0.08823495370370367 0.10772569444444446
3 0.6239525462962963 0.21258680555555554 0.08401041666666664 0.1153645833333334
41 0.2903472222222222 0.9605251736111111 0.08960648148148147 0.07894965277777785
37 0.5002141203703704 0.47734375 0.08722222222222217 0.10379050925925917
36 0.5939583333333334 0.28272569444444445 0.08387152777777782 0.11302083333333339
7 0.45060763888888894 0.6274016203703704 0.090625 0.10859375