18 0.43620370370370376 0.1317361111111111 0.07481481481481467 0.08211805555555554
12 0.4367476851851852 0.2051736111111111 0.07799189814814814 0.08921875000000004
34 0.4387326388888889 0.36765625 0.07326967592592588 0.08442708333333329
40 0.4477256944444445 0.5268576388888888 0.07321180555555565 0.07661458333333329
28 0.45647569444444447 0.7587326388888889 0.07479166666666667 0.07899305555555554
33 0.4570659722222222 0.838420138888889 0.07320601851851852 0.07583333333333328
37 0.43968171296296293 0.2848090277777778 0.07478009259259259 0.07743055555555553
19 0.46154513888888893 0.9156770833333333 0.06928240740740747 0.07340277777777757
21 0.44398726851851855 0.44411458333333337 0.0779050925925926 0.07750000000000004
39 0.4372222222222222 0.05826388888888889 0.0716666666666665 0.07892361111111112
25 0.4535648148148148 0.6822222222222222 0.0724363425925926 0.07737847222222224
35 0.4506134259259259 0.6002430555555556 0.0732175925925926 0.07739583333333329
15 0.46354745370370376 0.9750173611111113 0.0720949074074074 0.03128472222222243
1 0.4329108796296296 0.008871527777777777 0.07207175925925924 0.017743055555555554