0 0.4558564814814815 0.5371296296296297 0.08271990740740734 0.10293402777777771
17 0.5420138888888889 0.3709027777777778 0.08248842592592602 0.09512152777777771
12 0.6358449074074073 0.5256423611111111 0.06217592592592602 0.0949710648148148
3 0.4067939814814815 0.558582175925926 0.08276620370370366 0.10449652777777771
29 0.6059722222222221 0.42666666666666664 0.08241898148148152 0.09277777777777771
22 0.45964699074074067 0.43556134259259255 0.055052083333333356 0.09179398148148152
16 0.5291319444444444 0.4366087962962963 0.08177662037037034 0.09745949074074076
30 0.5749131944444444 0.499537037037037 0.08009837962962969 0.09354166666666668
23 0.5307233796296297 0.6201504629629631 0.08248842592592602 0.09512152777777771
10 0.5103877314814815 0.515636574074074 0.08113425925925917 0.1021412037037038
15 0.5161111111111112 0.7178935185185186 0.06075231481481467 0.09964699074074072
6 0.37660879629629634 0.6283217592592593 0.08122685185185183 0.1052662037037038
40 0.5671759259259259 0.5761400462962962 0.08416666666666668 0.09903935185185198
28 0.44921875 0.6293460648148148 0.07175347222222221 0.07551504629629627
36 0.48881365740740745 0.8219791666666666 0.0819618055555555 0.10370949074074076
31 0.5644097222222222 0.7222222222222222 0.058385416666666676 0.0988483796296297
37 0.4525347222222223 0.7019618055555557 0.07418981481481488 0.07865740740740748
39 0.3823553240740741 0.7243518518518519 0.07814236111111121 0.0802488425925926