26 0.40703125 0.33984375 0.0734375 0.09140625
14 0.8515625 0.6703125 0.078125 0.08203125
17 0.1734375 0.16640625 0.071875 0.1015625
17 0.0296875 0.04921875 0.059375 0.09375
29 0.359375 0.3078125 0.075 0.08984375
30 0.2171875 0.20234375 0.078125 0.09609375
24 0.5453125 0.44296875 0.0765625 0.08984375
0 0.31484375 0.27578125 0.07578125 0.0890625
3 0.45390625 0.37578125 0.07421875 0.09140625
2 0.26640625 0.2390625 0.08046875 0.09765625
41 0.81171875 0.640625 0.0796875 0.08515625
38 0.67578125 0.54140625 0.078125 0.08828125
7 0.63125 0.50859375 0.078125 0.09140625
1 0.58984375 0.47578125 0.0765625 0.0890625
36 0.72109375 0.57421875 0.08046875 0.090625
5 0.76640625 0.61015625 0.07734375 0.084375
4 0.49765625 0.41015625 0.07578125 0.09140625