13 0.5389641203703703 0.49151041666666667 0.0943287037037038 0.10222222222222221
9 0.5088368055555555 0.42295717592592597 0.09691550925925921 0.10692708333333342
22 0.6041087962962963 0.6324884259259259 0.09605324074074062 0.1053587962962963
10 0.7379687500000001 0.9230150462962964 0.09191550925925931 0.08580439814814796
16 0.5746006944444444 0.5608043981481481 0.09819444444444443 0.10146990740740733
8 0.7041087962962963 0.8427662037037038 0.09454282407407408 0.09129050925925952
32 0.4723784722222222 0.35288773148148145 0.08815972222222221 0.10373842592592589
27 0.6382638888888889 0.7033564814814814 0.09412615740740744 0.09831597222222221
41 0.3586111111111111 0.029283854166666668 0.07737847222222224 0.058567708333333336
5 0.38810185185185186 0.06902777777777777 0.08770254629629629 0.10998263888888889
38 0.4494328703703704 0.19674768518518518 0.0859780092592592 0.10684606481481485
36 0.41716435185185186 0.13211805555555556 0.08609953703703717 0.1091898148148148
7 0.4761111111111111 0.2590740740740741 0.08248842592592602 0.09979166666666668
11 0.7677835648148148 0.97046875 0.09235532407407412 0.049103009259259166
15 0.6692534722222222 0.7734664351851851 0.09638888888888886 0.09677083333333343