13 0.49609375 0.51875 0.08359375 0.1
16 0.54921875 0.55859375 0.0859375 0.10234375
22 0.6015625 0.59609375 0.0859375 0.10234375
9 0.44375 0.4828125 0.0890625 0.10234375
14 0.0796875 0.27421875 0.08359375 0.090625
11 0.87109375 0.79453125 0.08203125 0.11328125
8 0.76171875 0.71484375 0.0796875 0.10390625
15 0.70859375 0.67265625 0.08984375 0.10625
10 0.82109375 0.7546875 0.0828125 0.1078125
32 0.39140625 0.44296875 0.0875 0.10234375
41 0.12890625 0.31015625 0.08828125 0.09140625
11 0.9703125 0.8875 0.059375 0.10625
27 0.65625 0.6328125 0.08671875 0.10390625
38 0.275 0.4203125 0.08515625 0.0953125
36 0.22734375 0.384375 0.084375 0.09296875
5 0.178125 0.3453125 0.08125 0.08984375
7 0.32265625 0.453125 0.08125 0.09609375