26 0.8912500000000001 0.9178703703703703 0.09666666666666686 0.10300925925925916
14 0.86265625 0.8520659722222221 0.1 0.10615740740740734
3 0.5466666666666666 0.2703240740740741 0.10333333333333332 0.1093055555555555
29 0.4997916666666667 0.211412037037037 0.10015625000000003 0.10850115740740743
4 0.5865104166666667 0.3291840277777778 0.10098958333333333 0.10928819444444446
41 0.8256249999999999 0.7885416666666667 0.09697916666666657 0.10769675925925934
0 0.4822916666666666 0.12460648148148148 0.10062500000000014 0.10381944444444446
2 0.45046875000000003 0.05721643518518519 0.10328125000000003 0.10852430555555556
1 0.6465104166666666 0.4678414351851852 0.10109375000000007 0.11085069444444447
38 0.7177604166666667 0.5995543981481481 0.10031250000000007 0.11084490740740734
36 0.7533854166666666 0.6654108796296296 0.09802083333333336 0.1116087962962963
7 0.6771354166666667 0.5406886574074073 0.10052083333333321 0.11396990740740734
5 0.7813020833333333 0.7327719907407408 0.10281249999999993 0.11320601851851855
24 0.6079687500000001 0.40508680555555554 0.10114583333333335 0.11163194444444446