0 0.596875 0.20703125 0.07734375 0.09921875
14 0.56171875 0.3828125 0.0703125 0.0796875
26 0.5765625 0.54296875 0.071875 0.08203125
16 0.365625 0.7171875 0.0921875 0.11640625
11 0.51328125 0.26484375 0.08671875 0.109375
17 0.7171875 0.10625 0.07421875 0.11875
22 0.33671875 0.584375 0.10859375 0.128125
29 0.60546875 0.29765625 0.07265625 0.0890625
4 0.45625 0.6703125 0.084375 0.10703125
32 0.43359375 0.56171875 0.08828125 0.11875
41 0.37109375 0.31171875 0.0828125 0.140625
3 0.534375 0.6390625 0.065625 0.1046875
2 0.6609375 0.17109375 0.07421875 0.1265625
1 0.4421875 0.84375 0.078125 0.084375
30 0.62421875 0.071875 0.078125 0.10546875
15 0.42265625 0.4296875 0.1 0.134375
27 0.5046875 0.53046875 0.08046875 0.11015625
24 0.46484375 0.77578125 0.0796875 0.08671875
7 0.4265625 0.93125 0.0765625 0.1015625
13 0.36953125 0.8609375 0.07109375 0.09609375
5 0.225 0.840625 0.1078125 0.11328125
8 0.5171875 0.16484375 0.09609375 0.1171875
41 0.04609375 0.05625 0.090625 0.11171875
9 0.26796875 0.67734375 0.10859375 0.12109375