26 0.03984375 0.0375 0.0734375 0.075
17 0.7 0.6078125 0.0796875 0.0953125
26 0.175 0.128125 0.09609375 0.10546875
34 0.53828125 0.490625 0.078125 0.0859375
12 0.64921875 0.56875 0.08203125 0.09921875
18 0.7484375 0.646875 0.0828125 0.096875
23 0.23203125 0.20390625 0.08828125 0.1015625
14 0.36875 0.33359375 0.08046875 0.10703125
20 0.825 0.6828125 0.08125 0.0984375
40 0.4421875 0.4359375 0.0796875 0.0921875
6 0.8109375 0.74921875 0.0796875 0.11015625
31 0.29453125 0.25234375 0.0953125 0.1046875
39 0.89765625 0.7421875 0.0765625 0.115625
36 0.26484375 0.3015625 0.09921875 0.109375
21 0.4875 0.4625 0.07578125 0.0828125
37 0.59921875 0.53046875 0.07890625 0.0921875
35 0.40078125 0.38984375 0.0828125 0.0953125