13 0.5064583333333333 0.7639756944444445 0.09135416666666671 0.09927662037037024
15 0.39526041666666667 0.4379340277777778 0.09088541666666669 0.12722800925925934
29 0.48234375000000007 0.4843460648148148 0.08072916666666678 0.12647569444444445
24 0.40203125 0.6278935185185185 0.08578124999999996 0.1322916666666666
10 0.4408333333333333 0.8621238425925926 0.07619791666666664 0.12847222222222215
22 0.46375 0.378443287037037 0.07833333333333332 0.1255208333333334
4 0.45166666666666666 0.27983217592592596 0.08229166666666661 0.11493055555555554
8 0.41104166666666664 0.7492766203703705 0.07869791666666667 0.13098958333333321
0 0.48526041666666664 0.6738136574074074 0.09151041666666675 0.10162037037037024
2 0.47536458333333337 0.5890335648148148 0.09197916666666668 0.10865162037037042
3 0.41 0.12355324074074074 0.07281250000000003 0.12433449074074074
38 0.44755208333333324 0.20162037037037034 0.08604166666666657 0.11287615740740745
1 0.44208333333333333 0.03899739583333333 0.08296875000000004 0.07799479166666666