13 0.33515625 0.27890625 0.10390625 0.11875
10 0.35234375 0.159375 0.09921875 0.12265625
15 0.57578125 0.4796875 0.0625 0.115625
29 0.4796875 0.496875 0.1 0.1265625
4 0.59453125 0.64609375 0.08671875 0.128125
24 0.48828125 0.32578125 0.0875 0.1046875
30 0.34921875 0.05 0.08828125 0.09765625
0 0.39140625 0.334375 0.10234375 0.11796875
22 0.54453125 0.5703125 0.09609375 0.12265625
2 0.43671875 0.403125 0.10078125 0.121875
3 0.70390625 0.75078125 0.0640625 0.115625
1 0.7140625 0.84765625 0.07265625 0.09375
38 0.62890625 0.70546875 0.084375 0.12421875
8 0.4265625 0.23125 0.0953125 0.1203125
41 0.27734375 0.02890625 0.10234375 0.0578125
7 0.72890625 0.94375 0.0640625 0.109375