15 0.685329861111111 0.45030671296296293 0.06134259259259274 0.11978587962962965
15 0.6243923611111111 0.4539178240740741 0.06293402777777786 0.12065972222222214
15 0.7479166666666666 0.4489467592592592 0.06122685185185191 0.11666087962962965
35 0.10894097222222224 0.4680208333333333 0.06620370370370372 0.12475115740740747
35 0.17468171296296298 0.4672569444444445 0.06313657407407405 0.12612847222222215
7 0.3684895833333333 0.4573379629629629 0.06467013888888892 0.1254398148148148
11 0.810329861111111 0.44289930555555557 0.06440972222222215 0.1184085648148148
6 0.872019675925926 0.4384606481481481 0.06032986111111107 0.11348958333333332
1 0.9353877314814815 0.43705439814814817 0.05801504629629619 0.1141319444444445
24 0.4317418981481481 0.452806712962963 0.06206597222222214 0.118269675925926
24 0.49516782407407406 0.452962962962963 0.06218171296296297 0.12139467592592582
24 0.5617766203703705 0.4544965277777777 0.06212384259259274 0.11983217592592581
12 0.30269097222222224 0.4565393518518519 0.06304976851851851 0.12378472222222214
17 0.24027777777777776 0.46258680555555554 0.06304976851851851 0.12378472222222214