24 0.50625 0.48359375 0.059375 0.5359375
16 0.65078125 0.50859375 0.059375 0.52734375
33 0.79921875 0.53984375 0.06484375 0.53984375
6 0.23671875 0.42734375 0.05546875 0.53515625
21 0.7203125 0.525 0.0625 0.53125
1 0.11171875 0.38671875 0.06015625 0.50703125
33 0.878125 0.56484375 0.0671875 0.5453125
21 0.43828125 0.4859375 0.05546875 0.54921875
1 0.03984375 0.38515625 0.05234375 0.51484375
6 0.31015625 0.41953125 0.05703125 0.51640625
6 0.17578125 0.4203125 0.05859375 0.52265625
11 0.57734375 0.51015625 0.059375 0.565625
33 0.95 0.56484375 0.06796875 0.5390625
16 0.3703125 0.46171875 0.0578125 0.52265625