20 0.13671875 0.48828125 0.0515625 0.1078125
7 0.2609375 0.48359375 0.05625 0.1125
26 0.2 0.48671875 0.05625 0.1125
23 0.0765625 0.48828125 0.0515625 0.10859375
12 0.3171875 0.478125 0.05546875 0.11171875
1 0.440625 0.47578125 0.05390625 0.11328125
2 0.87109375 0.46640625 0.059375 0.1171875
17 0.3796875 0.478125 0.0546875 0.11171875
6 0.5015625 0.47578125 0.0546875 0.1125
31 0.74921875 0.47109375 0.05703125 0.11796875
11 0.5625 0.475 0.05390625 0.11484375
2 0.80859375 0.46484375 0.059375 0.10703125
31 0.62265625 0.46796875 0.05390625 0.10546875
31 0.68515625 0.47265625 0.05078125 0.10234375