2 0.08614583333333334 0.5748726851851852 0.10953125 0.69703125
34 0.15708333333333332 0.5806018518518519 0.10848958333333333 0.716440972222222
1 0.22520833333333332 0.5559027777777779 0.10802083333333332 0.6977314814814815
33 0.2940104166666667 0.5296006944444445 0.10822916666666664 0.724212962962963
0 0.3621354166666667 0.5166608796296297 0.11473958333333334 0.728443287037037
32 0.43239583333333337 0.5122337962962963 0.11026041666666657 0.7196469907407408
35 0.49723958333333335 0.5088715277777778 0.10401041666666658 0.6959664351851853
35 0.5628645833333333 0.4701909722222222 0.10536458333333343 0.7046006944444443
37 0.6311458333333333 0.4595949074074074 0.10500000000000007 0.6991319444444443
39 0.6959375 0.45545138888888886 0.10776041666666672 0.6821469907407408
41 0.76953125 0.477505787037037 0.10437499999999993 0.6780787037037037
36 0.8396354166666666 0.48249421296296297 0.1122916666666665 0.7034027777777776
40 0.9082812499999999 0.4538483796296296 0.11052083333333336 0.7001967592592593
38 0.9633723958333335 0.46270254629629637 0.07325520833333314 0.6929224537037036