37 0.2866105953125 0.454262928125 0.335763684375 0.5151219078125 0.4009494296875 0.4287642265625 0.35141969375 0.3691023015625 0.2866105953125 0.454262928125
41 0.4053076421875 0.41675647343750005 0.45426889375 0.473681140625 0.512394509375 0.38632841875 0.46407482499999997 0.3312441734375 0.4053076421875 0.41675647343750005
39 0.46771428125 0.45781566875 0.4784792515625 0.5740672515624999 0.5475472156250001 0.5610622890625 0.536290871875 0.4444722234375 0.46771428125 0.45781566875
35 0.734968125 0.8969129546874999 0.7935172421875001 0.838496684375 0.7374947953125 0.7349698609375 0.6788560984374999 0.7933342421875 0.734968125 0.8969129546874999
40 0.4740077203125 0.6353584156250001 0.47734303125000005 0.7302062359375 0.571274221875 0.7169136453125 0.5661094062500001 0.62329089375 0.4740077203125 0.6353584156250001
36 0.34952872031250004 0.5283882953125 0.3874916515625 0.6309964171875 0.451747828125 0.584666871875 0.4103749625 0.4821683671875 0.34952872031250004 0.5283882953125
38 0.2949332328125 0.8716838375 0.366742925 0.843105871875 0.3457587578125 0.7224384296874999 0.276395109375 0.7483852484375 0.2949332328125 0.8716838375
38 0.45250533437499996 0.867744528125 0.49485740624999996 0.9486433734374999 0.5723672859375 0.8693531171875 0.530252009375 0.7906841546875001 0.45250533437499996 0.867744528125
31 0.3226794171875 0.9288018234375001 0.38210968125 0.9853982328124999 0.439172121875 0.8742847515625 0.3796388640625 0.8192332578125001 0.3226794171875 0.9288018234375001
17 0.37057584375 0.2957866390625 0.41977576406250006 0.3528860921875 0.478214709375 0.2651864140625 0.4283557796875 0.2103294515625 0.37057584375 0.2957866390625
17 0.13009519375 0.8060075281250001 0.20042592343750001 0.7853256203125001 0.1898718046875 0.6610265937500001 0.1193530171875 0.6833996 0.13009519375 0.8060075281250001
12 0.5359053390625 0.401774421875 0.5761141453125 0.47122607031249997 0.6495897625 0.4021413984375 0.6106892546875 0.33090909062499996 0.5359053390625 0.401774421875
22 0.6154101046875 0.2208199328125 0.571694615625 0.1593422796875 0.50530935 0.23501629375 0.5485269671874999 0.2975488828125 0.6154101046875 0.2208199328125
34 0.41086331249999997 0.124013659375 0.43738604375 0.19798814375 0.515751475 0.149992459375 0.4887688828125 0.0767352984375 0.41086331249999997 0.124013659375
26 0.3888857796875 0.8266696859374999 0.45880625156250004 0.7959592343749999 0.43567291093750005 0.676128225 0.365988334375 0.70546010625 0.3888857796875 0.8266696859374999
29 0.19291926406249998 0.920487828125 0.2743500640625 0.9741470953125001 0.30896934531250003 0.886632653125 0.22957836718750002 0.8318832421875 0.19291926406249998 0.920487828125
32 0.1908845328125 0.6429780187499999 0.20155663281249997 0.764377540625 0.27171913281250004 0.7432616984375 0.25880034687500003 0.6208716296875 0.1908845328125 0.6429780187499999
23 0.1122183578125 0.45308090468750006 0.16169284687500002 0.542247984375 0.21854138281250002 0.4849837390625 0.1670425328125 0.3973062421875 0.1122183578125 0.45308090468750006
10 0.5831656359374999 0.6107485968749999 0.6389845203125 0.6697119828125 0.6960946921875 0.574729546875 0.6444354421875 0.5181344875 0.5831656359374999 0.6107485968749999
33 0.782255484375 0.6500807578125001 0.8050848078125 0.5627050125 0.7200742671875 0.52187046875 0.6947008640625 0.6081309953125 0.782255484375 0.6500807578125001
16 0.273390284375 0.7396602171875 0.3458509796875 0.7166024375 0.3316289515625 0.596282671875 0.2606330328125 0.6164753453125 0.273390284375 0.7396602171875
21 0.7699527515625 0.4150086796875 0.7808448375 0.5042658203125 0.8689189125000001 0.48233358125 0.8566039359375001 0.3981376984375 0.7699527515625 0.4150086796875
11 0.267996475 0.21361044062499998 0.250022178125 0.3218991515625 0.3174735671875 0.332843765625 0.33460500625 0.222577221875 0.267996475 0.21361044062499998
1 0.6230587437499999 0.26575465 0.63924524375 0.34986189687499997 0.724948415625 0.31604249218749997 0.707269825 0.235442659375 0.6230587437499999 0.26575465
32 0.7451159234375 0.27118586875 0.7942500515625001 0.32528474687500003 0.845740290625 0.24541897499999998 0.7950177453125 0.193514396875 0.7451159234375 0.27118586875
11 0.7161013921875 0.23070058906250002 0.7791038609375 0.2129459125 0.7590522578125001 0.1094918515625 0.695552884375 0.1276223546875 0.7161013921875 0.23070058906250002