20 0.825 0.45703125 0.06390625000000014 0.11953125
20 0.8937847222222223 0.45625 0.06550347222222222 0.1203125
28 0.07654513888888889 0.475 0.06288194444444443 0.1140625
28 0.19951388888888888 0.46796875 0.061423611111111096 0.11640625
28 0.13925347222222223 0.4703125 0.06131944444444444 0.1140625
22 0.44890624999999995 0.4640625 0.06458333333333321 0.1171875
22 0.5731597222222222 0.46328125 0.06468750000000015 0.11953125
22 0.5106249999999999 0.4640625 0.06309027777777772 0.11875
31 0.3847743055555556 0.465625 0.0654340277777778 0.11875
24 0.6356597222222222 0.46328125 0.06631944444444429 0.12109375
31 0.3229861111111111 0.4671875 0.06461805555555555 0.11796875
24 0.697482638888889 0.4609375 0.06546875000000014 0.11953125
31 0.25875 0.47109375 0.06383680555555556 0.11796875
3 0.17663194444444444 0.24453125 0.07090277777777776 0.11875
24 0.7594791666666667 0.4546875 0.06512152777777783 0.11171875