5 0.0484375 0.51953125 0.07265625 0.80703125
5 0.1234375 0.55625 0.06953125 0.7953125
5 0.2 0.525 0.06953125 0.81875
36 0.2734375 0.52734375 0.06953125 0.81171875
36 0.346875 0.48515625 0.06875 0.8015625
36 0.41796875 0.50703125 0.06640625 0.79296875
26 0.4875 0.525 0.06796875 0.77578125
26 0.5546875 0.478125 0.065625 0.77734375
37 0.6234375 0.49921875 0.0671875 0.76640625
37 0.6921875 0.50078125 0.06640625 0.7703125
37 0.7609375 0.52265625 0.06875 0.79140625
32 0.83203125 0.50390625 0.06484375 0.7859375
32 0.89765625 0.50859375 0.06328125 0.77421875
32 0.9625 0.51171875 0.06015625 0.76015625