25 0.6186979166666667 0.47567708333333336 0.061383101851851765 0.11776041666666667
20 0.43863425925925925 0.47145833333333337 0.06302662037037035 0.11942708333333343
11 0.3751909722222222 0.4641145833333333 0.06298611111111115 0.11864583333333342
26 0.5578819444444445 0.4739583333333333 0.062285879629629545 0.12015624999999996
38 0.19430555555555556 0.45906250000000004 0.06388888888888893 0.12104166666666671
28 0.6803356481481482 0.47822916666666665 0.06220486111111114 0.11859374999999997
23 0.4962847222222223 0.4721875000000001 0.05986111111111114 0.11843749999999993
38 0.13505208333333335 0.4574479166666666 0.06388888888888888 0.12104166666666671
23 0.8636863425925926 0.48578124999999994 0.06450810185185177 0.11796875
31 0.7419328703703704 0.4800000000000001 0.06298611111111115 0.11864583333333342
18 0.3782175925925926 0.22218749999999998 0.06401041666666671 0.12338541666666672
6 0.31359375 0.46234374999999994 0.06458912037037035 0.11953125
1 0.2544212962962963 0.46229166666666666 0.06298611111111115 0.11864583333333342
3 0.1995138888888889 0.21416666666666667 0.06771412037037035 0.11973958333333332
23 0.9244618055555556 0.48671875 0.06458912037037053 0.11953125
23 0.8019675925925925 0.48166666666666663 0.06372685185185176 0.11791666666666671
13 0.3204456018518519 0.2191145833333333 0.06623263888888893 0.12119791666666666
14 0.559681712962963 0.22338541666666667 0.06611111111111115 0.11885416666666666
8 0.2605324074074074 0.21979166666666666 0.06483217592592591 0.12421875
4 0.4388310185185185 0.22000000000000003 0.06458912037037035 0.11953125
9 0.4989872685185185 0.22401041666666668 0.06146412037037034 0.11932291666666668