25 0.5799479166666667 0.42710648148148145 0.059693287037037024 0.1148842592592592
20 0.3991898148148148 0.4375925925925926 0.06131365740740744 0.11646990740740737
11 0.3360243055555555 0.43540509259259264 0.06128472222222214 0.11568865740740737
26 0.5189236111111111 0.43035300925925923 0.060561342592592736 0.11723958333333329
38 0.1545138888888889 0.4451215277777778 0.062152777777777765 0.11804398148148146
28 0.641724537037037 0.4246296296296297 0.060503472222222146 0.11567708333333329
23 0.4571180555555555 0.4336111111111111 0.05815972222222214 0.11564236111111104
38 0.09505208333333334 0.4483449074074074 0.06215277777777779 0.11804398148148146
23 0.825491898148148 0.41722222222222227 0.06281828703703703 0.11493055555555554
31 0.7035300925925926 0.4213715277777778 0.06128472222222214 0.11568865740740737
18 0.36064814814814816 0.19220486111111112 0.062239583333333307 0.12038773148148145
6 0.27421875 0.43866319444444446 0.06287615740740744 0.11649305555555553
1 0.21469907407407404 0.4434490740740741 0.061284722222222233 0.11568865740740737
3 0.18159722222222222 0.19876157407407408 0.06600115740740739 0.11653935185185187
23 0.886545138888889 0.4131944444444445 0.06287615740740762 0.11649305555555553
23 0.7637731481481481 0.4181365740740741 0.06203703703703702 0.11491898148148146
13 0.30280671296296297 0.19384259259259257 0.06449652777777777 0.1180787037037037
14 0.5430844907407406 0.17857060185185186 0.06440972222222215 0.11573495370370371
8 0.24247685185185186 0.1994212962962963 0.06304976851851851 0.12118055555555558
4 0.4218171296296296 0.18505208333333334 0.06287615740740744 0.11649305555555553
9 0.4819733796296296 0.18416087962962963 0.05975115740740726 0.11644675925925925