20 0.7579687500000001 0.6303240740740741 0.06651041666666657 0.10791087962962961
25 0.4097395833333334 0.5972395833333334 0.06807291666666657 0.10793402777777779
11 0.3452604166666667 0.5927314814814815 0.06791666666666663 0.10559027777777778
21 0.20609374999999996 0.5846469907407407 0.05484375000000004 0.09681134259259246
22 0.4757291666666667 0.6025057870370369 0.07098958333333343 0.10485532407407412
34 0.9024479166666666 0.6406712962962964 0.07114583333333328 0.10719907407407411
23 0.6866145833333334 0.6235763888888889 0.06890625000000003 0.10872685185185187
26 0.62015625 0.6136342592592593 0.07229166666666664 0.1126793981481482
34 0.8309895833333334 0.6354861111111111 0.06953125 0.10639467592592596
16 0.2752604166666667 0.5890856481481481 0.06453125000000001 0.10163773148148145
17 0.54484375 0.6077256944444445 0.07171874999999997 0.10408564814814802
9 0.4016145833333334 0.3210706018518518 0.07192708333333328 0.09550347222222229
18 0.5277083333333333 0.32622685185185185 0.06963541666666657 0.09625000000000003
1 0.13947916666666665 0.588755787037037 0.055208333333333345 0.09057291666666671
1 0.075 0.5842476851851852 0.05614583333333334 0.0929282407407408
3 0.7158333333333333 0.33748842592592593 0.06661458333333332 0.0977662037037037
14 0.34177083333333336 0.3172743055555555 0.06953125 0.09468750000000004
19 0.28312499999999996 0.30721643518518515 0.06911458333333335 0.08843750000000003
1 0.021197916666666667 0.5781539351851851 0.042395833333333334 0.09845486111111121
3 0.46374999999999994 0.3256134259259259 0.07276041666666658 0.09629629629629628
8 0.6541666666666667 0.33762152777777776 0.06369791666666665 0.08913773148148145
13 0.5895833333333333 0.3346759259259259 0.06437500000000007 0.08758680555555554