2 0.259375 0.5625 0.06015625 0.50546875
32 0.125 0.5625 0.0625 0.50546875
32 0.1921875 0.5546875 0.05703125 0.5
41 0.66875 0.584375 0.05390625 0.50546875
38 0.8765625 0.61171875 0.059375 0.50546875
40 0.80625 0.60078125 0.0625 0.51640625
36 0.94453125 0.62265625 0.05859375 0.49453125
37 0.73828125 0.58984375 0.0546875 0.50546875
35 0.5328125 0.56796875 0.059375 0.50546875
0 0.0546875 0.55703125 0.06328125 0.50546875
33 0.46484375 0.56796875 0.0546875 0.50546875
39 0.60078125 0.57578125 0.0546875 0.5
1 0.396875 0.5625 0.05625 0.51640625
34 0.3296875 0.5625 0.0625 0.51640625
1 0.39765625 0.55703125 0.05859375 0.50546875