40 0.07349537037037038 0.6255787037037037 0.05307291666666667 0.09882523148148152
32 0.1375289351851852 0.6299594907407406 0.0554340277777778 0.10118634259259274
32 0.1992303240740741 0.6327604166666667 0.05385995370370367 0.09961226851851848
0 0.26794560185185184 0.6379571759259259 0.05627314814814817 0.10900462962962969
34 0.3327835648148148 0.6392187500000001 0.05777777777777775 0.1012037037037036
2 0.4023032407407408 0.6412962962962963 0.06009837962962976 0.09809606481481481
37 0.47413194444444445 0.6480787037037037 0.05546296296296305 0.10509259259259256
41 0.5436689814814815 0.6478125 0.0569618055555555 0.09651041666666664
39 0.6162905092592592 0.6530381944444444 0.05622106481481488 0.10197337962962968
35 0.689670138888889 0.6613946759259259 0.056244212962963044 0.10509837962962969
36 0.7599594907407408 0.6650405092592593 0.05860532407407408 0.10745949074074072
1 0.8380729166666667 0.6671817129629629 0.060138888888888783 0.1035648148148148
1 0.9153877314814813 0.6716608796296296 0.05856481481481453 0.10199074074074073