31 0.89375 0.4671875 0.06875 0.0765625
28 0.81875 0.4671875 0.07109375 0.078125
25 0.7453125 0.46875 0.05859375 0.0828125
12 0.67578125 0.46953125 0.06875 0.0859375
7 0.59921875 0.46796875 0.05859375 0.0796875
2 0.52890625 0.46328125 0.059375 0.07734375
7 0.453125 0.46640625 0.0484375 0.07109375
7 0.38359375 0.46640625 0.053125 0.075
34 0.66640625 0.3453125 0.06171875 0.06875
31 0.5984375 0.346875 0.05390625 0.0765625
28 0.53359375 0.3484375 0.06015625 0.07890625
40 0.46484375 0.3453125 0.05390625 0.0734375
40 0.3984375 0.34375 0.05234375 0.075
40 0.334375 0.34296875 0.0515625 0.07421875
14 0.26640625 0.34609375 0.06015625 0.07890625
9 0.2 0.346875 0.06015625 0.0765625