38 0.05405671296296296 0.7182812500000001 0.04596064814814815 0.11885416666666657
38 0.10936342592592592 0.7201736111111112 0.050150462962962994 0.12440972222222228
38 0.1647511574074074 0.7205034722222222 0.0568460648148148 0.1331423611111111
7 0.2172164351851852 0.7169965277777778 0.05109375000000007 0.12755208333333332
7 0.2690625 0.7103819444444445 0.05598379629629626 0.13156250000000008
17 0.32264467592592594 0.7154340277777778 0.05413773148148149 0.12605902777777764
22 0.3749479166666666 0.7150520833333334 0.05438078703703706 0.13074652777777782
25 0.42721064814814813 0.7154513888888889 0.05512152777777786 0.12998263888888886
22 0.4803356481481481 0.7142708333333333 0.05844907407407405 0.13395833333333335
22 0.5333391203703703 0.7154340277777778 0.05844907407407405 0.13395833333333335
22 0.5848206018518518 0.7158506944444445 0.05927083333333325 0.1347569444444444
2 0.6371643518518518 0.7146874999999999 0.059230324074074046 0.13397569444444457
7 0.6910706018518519 0.7134895833333333 0.059108796296296263 0.1316319444444444
12 0.7425520833333333 0.71390625 0.05442129629629626 0.13152777777777763
18 0.7933738425925926 0.7119965277777778 0.05750578703703724 0.13081597222222213
8 0.8480208333333333 0.7115625 0.06231481481481467 0.1332638888888889
9 0.9019270833333334 0.7103645833333333 0.054340277777777855 0.12996527777777783
37 0.38236689814814817 0.31612847222222223 0.04644097222222214 0.08296875000000004
37 0.4411863425925926 0.23522569444444447 0.04467592592592595 0.07902777777777778
39 0.3415740740740741 0.15472222222222223 0.04409722222222223 0.08291666666666667
41 0.39624421296296297 0.07859374999999999 0.03585069444444446 0.05932291666666667
34 0.4542881944444444 0.057795138888888896 0.056475694444444356 0.08085069444444444
35 0.5443749999999999 0.15645833333333334 0.05211226851851851 0.08699652777777778
16 0.6566087962962963 0.12899305555555557 0.05903356481481481 0.06998263888888889
41 0.6978414351851852 0.22171875000000002 0.05262152777777764 0.06671874999999998
29 0.7710648148148149 0.20916666666666667 0.05557291666666657 0.07848958333333336
11 0.7197164351851851 0.11588541666666667 0.058454861111111 0.07387152777777777
16 0.777332175925926 0.07324652777777778 0.048865740740740904 0.08458333333333332
10 0.8218171296296297 0.022304687499999996 0.039959490740740476 0.04460937499999999
24 0.6971006944444444 0.018020833333333333 0.03778935185185191 0.036041666666666666
33 0.6511111111111111 0.04468315972222222 0.03951967592592585 0.08936631944444444
0 0.3474363425925926 0.030776909722222225 0.05434606481481481 0.06155381944444445
0 0.2903935185185185 0.01497829861111111 0.04623263888888891 0.02995659722222222