29 0.7702951388888889 0.6187094907407408 0.08465856481481478 0.14259837962962968
29 0.6859201388888889 0.6174594907407407 0.0839236111111111 0.14414930555555544
29 0.6007870370370371 0.6154166666666667 0.08468171296296294 0.1433796296296297
26 0.515630787037037 0.6141550925925927 0.08546296296296294 0.1433912037037036
23 0.43127893518518523 0.6121238425925926 0.08707175925925928 0.14497685185185177
23 0.34609953703703705 0.6116435185185185 0.08707175925925928 0.14497685185185177
20 0.25935763888888885 0.6111400462962963 0.09100115740740744 0.14581597222222217
15 0.17107638888888888 0.609832175925926 0.09334490740740745 0.14585069444444443
15 0.6855613425925926 0.47129629629629627 0.08548611111111111 0.14417245370370377
10 0.6012326388888889 0.4684837962962963 0.08541666666666661 0.1418287037037036
5 0.5168576388888889 0.46723379629629636 0.08541666666666661 0.1418287037037036
10 0.4340219907407407 0.4667881944444444 0.08541666666666678 0.1418287037037036
5 0.3488657407407407 0.4655266203703704 0.08936921296296294 0.143449074074074
0 0.26304398148148145 0.4603472222222223 0.09012731481481477 0.1426793981481481