35 0.9293460648148149 0.4887037037037037 0.06387731481481466 0.10277199074074073
35 0.8676273148148148 0.4882465277777778 0.06328125 0.1058912037037036
35 0.8043923611111111 0.4885590277777778 0.06475115740740733 0.10434027777777785
37 0.7402835648148148 0.4873032407407408 0.06622106481481485 0.10278935185185176
37 0.6763136574074073 0.4883912037037037 0.0671875 0.10592013888888889
37 0.6129861111111111 0.4871412037037037 0.06396990740740734 0.10433449074074072
39 0.5480034722222222 0.4843171296296296 0.06392361111111118 0.1035532407407409
39 0.48320601851851847 0.4846180555555556 0.06484375 0.10590277777777786
39 0.4183159722222222 0.48335648148148147 0.06392361111111118 0.10355324074074072
32 0.3527372685185185 0.4836516203703704 0.06576388888888891 0.10825231481481482
32 0.28619212962962964 0.48081597222222217 0.06489004629629633 0.10668402777777786
0 0.2191435185185185 0.4826620370370371 0.06622106481481485 0.10278935185185176
0 0.15347222222222223 0.48139467592592594 0.06475115740740742 0.10434027777777785
0 0.08550347222222222 0.4808912037037037 0.06581018518518518 0.10903356481481481