30 0.8400636574074074 0.5655902777777777 0.07759837962962948 0.14324652777777763
30 0.7572569444444445 0.5684895833333334 0.07997106481481478 0.14725694444444457
30 0.6752199074074074 0.5729166666666666 0.08229745370370374 0.14501736111111113
21 0.5908622685185185 0.5743229166666667 0.08229166666666661 0.14423611111111115
24 0.5080555555555556 0.5772222222222222 0.08151620370370374 0.1449826388888889
24 0.42368055555555556 0.5809722222222222 0.08230324074074069 0.14579861111111114
24 0.33852430555555557 0.5847569444444444 0.0854456018518519 0.14828125000000014
21 0.2525752314814815 0.5901388888888889 0.0854456018518519 0.14828125000000014
16 0.1666550925925926 0.5916145833333333 0.08542824074074074 0.14593749999999997
6 0.6731770833333334 0.42696180555555563 0.08070601851851862 0.14104166666666665
6 0.5903645833333334 0.43064236111111115 0.08070601851851862 0.14104166666666665
11 0.5075578703703704 0.4335416666666666 0.08149305555555557 0.1418576388888889
6 0.42552662037037037 0.4371875 0.08228009259259253 0.14267361111111115
1 0.34273148148148147 0.43852430555555555 0.08072337962962965 0.14338541666666665