32 0.14703125 0.5685185185185185 0.09515625000000001 0.15630787037037042
32 0.23989583333333334 0.5600694444444445 0.09536458333333338 0.15943287037037024
32 0.33203125 0.5524594907407407 0.0984375 0.1588831018518519
32 0.4257291666666666 0.5447337962962964 0.09937500000000003 0.16128472222222215
29 0.5186458333333334 0.5370659722222222 0.10197916666666665 0.1653645833333334
26 0.6114583333333333 0.5278356481481481 0.10098958333333333 0.16218171296296297
23 0.7067708333333333 0.520775462962963 0.10192708333333336 0.16458333333333322
20 0.8019791666666667 0.5121527777777778 0.10276041666666665 0.16542245370370362
15 0.8980208333333334 0.5042534722222223 0.10666666666666665 0.16571180555555554
23 0.32281250000000006 0.390625 0.09692708333333329 0.15954861111111107
20 0.41572916666666665 0.38295717592592593 0.10151041666666671 0.1583333333333333
15 0.5085416666666667 0.37372685185185184 0.09927083333333328 0.15972222222222224
5 0.6005729166666667 0.36455439814814816 0.09859375000000004 0.16122685185185182
5 0.69421875 0.3560474537037037 0.10328125000000003 0.16157407407407404