8 0.21550347222222221 0.31557291666666665 0.06631944444444446 0.10298611111111108
4 0.1373611111111111 0.31305555555555553 0.06859375000000001 0.09991319444444446
34 0.6684722222222221 0.49430555555555555 0.07253472222222221 0.1015625
34 0.5863194444444444 0.48701388888888886 0.07328125000000014 0.10001736111111122
22 0.9436979166666667 0.3348784722222222 0.06762152777777786 0.09130208333333334
22 0.871857638888889 0.33484375 0.06291666666666665 0.09041666666666667
22 0.798420138888889 0.3332118055555556 0.06286458333333336 0.08807291666666668
17 0.7265625 0.33239583333333333 0.06611111111111115 0.09361111111111117
17 0.6523263888888888 0.32996527777777784 0.06468749999999997 0.09982638888888892
17 0.5797222222222222 0.33069444444444446 0.06706597222222221 0.10144097222222222
17 0.50859375 0.3275520833333333 0.06715277777777776 0.10534722222222222
11 0.5097569444444444 0.48531250000000004 0.06883680555555571 0.11085069444444429
11 0.43083333333333335 0.48277777777777775 0.06876736111111104 0.10772569444444446
11 0.34954861111111113 0.47940972222222217 0.060138888888888874 0.10597222222222236
33 0.4319618055555556 0.32272569444444443 0.06072916666666668 0.09739583333333339
33 0.3585069444444445 0.3203125 0.058385416666666676 0.09734375000000002
33 0.28498263888888886 0.3147743055555556 0.06001736111111109 0.10050347222222218