35 0.06591435185185184 0.7141608796296296 0.061574074074074094 0.09337384259259256
35 0.12864583333333332 0.7114988425925926 0.05760995370370372 0.09256365740740743
35 0.19438657407407406 0.7104224537037037 0.06047453703703707 0.09961226851851848
28 0.2578414351851852 0.7085474537037036 0.06203703703703702 0.09962384259259274
28 0.31918402777777777 0.7035300925925926 0.06018518518518521 0.09570601851851848
28 0.38090277777777776 0.7039872685185186 0.06030092592592595 0.09726851851851848
28 0.4415219907407407 0.6981828703703703 0.055208333333333394 0.09176504629629641
25 0.5036747685185186 0.7033333333333334 0.05711805555555553 0.0964641203703703
25 0.5639467592592593 0.7022164351851852 0.05274884259259256 0.09018518518518519
25 0.6229456018518519 0.6971817129629629 0.05706018518518512 0.09568287037037031
17 0.6870081018518519 0.69765625 0.058101851851851904 0.0886631944444444
17 0.7449363425925926 0.6965219907407407 0.05804398148148149 0.08788194444444439
31 0.8023148148148149 0.6922569444444445 0.057494212962962976 0.09100115740740726
31 0.8618634259259259 0.6903530092592594 0.05347222222222214 0.08940972222222214