24 0.9416840277777778 0.48475115740740743 0.05456597222222222 0.10310185185185183
27 0.8730381944444445 0.49351273148148156 0.04906250000000014 0.10121527777777786
30 0.80921875 0.5082465277777779 0.06090277777777793 0.10737847222222215
33 0.7390277777777777 0.5178819444444445 0.05381944444444446 0.1046180555555555
21 0.6719270833333333 0.5257696759259259 0.056197916666666715 0.1063194444444445
24 0.6002604166666666 0.5394039351851851 0.061857638888889 0.11523726851851848
27 0.5307638888888888 0.5450868055555556 0.056215277777777926 0.1071006944444445
6 0.46371527777777777 0.5553182870370371 0.05697916666666671 0.10636574074074083
11 0.3932986111111111 0.5547974537037037 0.06329861111111104 0.10986111111111115
16 0.32263888888888886 0.5785416666666666 0.0617881944444445 0.11211226851851848
27 0.24993055555555554 0.5805034722222222 0.05805555555555557 0.11969328703703716
30 0.17840277777777777 0.6003877314814815 0.0625 0.10903356481481481
33 0.1026388888888889 0.6056597222222223 0.056336805555555536 0.1125694444444445
13 0.04102430555555556 0.6140046296296295 0.05708333333333334 0.11105324074074083