12 0.5919618055555556 0.49494791666666665 0.05437499999999993 0.09256944444444457
7 0.654513888888889 0.49868055555555557 0.04876736111111111 0.08619791666666679
2 0.7186284722222223 0.5024479166666668 0.05657986111111111 0.08637152777777786
35 0.9056597222222222 0.5206597222222222 0.04585069444444443 0.09550347222222229
35 0.8391145833333333 0.5129340277777779 0.05272569444444457 0.08862847222222214
35 0.7804513888888889 0.5085069444444444 0.04720486111111111 0.08616319444444435
40 0.5294965277777778 0.49512152777777774 0.055312499999999966 0.09961805555555543
40 0.47147569444444437 0.4844618055555555 0.05355902777777786 0.09098958333333336
40 0.4082118055555556 0.4838368055555556 0.05593749999999993 0.09260416666666664
22 0.34482638888888884 0.47774305555555563 0.055885416666666646 0.09026041666666665
22 0.2792708333333333 0.47940972222222217 0.048663194444444446 0.08151041666666678
22 0.22192708333333333 0.4640798611111111 0.05184027777777782 0.0839236111111111
28 0.15855902777777778 0.45876736111111105 0.05585069444444444 0.08869791666666664
28 0.09767361111111111 0.45975694444444437 0.05439236111111112 0.09335069444444458