35 0.17109375 0.4250173611111111 0.05390625 0.0656944444444445
35 0.23125 0.4222337962962963 0.04921875 0.06463541666666668
35 0.29140625 0.4178877314814815 0.0515625 0.0725868055555555
6 0.35078125 0.41358796296296296 0.053125 0.07189814814814817
6 0.409375 0.4030844907407407 0.0453125 0.06206018518518519
6 0.4671875 0.3996585648148148 0.046875 0.06684027777777786
30 0.52578125 0.3961863425925926 0.04375 0.05728009259259261
30 0.58046875 0.3921643518518519 0.04765625 0.0645428240740741
30 0.63515625 0.39048611111111114 0.04375 0.06509259259259262
30 0.68984375 0.3817766203703704 0.04296875 0.05957754629629628
23 0.74140625 0.37793981481481487 0.0515625 0.0624305555555555
23 0.790625 0.3750231481481482 0.04921875 0.062291666666666676
23 0.84609375 0.3717361111111111 0.0484375 0.06458912037037035
0 0.11015625 0.42862847222222217 0.053125 0.07267939814814817
0 0.04921875 0.43223958333333334 0.05390625 0.0703819444444445