24 0.91328125 0.69921875 0.053125 0.09296875
24 0.85703125 0.6984375 0.05078125 0.0921875
24 0.8 0.696875 0.0515625 0.0890625
13 0.74140625 0.6953125 0.0515625 0.09140625
36 0.68515625 0.6953125 0.05390625 0.0921875
36 0.628125 0.69765625 0.053125 0.09375
36 0.571875 0.696875 0.0515625 0.090625
27 0.51484375 0.6953125 0.053125 0.0921875
27 0.45859375 0.69609375 0.05234375 0.0953125
27 0.40234375 0.69765625 0.05234375 0.09140625
30 0.3453125 0.696875 0.05234375 0.0890625
30 0.28828125 0.69453125 0.0484375 0.09140625
30 0.23203125 0.69609375 0.05 0.08984375
30 0.17578125 0.69609375 0.0484375 0.08984375
1 0.11796875 0.6953125 0.0484375 0.0890625
1 0.0609375 0.69609375 0.04765625 0.0890625