31 0.9145138888888888 0.4804282407407408 0.07215277777777765 0.07758101851851862
28 0.8395138888888889 0.4793171296296297 0.07456597222222214 0.07917824074074069
25 0.7661458333333334 0.47979166666666667 0.062274305555555645 0.08368055555555554
12 0.6966493055555556 0.47954282407407406 0.07256944444444446 0.08695601851851861
7 0.6200173611111112 0.4768460648148148 0.062135416666666644 0.08055555555555571
2 0.5494965277777778 0.47111689814814817 0.06281250000000008 0.07822337962962962
7 0.47385416666666663 0.473119212962963 0.05159722222222225 0.07181134259259263
7 0.40432291666666664 0.47208912037037043 0.05645833333333332 0.07578703703703696
34 0.6817534722222222 0.35518518518518516 0.0647743055555555 0.06966435185185187
31 0.6138541666666667 0.35574074074074075 0.05730902777777782 0.07736111111111113
28 0.5490798611111112 0.3563425925925926 0.06366319444444457 0.0797974537037037
40 0.4801909722222222 0.352199074074074 0.057170138888889 0.07423611111111103
40 0.4137152777777778 0.34965277777777776 0.05567708333333332 0.07577546296296296
40 0.34961805555555553 0.34792245370370367 0.05486111111111107 0.07498263888888887
14 0.2817881944444444 0.3500405092592592 0.06366319444444439 0.0797974537037037
9 0.21541666666666667 0.349837962962963 0.06355902777777782 0.0774537037037037