8 0.10882523148148149 0.5186111111111111 0.047054398148148116 0.08548611111111111
13 0.15891782407407407 0.5151157407407407 0.047812500000000036 0.08471064814814824
18 0.2104571759259259 0.5155150462962963 0.047835648148148203 0.08549189814814824
15 0.2604108796296296 0.5167071759259259 0.042181712962962956 0.07920138888888886
20 0.31201967592592594 0.5147627314814814 0.046203703703703705 0.08313657407407397
23 0.36277777777777775 0.515167824074074 0.04530671296296296 0.07922453703703702
0 0.4136284722222222 0.5124479166666667 0.045214120370370384 0.07609953703703702
5 0.463582175925926 0.5136400462962963 0.04535300925925938 0.08078703703703702
5 0.5635590277777778 0.5136805555555556 0.04528356481481488 0.07844328703703703
10 0.5151446759259259 0.5132581018518518 0.04528356481481488 0.07844328703703703
10 0.6160185185185185 0.5093865740740741 0.04601851851851855 0.07688657407407398
15 0.6714409722222222 0.5105381944444444 0.04287037037037038 0.07608217592592581
15 0.7167534722222222 0.5102025462962964 0.04211226851851855 0.07685763888888886
20 0.7721990740740741 0.5105729166666666 0.04907407407407405 0.07456597222222214
23 0.8214409722222221 0.5094270833333334 0.04684606481481488 0.07845486111111111
29 0.8760127314814815 0.5129282407407407 0.04847800925925938 0.0808101851851852
29 0.9314814814814815 0.5125173611111111 0.04847800925925938 0.0808101851851852