30 0.8489988425925926 0.5530787037037037 0.07759837962962948 0.1443807870370371
30 0.7661805555555555 0.5572048611111111 0.07997106481481478 0.1484259259259261
30 0.6841550925925926 0.5628472222222222 0.08229745370370374 0.14622106481481473
21 0.5997627314814815 0.5655034722222222 0.08229166666666661 0.14543981481481474
24 0.5169444444444444 0.5696296296296296 0.08151620370370374 0.1461747685185184
24 0.43256944444444445 0.5746296296296297 0.08230324074074069 0.14700231481481474
24 0.3474131944444444 0.5796759259259259 0.0854456018518519 0.14953125000000006
21 0.2614872685185185 0.5863310185185184 0.0854456018518519 0.14953125000000006
16 0.17553240740740741 0.589079861111111 0.08542824074074074 0.14718750000000008
6 0.6799479166666667 0.4169386574074074 0.08070601851851862 0.14222222222222225
6 0.5971354166666666 0.4218460648148148 0.08070601851851862 0.14222222222222225
11 0.5143171296296296 0.4259722222222222 0.08149305555555557 0.14304976851851858
6 0.43228587962962967 0.43083333333333335 0.08228009259259253 0.14387731481481475
1 0.34945601851851854 0.4333969907407408 0.08072337962962965 0.14456597222222226