36 0.9642216109374999 0.42290135781249993 0.8845240359375 0.42390838906250006 0.8663192562500001 0.5482733546875 0.9397598234375 0.5512102390625 0.9642216109374999 0.42290135781249993
38 0.8835514703125 0.42316851250000004 0.8071293890625 0.42241840937499997 0.793332978125 0.5462937796875 0.865842175 0.5486733703125 0.8835514703125 0.42316851250000004
41 0.8074297749999999 0.4235076234375 0.72822715 0.423910228125 0.7193645296875 0.549150434375 0.7917530296875 0.549611096875 0.8074297749999999 0.4235076234375
39 0.7290505031250001 0.4237791765625 0.6495450546875 0.423342690625 0.6402416265624999 0.5513303390625001 0.7169380015625 0.553180640625 0.7290505031250001 0.4237791765625
34 0.6484985812499999 0.42390479531249997 0.5718789953125001 0.42317224218750005 0.566435609375 0.549015703125 0.6401206296875 0.5500208984375 0.6484985812499999 0.42390479531249997
25 0.5693681140625 0.4250862578125 0.494351728125 0.42378386562500003 0.49036874218750004 0.5483367828125 0.5640324453125001 0.5502877109375001 0.5693681140625 0.4250862578125
22 0.4939406046875 0.42337295625 0.417301075 0.4226696484375 0.41672191718749996 0.5475959484375 0.488417278125 0.5469843203125 0.4939406046875 0.42337295625
17 0.41614966718749996 0.4235690984375 0.33896750625 0.42304648437500003 0.33937367812499997 0.5462408015625 0.4142388 0.5458490015625 0.41614966718749996 0.4235690984375
7 0.33809944375 0.42119611562500003 0.2600729484375 0.420679203125 0.264795328125 0.545038171875 0.338969528125 0.5470285078125 0.33809944375 0.42119611562500003
27 0.25878731093749996 0.42118095 0.1824451203125 0.4197997953125 0.1891607375 0.5465579234375 0.26283780625 0.54532755625 0.25878731093749996 0.42118095
29 0.181497971875 0.4201769046875 0.103130075 0.42037129687499997 0.1129923359375 0.5439058484375 0.1881742703125 0.5478123125 0.181497971875 0.4201769046875
27 0.0916170484375 0.4238825828125 0.0159272734375 0.4247193078125 0.032488403124999995 0.5501337140625 0.1024198265625 0.5511947828125 0.0916170484375 0.4238825828125