27 0.7522569444444445 0.6388483796296296 0.06712962962962976 0.10765624999999997
17 0.1928240740740741 0.6072627314814815 0.0671875 0.10921874999999996
32 0.8123842592592592 0.6431944444444444 0.06796875 0.1092650462962963
28 0.4405960648148149 0.6188136574074073 0.06495949074074084 0.11220486111111114
31 0.3795138888888889 0.6191087962962962 0.06565393518518521 0.10990740740740748
26 0.6296875 0.6292361111111111 0.06559606481481488 0.10834490740740747
0 0.31785300925925924 0.6138888888888889 0.06712962962962958 0.10765625000000015
30 0.5648726851851852 0.6246122685185185 0.06640625 0.1091724537037038
29 0.690625 0.6328472222222222 0.06637731481481488 0.10839120370370381
34 0.06380208333333333 0.6027488425925925 0.07045717592592593 0.11331018518518512
19 0.8741030092592592 0.6468518518518518 0.06875 0.10931134259259263
37 0.5061631944444445 0.6242650462962963 0.06487268518518512 0.10986111111111115
18 0.25457175925925923 0.6101388888888889 0.0671875 0.10921874999999996
4 0.12800925925925927 0.6026388888888888 0.06880787037037037 0.11087384259259245