11 0.76171875 0.51328125 0.0640625 0.103125
38 0.8234375 0.5140625 0.0671875 0.10546875
35 0.2140625 0.509375 0.06171875 0.10390625
20 0.45859375 0.50703125 0.05703125 0.09921875
5 0.70078125 0.51015625 0.0625 0.1015625
10 0.3375 0.5078125 0.059375 0.09765625
15 0.3984375 0.5078125 0.05859375 0.09921875
40 0.1515625 0.50859375 0.0640625 0.10625
7 0.6421875 0.51015625 0.06171875 0.09921875
8 0.52109375 0.5078125 0.059375 0.0984375
36 0.27578125 0.50703125 0.0625 0.10234375
2 0.58125 0.51015625 0.05703125 0.09921875
3 0.08984375 0.5078125 0.06640625 0.10703125
22 0.88359375 0.5140625 0.06484375 0.1046875