32 0.65 0.53984375 0.0578125 0.09921875
10 0.590625 0.53984375 0.05546875 0.096875
15 0.1171875 0.5421875 0.06328125 0.10078125
20 0.17734375 0.53984375 0.06171875 0.0984375
0 0.471875 0.5390625 0.05390625 0.09765625
38 0.70859375 0.5375 0.06015625 0.10078125
23 0.23828125 0.5375 0.059375 0.09921875
26 0.296875 0.5375 0.0578125 0.09765625
41 0.8890625 0.53671875 0.0609375 0.10234375
29 0.3546875 0.540625 0.0578125 0.096875
36 0.76875 0.53828125 0.06328125 0.10234375
40 0.8265625 0.540625 0.06171875 0.1015625
37 0.415625 0.5375 0.05546875 0.09453125
5 0.53203125 0.53828125 0.0546875 0.09375