0 0.3235358796296296 0.5151967592592592 0.056909722222222216 0.0778356481481481
18 0.2619328703703704 0.5080902777777778 0.057968750000000034 0.08725115740740748
29 0.6766840277777778 0.5327256944444445 0.06180555555555554 0.08510995370370367
32 0.7938020833333332 0.5411458333333334 0.06493055555555571 0.08527199074074084
28 0.44309027777777776 0.520613425925926 0.05787615740740737 0.08412615740740748
34 0.08052083333333333 0.5041608796296296 0.06881365740740741 0.08469328703703702
31 0.3829803240740741 0.5159317129629629 0.05789930555555554 0.08490740740740747
37 0.500925925925926 0.5228298611111111 0.05858796296296305 0.0818229166666665
30 0.5588310185185186 0.5227025462962963 0.06028935185185187 0.08659143518518526
19 0.8523958333333332 0.5441840277777779 0.06732060185185204 0.08695601851851861
27 0.7360358796296296 0.5365856481481481 0.06414930555555554 0.08523148148148145
26 0.6212615740740741 0.5282870370370369 0.06021990740740755 0.08424768518518526
17 0.2001446759259259 0.5072337962962964 0.05247685185185187 0.08618634259259253
4 0.14391782407407408 0.5035358796296296 0.06109374999999999 0.08741319444444447
2 0.5551909722222221 0.35506944444444444 0.03966435185185198 0.022337962962962976
23 0.5512673611111112 0.3290451388888889 0.03729745370370381 0.02143518518518519
29 0.4725347222222222 0.9949059606481481 0.025902777777777785 0.01018807870370395
15 0.4326041666666667 0.3463657407407408 0.03819444444444446 0.025381944444444395
20 0.47086226851851853 0.34913194444444445 0.040584490740740796 0.02706597222222218
3 0.22237847222222223 0.33781249999999996 0.03750578703703704 0.028466435185185192
40 0.2622685185185185 0.3383159722222222 0.0374594907407408 0.02690393518518519
35 0.30599537037037033 0.3413657407407407 0.036793981481481455 0.03076967592592599
36 0.3490335648148148 0.34125 0.03281828703703704 0.02822337962962962
10 0.39032407407407405 0.3473032407407407 0.03513888888888887 0.027563657407407405
8 0.5146122685185185 0.35140046296296296 0.037413194444444464 0.02534143518518519
7 0.5966435185185185 0.3556539351851852 0.031898148148148134 0.023495370370370416
5 0.637980324074074 0.3601446759259259 0.035920138888888786 0.027604166666666607
11 0.6793634259259259 0.3630729166666667 0.03286458333333329 0.02978587962962962
38 0.721550925925926 0.36526041666666664 0.03440393518518512 0.0290856481481482
22 0.762175925925926 0.36736689814814816 0.0358969907407408 0.026822916666666696
33 0.2357581018518519 0.3087731481481481 0.0295081018518518 0.021811342592592632
24 0.27555555555555555 0.3124016203703704 0.03111689814814813 0.023454861111111124
16 0.31459490740740736 0.31520833333333337 0.0343344907407408 0.026741898148148202
1 0.3528530092592592 0.31797453703703704 0.03353009259259263 0.02592013888888891
12 0.3926967592592593 0.3200405092592592 0.031875000000000056 0.022714120370370416
6 0.43097800925925933 0.32202546296296297 0.031186342592592453 0.025798611111111126
41 0.4700636574074074 0.3232696759259259 0.03111689814814813 0.023454861111111124
9 0.5106423611111112 0.32693865740740746 0.03346064814814813 0.02357638888888882
13 0.587181712962963 0.3316898148148148 0.0327025462962963 0.02431712962962962
39 0.6278298611111112 0.3330150462962963 0.02953125000000014 0.02259259259259263
25 0.6645717592592593 0.33413773148148146 0.032013888888888786 0.027401620370370416
14 0.7051736111111111 0.33702546296296293 0.03672453703703695 0.028425925925925986
21 0.7418692129629629 0.3397106481481481 0.03346064814814813 0.02357638888888882