16 0.20078125 0.50703125 0.06875 0.11015625
12 0.33359375 0.50625 0.06640625 0.1078125
33 0.07109375 0.5046875 0.06875 0.11171875
25 0.77734375 0.515625 0.0625 0.10625
23 0.5890625 0.51015625 0.0609375 0.10546875
13 0.6515625 0.5140625 0.06484375 0.103125
24 0.13828125 0.50390625 0.06796875 0.109375
39 0.71640625 0.5125 0.06328125 0.1078125
21 0.90390625 0.51484375 0.06640625 0.10703125
14 0.83984375 0.5140625 0.06484375 0.10546875
9 0.5265625 0.5078125 0.06484375 0.10703125
41 0.459375 0.51015625 0.06328125 0.1046875
1 0.26796875 0.50703125 0.065625 0.10703125
6 0.396875 0.5078125 0.06484375 0.10625