0 0.8060069444444444 0.7944097222222222 0.07196759259259267 0.10961226851851862
27 0.38093171296296297 0.44295138888888885 0.06307291666666667 0.0993287037037037
6 0.723761574074074 0.44334490740740745 0.062314814814814844 0.10009837962962961
19 0.6986168981481482 0.6225810185185185 0.061556712962962834 0.10086805555555553
24 0.441707175925926 0.43838541666666664 0.06065972222222236 0.09695023148148145
33 0.26686921296296295 0.44126157407407407 0.06309606481481485 0.10010995370370371
8 0.580462962962963 0.6145833333333333 0.06075231481481484 0.10007523148148145
2 0.9271875000000002 0.24566550925925928 0.06155671296296319 0.10086805555555553
9 0.3780960648148148 0.6108043981481481 0.06316550925925934 0.1024537037037037
11 0.6654687499999999 0.4526331018518518 0.06224537037037052 0.09775462962962962
20 0.5063310185185185 0.8009027777777777 0.055190972222222176 0.09686921296296305
10 0.6889583333333333 0.7973611111111112 0.06955439814814816 0.10723379629629619
14 0.75328125 0.6226099537037036 0.06072916666666668 0.09929398148148146
28 0.5826331018518519 0.2397800925925926 0.062291666666666676 0.09931712962962962
13 0.6375868055555556 0.6185532407407408 0.06151041666666668 0.09930555555555554
18 0.32232638888888887 0.599826388888889 0.06238425925925926 0.10244212962962962
31 0.5273263888888888 0.24442708333333335 0.05921296296296301 0.10083333333333329
16 0.6067592592592593 0.44785879629629627 0.059120370370370524 0.09770833333333329
17 0.7579340277777777 0.2525289351851852 0.06224537037037035 0.09775462962962962
3 0.26302083333333337 0.6012905092592593 0.060821759259259256 0.10241898148148146
22 0.7000752314814814 0.2501099537037037 0.06146412037037034 0.09774305555555554
37 0.15596064814814814 0.25610532407407405 0.06148726851851851 0.09852430555555554
32 0.25658564814814816 0.8057928240740739 0.06311921296296301 0.10089120370370352
34 0.44403356481481476 0.2533449074074074 0.0591666666666665 0.09927083333333328
35 0.20762731481481483 0.4185185185185185 0.061579861111111175 0.10164930555555554
21 0.548119212962963 0.4454282407407407 0.05916666666666668 0.09927083333333328
12 0.8157002314814814 0.2518229166666667 0.061394675925926026 0.09539930555555554
5 0.7491145833333334 0.7982523148148148 0.0711631944444445 0.10881944444444436
4 0.43553819444444447 0.5991608796296296 0.06151041666666668 0.09930555555555572
29 0.3161458333333333 0.8129224537037036 0.06307291666666667 0.09932870370370353
15 0.6280671296296296 0.7980208333333334 0.06390046296296284 0.10090277777777779
26 0.3754050925925926 0.8098958333333333 0.06300347222222227 0.09698495370370352
7 0.873443287037037 0.2503356481481481 0.06304976851851833 0.0985474537037037
38 0.3865914351851852 0.264988425925926 0.06070601851851851 0.09851273148148146
1 0.780792824074074 0.4441898148148148 0.06075231481481484 0.10007523148148145
30 0.3245891203703704 0.43899305555555557 0.061533564814814846 0.10008680555555553
39 0.1406886574074074 0.39956597222222223 0.06164930555555559 0.10399305555555553
36 0.3271238425925926 0.2609837962962963 0.06148726851851851 0.09852430555555554
23 0.4337905092592592 0.8037326388888889 0.062291666666666676 0.09931712962962962
41 0.2126215277777778 0.2444502314814815 0.06146412037037034 0.09774305555555554
40 0.27121527777777776 0.24531828703703704 0.060682870370370345 0.09773148148148145
25 0.6396643518518518 0.240625 0.061440972222222355 0.09696180555555553