32 0.653125 0.4640625 0.0671875 0.09375
15 0.08828125 0.45859375 0.08203125 0.096875
20 0.1515625 0.4578125 0.07734375 0.0953125
36 0.7796875 0.46640625 0.075 0.0953125
26 0.27734375 0.4578125 0.071875 0.09453125
10 0.58984375 0.4625 0.06328125 0.09140625
0 0.46484375 0.459375 0.05859375 0.09140625
41 0.90390625 0.47109375 0.0796875 0.09453125
38 0.71484375 0.46640625 0.06953125 0.09296875
29 0.34140625 0.459375 0.0671875 0.09375
40 0.840625 0.46875 0.07578125 0.09375
5 0.52890625 0.45859375 0.06171875 0.090625
37 0.4015625 0.45625 0.06171875 0.08984375
23 0.2140625 0.45859375 0.07421875 0.09453125