18 0.7422569444444445 0.3981770833333333 0.06958333333333329 0.1127893518518519
4 0.5548090277777777 0.4097222222222222 0.06416666666666657 0.11472800925925916
39 0.3765104166666667 0.5360243055555556 0.06585069444444444 0.1203125
36 0.7006770833333333 0.5143518518518518 0.07208333333333332 0.11999421296296298
8 0.4930902777777778 0.4142939814814815 0.06420138888888882 0.11629050925925917
35 0.3053472222222222 0.5444155092592593 0.07215277777777782 0.12311921296296298
38 0.6358159722222222 0.5199363425925926 0.06809027777777779 0.11579861111111107
13 0.6844791666666666 0.40089699074074076 0.06883680555555553 0.11429398148148148
19 0.4305902777777778 0.4189236111111111 0.06578125000000004 0.1171875
37 0.5046354166666667 0.5265335648148148 0.06496527777777779 0.11556712962962959
40 0.5686979166666667 0.5217881944444445 0.064982638888889 0.11634837962962977
41 0.4413020833333333 0.5335648148148148 0.06659722222222228 0.11880787037037041
9 0.6196527777777778 0.4049189814814815 0.0656944444444445 0.11328125
14 0.3672916666666667 0.42439236111111106 0.06579861111111107 0.11796875
3 0.30010416666666667 0.429369212962963 0.0697222222222222 0.11903935185185191