37 0.5272164351851851 0.5149016203703705 0.07480324074074077 0.09273148148148139
35 0.2951273148148148 0.5127141203703703 0.08893518518518517 0.09752314814814814
36 0.74921875 0.5218518518518518 0.09126736111111118 0.09675925925925917
14 0.3743113425925926 0.4253993055555556 0.07387152777777786 0.08256944444444443
40 0.6030439814814814 0.5174652777777778 0.07796296296296283 0.09509837962962955
39 0.37561921296296297 0.5136805555555556 0.07956018518518518 0.0974537037037038
19 0.4407175925925927 0.4249074074074074 0.06997685185185176 0.0833217592592593
38 0.6773206018518518 0.5208217592592593 0.085798611111111 0.09671875000000014
9 0.642361111111111 0.42888310185185186 0.07306712962962969 0.08100115740740747
13 0.714994212962963 0.4267824074074074 0.08012152777777785 0.08261574074074077
4 0.5774826388888888 0.42701967592592593 0.06996527777777786 0.0825405092592593
41 0.45066550925925924 0.51625 0.07560763888888893 0.09429976851851851
3 0.30083912037037036 0.423599537037037 0.08174189814814818 0.08653356481481485
8 0.5071585648148147 0.4267592592592592 0.0668287037037036 0.08173611111111115
18 0.7798726851851852 0.4286458333333333 0.0871412037037036 0.08188657407407404