10 0.6105671296296296 0.45822916666666663 0.0683101851851852 0.1530555555555555
11 0.4149652777777778 0.5016319444444444 0.06752893518518518 0.15303819444444447
31 0.3471875 0.4773611111111111 0.06676504629629623 0.15536458333333325
15 0.4815335648148148 0.47828125000000005 0.0636111111111111 0.15138888888888893
35 0.2010300925925926 0.4892013888888888 0.07067708333333336 0.15623263888888878
24 0.5456886574074075 0.46435763888888887 0.06594907407407398 0.1506597222222222
2 0.7441377314814815 0.45838541666666666 0.06514467592592581 0.147517361111111
7 0.6755150462962962 0.44272569444444443 0.06829282407407397 0.1507118055555555
25 0.8073379629629629 0.46791666666666665 0.06750000000000007 0.14913194444444447
40 0.060335648148148145 0.5017013888888888 0.07226851851851852 0.16017361111111122
1 0.8682754629629631 0.46656250000000005 0.06356481481481495 0.14513888888888893
1 0.283744212962963 0.5006423611111112 0.07068287037037031 0.1570138888888888
3 0.12534722222222222 0.4776041666666667 0.07540509259259257 0.16180555555555554