20 0.17572916666666666 0.5197395833333334 0.07087962962962964 0.14418402777777786
7 0.5414467592592593 0.5375520833333334 0.06844328703703706 0.1425173611111111
35 0.4802314814814815 0.53015625 0.06995949074074073 0.1418055555555556
4 0.665335648148148 0.5243576388888889 0.06853587962962955 0.1440798611111111
33 0.9093576388888888 0.5266319444444445 0.07083333333333357 0.14340277777777785
35 0.7271006944444445 0.5278819444444445 0.0691319444444444 0.14098958333333336
7 0.23564814814814813 0.5052604166666667 0.07248842592592597 0.1450347222222222
33 0.8497048611111111 0.5193055555555556 0.06848958333333358 0.1432986111111111
6 0.41878472222222224 0.5188541666666666 0.06922453703703706 0.14255208333333336
17 0.2963541666666667 0.5040625000000001 0.07101851851851855 0.14652777777777787
22 0.6011863425925925 0.5331944444444444 0.06775462962962955 0.14404513888888887
2 0.11395833333333334 0.50296875 0.07028356481481479 0.14727430555555543
21 0.35789351851851847 0.5169270833333334 0.07078703703703706 0.14262152777777787
5 0.7888657407407408 0.5314062500000001 0.06908564814814824 0.14020833333333335