20 0.8288541666666667 0.6916666666666667 0.20958333333333315 0.2504166666666666
29 0.6054166666666667 0.3354166666666667 0.12296875000000007 0.14119791666666667
20 0.37072916666666667 0.6658333333333333 0.1536458333333334 0.22802083333333342
2 0.6413020833333334 0.6446354166666668 0.17312499999999992 0.21687499999999993
40 0.26088541666666665 0.33598958333333334 0.14546875000000004 0.15203125
37 0.15151041666666668 0.30515625 0.15307291666666661 0.14942708333333332
41 0.22145833333333337 0.6566666666666666 0.16588541666666662 0.23661458333333343
12 0.7194270833333334 0.33203125 0.13276041666666671 0.14807291666666664
31 0.49046874999999995 0.31755208333333335 0.12005208333333321 0.14411458333333335
27 0.3745833333333334 0.33729166666666666 0.1273958333333333 0.1492708333333333
30 0.07417968750000001 0.6769791666666667 0.14835937500000002 0.24807291666666664
6 0.5082812499999999 0.63890625 0.16161458333333342 0.21921874999999993