31 0.6703993055555555 0.4649479166666667 0.08413194444444443 0.16961226851851857
27 0.5926388888888889 0.4767245370370371 0.07065972222222214 0.16023148148148145
37 0.3324131944444445 0.5284027777777778 0.06812500000000003 0.15149884259259244
33 0.8810069444444444 0.49771412037037044 0.08175347222222236 0.16791087962962975
24 0.73921875 0.4721469907407407 0.08486111111111114 0.16731481481481475
19 0.06930555555555555 0.5206134259259259 0.07046875 0.15163773148148146
29 0.46190972222222226 0.527494212962963 0.06975694444444436 0.15471643518518513
26 0.39803819444444444 0.5322916666666666 0.0690104166666667 0.15623263888888878
41 0.26916666666666667 0.5262152777777778 0.06651041666666675 0.14906249999999996
30 0.20350694444444445 0.5207638888888889 0.06578125000000004 0.15135995370370364
40 0.1425 0.5140277777777778 0.06493055555555553 0.14818865740740747
1 0.5263888888888889 0.5149305555555556 0.06902777777777765 0.1570138888888888
34 0.9518576388888889 0.526099537037037 0.07934027777777786 0.16464699074074077
39 0.8109895833333333 0.5068287037037037 0.07928819444444457 0.16230324074074076