31 0.7293402777777778 0.91828125 0.06828703703703702 0.09489004629629605
31 0.7071759259259259 0.7412557870370371 0.06550925925925917 0.0831018518518519
31 0.7164930555555555 0.8242534722222222 0.06727430555555554 0.08861689814814824
7 0.3476273148148148 0.725920138888889 0.06313657407407405 0.0822511574074074
7 0.34375 0.8108680555555555 0.06811342592592595 0.0902025462962964
25 0.579050925925926 0.6531770833333332 0.05899884259259256 0.07588541666666657
26 0.422974537037037 0.14754050925925927 0.048697916666666605 0.05060763888888888
20 0.5120949074074075 0.15174189814814815 0.04632523148148149 0.04975694444444443
15 0.560763888888889 0.20156828703703705 0.04725115740740726 0.0536863425925926
15 0.5659143518518519 0.25634837962962964 0.04890046296296298 0.056076388888888926
26 0.42254050925925923 0.1990335648148148 0.04725115740740744 0.0536863425925926
31 0.6963252314814815 0.6589930555555557 0.061400462962962976 0.07751736111111107
34 0.7957175925925926 0.9194675925925926 0.07612847222222215 0.09590277777777771
10 0.6076967592592593 0.20451967592592593 0.04965277777777786 0.055318287037037006
34 0.7558159722222222 0.6638773148148148 0.06608796296296297 0.07765625000000007
25 0.599537037037037 0.9113136574074074 0.06426504629629619 0.09164930555555557
7 0.3501736111111111 0.647175925925926 0.05978009259259256 0.07590856481481474
23 0.46657986111111105 0.10278935185185185 0.04542824074074083 0.04660879629629631
12 0.40873842592592596 0.6481307870370371 0.05899884259259256 0.07588541666666657
26 0.4212962962962963 0.10222800925925926 0.04542824074074083 0.04660879629629631
7 0.34160879629629626 0.9005497685185185 0.06750578703703702 0.09486689814814823
25 0.5836226851851852 0.7344733796296297 0.06235532407407405 0.08222800925925924
34 0.7657696759259259 0.7429918981481481 0.07106481481481489 0.08560763888888889
23 0.4674768518518519 0.25343171296296296 0.048119212962962975 0.056053240740740765
26 0.41909722222222223 0.2535590277777778 0.04733796296296298 0.0560300925925926
34 0.7806712962962963 0.8292766203703703 0.07274305555555553 0.08877893518518505
12 0.4086226851851852 0.7292881944444444 0.061574074074074045 0.08220486111111107
10 0.6065393518518519 0.15219907407407407 0.048784722222222146 0.05295138888888888
5 0.6628472222222223 0.26078124999999996 0.049710648148148094 0.0568807870370371
25 0.5923321759259259 0.8221354166666666 0.06333912037037023 0.0877199074074074
15 0.5579861111111111 0.10549768518518518 0.04545717592592595 0.047390046296296305
23 0.46681134259259255 0.15118055555555557 0.047135416666666784 0.050561342592592595
20 0.512355324074074 0.20091435185185186 0.04803240740740744 0.05370949074074076
29 0.3741319444444445 0.19837962962962963 0.04719328703703703 0.0521238425925926
29 0.3768229166666667 0.10247106481481483 0.04386574074074075 0.04656250000000002
17 0.4721064814814815 0.9051967592592594 0.0643229166666666 0.09321180555555557
28 0.6629340277777778 0.9163136574074073 0.06585648148148149 0.09247685185185191
22 0.5220486111111111 0.6522685185185185 0.05978009259259274 0.07590856481481474
20 0.511082175925926 0.1033275462962963 0.04467592592592595 0.04736689814814814
12 0.40856481481481477 0.8120081018518519 0.06333912037037041 0.0877199074074074
32 0.3236979166666667 0.2483912037037037 0.04806134259259256 0.05449074074074076
2 0.2836516203703704 0.8106481481481481 0.06571180555555553 0.08857060185185191
32 0.33451967592592596 0.09809606481481481 0.04785879629629637 0.04902199074074076
17 0.47039930555555554 0.8169618055555554 0.06493055555555553 0.08854745370370373
2 0.29467592592592595 0.6447511574074074 0.06056134259259256 0.0759317129629629
20 0.514351851851852 0.25482060185185185 0.047280092592592735 0.054467592592592595
10 0.6039641203703704 0.10373842592592593 0.046238425925925954 0.04741319444444443
29 0.37378472222222225 0.25221643518518516 0.046527777777777765 0.05522569444444443
5 0.6484953703703704 0.10505787037037036 0.04545717592592595 0.047390046296296263
2 0.2798611111111111 0.8979398148148148 0.06585648148148149 0.09247685185185191
29 0.3769675925925926 0.14851851851851852 0.04554398148148149 0.049733796296296304
17 0.4658564814814815 0.6521643518518518 0.05975115740740744 0.07512731481481474
2 0.2898726851851852 0.7257696759259259 0.06238425925925935 0.08300925925925924
23 0.4648148148148149 0.20262731481481483 0.047135416666666784 0.050561342592592595
32 0.33087384259259256 0.14715277777777777 0.04713541666666661 0.050561342592592595
10 0.614380787037037 0.2585648148148148 0.048958333333333215 0.05763888888888893
15 0.5598090277777777 0.15471643518518519 0.04713541666666661 0.050561342592592595
28 0.6453993055555556 0.7378645833333334 0.06316550925925916 0.0830324074074074
28 0.6393229166666667 0.6580844907407407 0.05899884259259256 0.07588541666666657
12 0.40801504629629626 0.902517361111111 0.06435185185185191 0.09399305555555557
22 0.5296875 0.8163773148148149 0.06252893518518512 0.08691550925925924
38 0.21938657407407408 0.4450810185185185 0.04829282407407405 0.06074074074074076
28 0.6563078703703704 0.8216898148148148 0.06490162037037024 0.08776620370370374
32 0.32491319444444444 0.1969212962962963 0.04725115740740744 0.0536863425925926
17 0.4663483796296296 0.7286574074074074 0.06238425925925917 0.08300925925925924
38 0.27251157407407406 0.4466550925925926 0.050694444444444466 0.06237268518518526
5 0.6511284722222223 0.15508101851851852 0.04311342592592595 0.04732060185185185
5 0.6569444444444444 0.20675925925925925 0.04861111111111107 0.04826388888888884
22 0.5249421296296296 0.7303935185185185 0.05775462962962976 0.08443287037037024
22 0.5370081018518519 0.9086805555555555 0.06739004629629619 0.09174189814814823