38 0.33655671296296297 0.28214699074074073 0.08294560185185187 0.12647569444444445
20 0.2018518518518518 0.2425925925925926 0.0845254629629629 0.1288773148148148
38 0.2692071759259259 0.26276041666666666 0.0797974537037037 0.12323495370370371
32 0.69296875 0.39632523148148147 0.0956423611111111 0.15350115740740744
38 0.47597800925925926 0.32543402777777775 0.08692129629629619 0.1359953703703704
1 0.7658622685185186 0.4256655092592593 0.08772569444444453 0.13914930555555555
32 0.6185648148148148 0.37407407407407406 0.09173032407407397 0.1525752314814815
1 0.924861111111111 0.4744791666666666 0.08622106481481495 0.14690393518518513
32 0.5480555555555556 0.35011574074074076 0.09248263888888886 0.1486979166666666
38 0.4070081018518518 0.29829282407407404 0.0806192129629629 0.12873263888888892
1 0.844212962962963 0.4532407407407407 0.08932870370370374 0.14467592592592596
17 0.26316550925925924 0.5021122685185185 0.07159722222222217 0.1760416666666666
27 0.49111111111111116 0.5749421296296295 0.08498842592592588 0.19137731481481488
23 0.13298032407407406 0.2287326388888889 0.08844907407407407 0.13136574074074076
26 0.06330439814814814 0.21177662037037037 0.09239583333333332 0.1369791666666667
27 0.4143344907407407 0.5488715277777778 0.07793402777777772 0.1879918981481481
12 0.3368171296296296 0.5282986111111111 0.06375578703703706 0.17184606481481488