33 0.23671875 0.63359375 0.0890625 0.18046875
5 0.46796875 0.55390625 0.07890625 0.171875
7 0.38984375 0.5796875 0.07890625 0.16640625
37 0.72890625 0.2296875 0.07421875 0.109375
37 0.66484375 0.25234375 0.07421875 0.09609375
21 0.07890625 0.69296875 0.09609375 0.18359375
10 0.5421875 0.53359375 0.07578125 0.16953125
27 0.16015625 0.66328125 0.09140625 0.18203125
37 0.59609375 0.271875 0.075 0.1
29 0.821875 0.4328125 0.06875 0.16953125
2 0.3171875 0.60859375 0.08828125 0.16953125
20 0.6109375 0.51328125 0.06484375 0.17109375
20 0.68203125 0.48046875 0.059375 0.17734375
26 0.75 0.44921875 0.06015625 0.17265625
28 0.88671875 0.403125 0.06015625 0.159375
34 0.9546875 0.3875 0.06640625 0.17265625