22 0.6703125 0.6833159722222222 0.1171875 0.2243055555555557
26 0.68203125 0.25979166666666664 0.10625 0.19453703703703704
34 0.81484375 0.6705266203703704 0.109375 0.21331018518518513
11 0.3296875 0.25537037037037036 0.12265625 0.22278356481481482
22 0.4953125 0.6853935185185185 0.12109375 0.20870949074074083
35 0.2453125 0.48412037037037037 0.11640625 0.2235185185185186
23 0.7546875 0.46315972222222224 0.09375 0.18897569444444445
5 0.58125 0.47147569444444437 0.103125 0.1968576388888888
5 0.41796875 0.4804976851851852 0.12109375 0.21027199074074066
22 0.678125 0.6770081018518519 0.09765625 0.1843171296296296
17 0.34375 0.6872974537037038 0.10703125 0.1875115740740741
6 0.17421875 0.7041782407407406 0.09921875 0.19214120370370366
33 0.50703125 0.25405671296296295 0.10625 0.20391203703703703