6 0.28031249999999996 0.7035763888888888 0.06890625000000003 0.11397569444444447
26 0.45784722222222224 0.5153472222222222 0.06328125 0.1068229166666665
13 0.3908159722222222 0.19355902777777775 0.06312499999999996 0.09979166666666668
10 0.21032986111111113 0.5146006944444445 0.06486111111111112 0.10763888888888892
27 0.5967013888888889 0.6973263888888889 0.06418402777777779 0.11230902777777771
11 0.34758680555555554 0.6981770833333333 0.06730902777777778 0.11237847222222222
15 0.27203125 0.5140104166666667 0.06642361111111113 0.107673611111111
20 0.3345486111111111 0.5118402777777777 0.06480902777777775 0.10529513888888893
32 0.5810069444444445 0.5251041666666667 0.06480902777777775 0.10529513888888893
31 0.6625 0.37180555555555556 0.06401041666666671 0.1044965277777778
24 0.5335243055555555 0.6940451388888889 0.06416666666666657 0.11152777777777771
18 0.33152777777777775 0.19097222222222224 0.06234374999999996 0.09977430555555555
1 0.21871527777777774 0.6994791666666667 0.06888888888888882 0.11319444444444446
0 0.0829513888888889 0.5189930555555555 0.06564236111111113 0.10765624999999997
16 0.4101736111111111 0.6928819444444445 0.06572916666666657 0.11156249999999997
38 0.6427083333333334 0.5245138888888888 0.06329861111111121 0.10760416666666668
35 0.6904340277777777 0.20407986111111112 0.062361111111111 0.10055555555555555
33 0.7176388888888889 0.7016666666666667 0.06421875000000003 0.11387152777777772
29 0.5209548611111112 0.5217534722222222 0.06322916666666671 0.10447916666666668
37 0.8848090277777778 0.5230381944444444 0.06484375 0.10685763888888893
8 0.4501388888888889 0.19458333333333333 0.06312499999999996 0.09979166666666668
30 0.6583506944444444 0.6990798611111111 0.06500000000000003 0.11388888888888893
36 0.7044097222222222 0.5239236111111112 0.06407986111111122 0.10762152777777771
3 0.2713541666666667 0.1930902777777778 0.06388888888888893 0.0990277777777778
21 0.47032986111111114 0.6915451388888889 0.0656944444444445 0.10999999999999996
17 0.42359375000000005 0.37008680555555556 0.0616493055555555 0.10366319444444443
41 0.8255381944444444 0.5196701388888889 0.06487847222222243 0.10842013888888893
34 0.7226041666666667 0.37281250000000005 0.06322916666666671 0.10447916666666668
28 0.6024305555555556 0.36923611111111115 0.06324652777777776 0.10526041666666668
25 0.5422743055555556 0.3705729166666667 0.06168402777777775 0.10522569444444443
22 0.4844444444444445 0.37263888888888885 0.06088541666666671 0.10442708333333339
5 0.14781249999999999 0.5167708333333334 0.06800347222222225 0.10848958333333343
12 0.35954861111111114 0.37072916666666667 0.06317708333333334 0.10213541666666667
2 0.23697916666666669 0.36954861111111115 0.06402777777777775 0.10527777777777772
23 0.39621527777777776 0.5128125 0.06326388888888879 0.10604166666666667
9 0.5686979166666667 0.20053819444444443 0.06237847222222222 0.10133680555555555
40 0.7637499999999999 0.5241666666666667 0.06326388888888879 0.1060416666666665
7 0.2970659722222222 0.37133680555555554 0.06635416666666671 0.10454861111111109
39 0.7492534722222223 0.19262152777777777 0.05918402777777772 0.09814236111111115
19 0.6288020833333333 0.20154513888888886 0.06078124999999997 0.0997395833333334
4 0.2112673611111111 0.19130208333333334 0.06388888888888893 0.0990277777777778
14 0.5125868055555556 0.19553819444444445 0.061579861111111 0.10053819444444442