27 0.39597800925925924 0.39288194444444446 0.06574074074074066 0.08725694444444443
11 0.634837962962963 0.3797743055555556 0.07216435185185191 0.08973958333333334
31 0.26675347222222223 0.8106944444444444 0.08981481481481488 0.1384895833333335
13 0.5955150462962963 0.58421875 0.07986111111111108 0.10940972222222207
7 0.7063657407407408 0.782986111111111 0.09438657407407405 0.13703125000000008
6 0.6955439814814814 0.3815451388888889 0.07534722222222215 0.09059027777777784
2 0.7766493055555556 0.7712847222222222 0.09762731481481488 0.1386631944444444
18 0.6627025462962963 0.5827256944444444 0.07957175925925916 0.10550347222222226
33 0.26883680555555556 0.4035069444444444 0.06886574074074074 0.08732638888888893
12 0.634085648148148 0.7900520833333333 0.09175347222222215 0.1330729166666668
8 0.5288773148148149 0.5677604166666667 0.07589699074074083 0.10854166666666672
32 0.41938657407407404 0.23480902777777776 0.060243055555555536 0.07621527777777777
15 0.6971354166666666 0.2231770833333333 0.06145833333333321 0.07156249999999993
22 0.48637152777777776 0.7941145833333334 0.08304398148148148 0.1313194444444445
20 0.6410590277777778 0.22208333333333333 0.06006944444444447 0.07387152777777777
10 0.7525462962962963 0.22272569444444446 0.05844907407407405 0.07305555555555551
17 0.5574652777777778 0.7925347222222222 0.08616898148148149 0.13138888888888883
24 0.4571469907407407 0.38840277777777776 0.06322337962962958 0.08486111111111114
16 0.5740162037037038 0.3795659722222222 0.06646412037037042 0.08649305555555564
14 0.4642939814814815 0.5762152777777778 0.07170138888888893 0.10454861111111118
26 0.5305555555555556 0.22921874999999997 0.06102430555555553 0.0762326388888889
28 0.340162037037037 0.7989236111111111 0.08440393518518521 0.13914930555555535
29 0.47407407407407404 0.23359375 0.06102430555555553 0.0762326388888889
34 0.1940972222222222 0.8123090277777777 0.09606481481481484 0.13862847222222213
9 0.39765625 0.5808159722222223 0.07662037037037042 0.10777777777777775
30 0.33350694444444445 0.40440972222222216 0.0666956018518519 0.08961805555555565
1 0.7524305555555555 0.3717013888888889 0.07774884259259256 0.09142361111111112
3 0.7285011574074074 0.5789236111111111 0.07962962962962976 0.10628472222222225
0 0.8633101851851851 0.22260416666666666 0.058506944444444285 0.07383680555555552
35 0.26082175925925927 0.5854166666666667 0.07980324074074074 0.10862847222222224
25 0.4135706018518518 0.7871527777777778 0.08116319444444446 0.13751736111111104
21 0.5158564814814814 0.3855381944444444 0.06339699074074083 0.08720486111111106
19 0.332667824074074 0.5736805555555555 0.07650462962962959 0.10621527777777776
36 0.3063946759259259 0.23342013888888888 0.05804398148148149 0.0675868055555556
38 0.3624710648148148 0.2345138888888889 0.057494212962962976 0.0706944444444444
40 0.2549768518518518 0.22208333333333333 0.0588831018518519 0.06838541666666664
5 0.807957175925926 0.22227430555555555 0.055873842592592385 0.06987847222222224
39 0.1980613425925926 0.5797916666666667 0.07592592592592591 0.09840277777777776
23 0.5861979166666667 0.22564236111111108 0.06163194444444446 0.07390625000000002
41 0.19484953703703703 0.23355902777777776 0.04785879629629628 0.05644097222222229
3 0.012876157407407407 0.2401736111111111 0.025752314814814815 0.08059027777777779
37 0.13619791666666664 0.23564236111111114 0.05830439814814818 0.06057291666666664
4 0.7958912037037037 0.5852256944444445 0.08666087962962958 0.10644097222222229