20 0.7328125 0.39140625 0.040625 0.16015625
10 0.97578125 0.05859375 0.0359375 0.090625
12 0.3765625 0.753125 0.05 0.1578125
10 0.659375 0.459375 0.04140625 0.16171875
29 0.28359375 0.85078125 0.05625 0.18671875
25 0.50078125 0.62109375 0.03984375 0.171875
25 0.459375 0.665625 0.040625 0.17421875
23 0.7703125 0.3484375 0.03359375 0.15859375
22 0.42109375 0.71171875 0.0421875 0.1796875
10 0.83515625 0.278125 0.04296875 0.16171875
15 0.69921875 0.42578125 0.040625 0.1609375
5 0.61953125 0.4984375 0.040625 0.16171875
34 0.13984375 0.33671875 0.0984375 0.05
34 0.096875 0.36875 0.1 0.05546875
27 0.33515625 0.80625 0.0453125 0.17734375
16 0.58125 0.534375 0.04140625 0.15390625
16 0.5453125 0.5796875 0.0453125 0.16015625
33 0.11015625 0.44140625 0.09375 0.05078125