36 0.5417824074074075 0.5912499999999999 0.045630787037037025 0.114982638888889
17 0.22390046296296298 0.4389930555555555 0.04398148148148149 0.11260416666666657
29 0.32826967592592593 0.4959548611111112 0.049855324074074045 0.12366319444444436
1 0.36875 0.5140277777777778 0.04788773148148149 0.11269097222222228
10 0.1851851851851852 0.4264236111111111 0.04340277777777777 0.11805555555555554
12 0.25818865740740743 0.45848958333333334 0.04076967592592595 0.11019097222222225
41 0.4536458333333333 0.5510416666666667 0.05164930555555554 0.10887152777777764
33 0.4140046296296296 0.5345486111111111 0.04817708333333322 0.12050347222222228
7 0.29085648148148147 0.4763888888888889 0.04103009259259256 0.11722222222222207
41 0.5003761574074075 0.5692534722222222 0.04782986111111107 0.11112847222222229
32 0.11811342592592593 0.3859027777777778 0.04189814814814814 0.11958333333333337
35 0.14933449074074073 0.4068923611111111 0.038396990740740745 0.10935763888888897
17 0.1681423611111111 0.8936284722222222 0.07028356481481479 0.1483159722222222
32 0.5840277777777778 0.614826388888889 0.05564236111111107 0.13237847222222215