10 0.2515625 0.65703125 0.04453125 0.1359375
33 0.540625 0.43203125 0.0375 0.12578125
30 0.49921875 0.4578125 0.034375 0.11953125
16 0.38046875 0.54453125 0.04296875 0.12265625
33 0.58359375 0.403125 0.03828125 0.11953125
30 0.4625 0.490625 0.02890625 0.109375
6 0.9765625 0.05625 0.03515625 0.08828125
27 0.421875 0.5171875 0.03359375 0.1171875
25 0.61796875 0.37734375 0.04453125 0.1203125
15 0.29765625 0.62265625 0.05 0.14140625
41 0.6921875 0.33046875 0.03515625 0.10078125
5 0.2046875 0.69453125 0.0359375 0.1359375
41 0.6546875 0.3515625 0.0296875 0.1
32 0.271875 0.11953125 0.059375 0.04609375
1 0.68046875 0.13125 0.0609375 0.0453125
31 0.728125 0.29453125 0.02890625 0.1125