34 0.6045254629629631 0.5306018518518518 0.038003472222222355 0.09661458333333321
16 0.40760995370370373 0.6580960648148148 0.04597800925925917 0.10219907407407405
32 0.6335879629629629 0.5099479166666667 0.03575231481481485 0.09970486111111114
31 0.5754166666666667 0.549693287037037 0.03490162037037035 0.09734953703703705
30 0.4780960648148148 0.6122858796296295 0.04041666666666668 0.09899305555555564
5 0.7494270833333333 0.43982060185185184 0.030856481481481523 0.09260416666666664
22 0.5470891203703704 0.5687962962962964 0.03733796296296301 0.10050925925925931
32 0.6950231481481481 0.47493634259259265 0.03646412037037052 0.09737268518518505
15 0.802980324074074 0.402349537037037 0.029409722222222358 0.09648726851851848
32 0.665775462962963 0.48934027777777783 0.035682870370370344 0.09736111111111115
5 0.7233275462962963 0.45505208333333336 0.03246527777777786 0.09418981481481481
15 0.778605324074074 0.42307291666666663 0.03087962962962969 0.09338541666666664
33 0.5117997685185186 0.5901388888888889 0.036626157407407336 0.10284143518518504
24 0.4467361111111111 0.6344675925925927 0.040439814814814845 0.09977430555555564