20 0.7328125 0.39296875 0.03828125 0.1578125
10 0.97578125 0.05859375 0.034375 0.08828125
23 0.76796875 0.3484375 0.034375 0.1625
10 0.66015625 0.46171875 0.0390625 0.16484375
16 0.58125 0.5359375 0.0421875 0.15078125
12 0.3765625 0.753125 0.04921875 0.153125
25 0.45859375 0.66640625 0.040625 0.175
33 0.11015625 0.4390625 0.0984375 0.05078125
25 0.5015625 0.621875 0.03828125 0.1703125
29 0.28359375 0.85546875 0.053125 0.2
2 0.20390625 0.3640625 0.09375 0.0578125
34 0.140625 0.3359375 0.09921875 0.053125
22 0.4203125 0.7125 0.04140625 0.18046875
16 0.54375 0.5796875 0.04296875 0.15859375
34 0.096875 0.36640625 0.10078125 0.05546875
33 0.0625 0.48046875 0.10625 0.0515625
27 0.334375 0.8078125 0.04296875 0.17578125
5 0.61953125 0.4984375 0.0390625 0.1609375
15 0.69921875 0.4265625 0.03828125 0.16328125