11 0.59140625 0.50859375 0.046875 0.1140625
16 0.6390625 0.53046875 0.0484375 0.1125
33 0.771875 0.59609375 0.05703125 0.12109375
2 0.47265625 0.44921875 0.04609375 0.109375
7 0.51171875 0.46875 0.04609375 0.11015625
31 0.55234375 0.4875 0.04453125 0.1140625
30 0.728125 0.571875 0.05625 0.1171875
30 0.6796875 0.5515625 0.05234375 0.11484375
23 0.39453125 0.4125 0.04375 0.1140625
17 0.25078125 0.34140625 0.0375 0.1078125
2 0.43515625 0.43203125 0.04296875 0.1078125
5 0.28828125 0.36015625 0.03671875 0.10625
22 0.38046875 0.11171875 0.04375 0.10703125
10 0.32109375 0.375 0.040625 0.10546875
15 0.35625 0.39296875 0.04296875 0.109375
17 0.73828125 0.3625 0.05859375 0.0515625
38 0.64609375 0.253125 0.03359375 0.0296875
39 0.6046875 0.23515625 0.040625 0.034375