2 0.3971527777777778 0.4446006944444445 0.04112847222222227 0.09976273148148138
21 0.29602430555555553 0.3836400462962963 0.03814236111111109 0.10284143518518514
12 0.4268229166666667 0.46211805555555563 0.04137152777777775 0.10523148148148138
38 0.4962152777777778 0.49934606481481475 0.04300347222222225 0.10681712962962955
22 0.4618923611111111 0.4811168981481481 0.04222222222222207 0.10680555555555564
6 0.23434027777777774 0.3486400462962963 0.03878472222222218 0.09972800925925931
16 0.26784722222222224 0.36766203703703704 0.03881944444444443 0.10050925925925921
30 0.3636805555555555 0.4247974537037037 0.0421180555555555 0.10446180555555547
27 0.3272222222222222 0.4019155092592593 0.04052083333333334 0.10365740740740748
29 0.20375000000000001 0.33425925925925926 0.038854166666666676 0.10129050925925931
36 0.5327083333333333 0.5214467592592593 0.04194444444444443 0.10055555555555565
17 0.8213194444444444 0.8786516203703705 0.07847222222222214 0.14950231481481496
20 0.5730729166666666 0.5442708333333334 0.05282986111111114 0.11711226851851855
0 0.17401041666666667 0.31830439814814815 0.034062500000000016 0.0988773148148148