31 0.40929976851851857 0.5157696759259259 0.04916666666666671 0.12271412037037024
29 0.1803935185185185 0.3929398148148148 0.04744212962962964 0.11947337962962967
2 0.5757233796296296 0.6033854166666666 0.05656250000000007 0.13026620370370381
2 0.6224479166666667 0.6248842592592593 0.061128472222222285 0.12826967592592595
34 0.37371527777777774 0.4911747685185185 0.054016203703703705 0.12618634259259257
28 0.49041087962962965 0.5547164351851852 0.057222222222222285 0.12798032407407406
28 0.45141782407407405 0.5353587962962962 0.05467592592592592 0.12390046296296298
32 0.14530671296296296 0.37387152777777777 0.047685185185185205 0.12416087962962959
25 0.5344675925925926 0.5822916666666667 0.05816550925925927 0.13116319444444446
20 0.25669560185185186 0.4338831018518519 0.0508912037037037 0.12595486111111107
23 0.2186863425925926 0.4106770833333334 0.049988425925925915 0.12355324074074084
17 0.08995949074074075 0.8967881944444445 0.09001157407407408 0.15998263888888892
5 0.29104166666666664 0.4521122685185185 0.04517939814814813 0.12086226851851851
26 0.11092013888888888 0.3564236111111111 0.04431712962962964 0.11924189814814819
0 0.33011574074074074 0.46990740740740744 0.049126157407407424 0.12193287037037023
12 0.54921875 0.35830439814814813 0.06810763888888882 0.03773148148148149