29 0.5970775462962964 0.45769675925925923 0.04951967592592581 0.12825231481481475
16 0.5149363425925926 0.4017534722222222 0.04552083333333332 0.12179976851851855
15 0.6373148148148149 0.482193287037037 0.045636574074073975 0.12961226851851854
27 0.43991898148148145 0.3516956018518519 0.043912037037037166 0.11859374999999997
24 0.4785474537037038 0.3731481481481481 0.0407754629629629 0.11765046296296297
30 0.4027488425925926 0.32313078703703707 0.03604166666666657 0.1142824074074074
5 0.6791956018518519 0.5120775462962962 0.04486689814814824 0.13035300925925916
12 0.8173958333333333 0.6049884259259259 0.053402777777777646 0.1268923611111111
5 0.7234664351851852 0.5449652777777778 0.04178819444444457 0.1333159722222222
17 0.7676909722222222 0.5747280092592593 0.055196759259259306 0.14259837962962968
11 0.5520833333333333 0.428755787037037 0.04554398148148149 0.12336226851851854
36 0.3325578703703703 0.2822048611111111 0.032089120370370414 0.11095486111111112
36 0.3688194444444444 0.30221643518518515 0.03676504629629633 0.11041666666666661
34 0.7681886574074074 0.18612268518518518 0.06860532407407405 0.046493055555555565
36 0.021892361111111112 0.0528125 0.0411400462962963 0.08956597222222222
2 0.7042939814814815 0.04244791666666666 0.05755208333333321 0.038113425925925926