29 0.7077430555555555 0.3496180555555556 0.03866319444444457 0.1245196759259259
11 0.3243576388888889 0.6200289351851852 0.052881944444444426 0.13228009259259252
11 0.9778645833333334 0.1092303240740741 0.03791666666666664 0.0909259259259259
23 0.6723784722222221 0.37353587962962964 0.03861111111111128 0.122175925925926
20 0.6009027777777778 0.42289351851851853 0.045677083333333354 0.12410300925925917
11 0.2752951388888889 0.6596238425925927 0.05454861111111109 0.1370486111111111
6 0.23074652777777777 0.6916493055555556 0.060104166666666625 0.1412384259259259
23 0.6355381944444444 0.4012789351851852 0.04104166666666664 0.1262037037037036
24 0.364375 0.5947916666666666 0.048819444444444395 0.12504629629629632
15 0.5625173611111111 0.45133680555555555 0.04109374999999993 0.12854745370370377
25 0.5240625 0.4766550925925926 0.04192708333333321 0.13093171296296297
24 0.4059375 0.5688541666666668 0.043368055555555604 0.12554398148148138
38 0.16918402777777777 0.2740914351851852 0.04699652777777778 0.043015046296296336
34 0.09015625000000001 0.36987847222222225 0.07008680555555555 0.0637210648148148
37 0.24946180555555558 0.23455439814814816 0.04777777777777779 0.043055555555555534
6 0.4456076388888889 0.3172974537037037 0.07246527777777771 0.0654050925925926
36 0.09368055555555554 0.3177777777777778 0.04777777777777779 0.043055555555555534
39 0.20861111111111114 0.2574074074074074 0.046250000000000034 0.04453703703703704
7 0.9270486111111111 0.280613425925926 0.05555555555555571 0.041898148148148094
12 0.95671875 0.24625578703703704 0.06817708333333314 0.04801504629629631
35 0.045 0.33944444444444444 0.048454861111111115 0.038408564814814826
33 0.13180555555555556 0.3478472222222222 0.06263888888888891 0.044606481481481455