2 0.67734375 0.43984375 0.03046875 0.08984375
25 0.4328125 0.60390625 0.040625 0.10546875
28 0.496875 0.55703125 0.03671875 0.1015625
25 0.4625 0.5796875 0.03828125 0.09921875
22 0.39375 0.62421875 0.03984375 0.11015625
7 0.73203125 0.403125 0.025 0.090625
20 0.56015625 0.5203125 0.03671875 0.10078125
10 0.53046875 0.5375 0.03359375 0.096875
21 0.62109375 0.478125 0.03203125 0.09296875
36 0.58984375 0.49453125 0.03203125 0.08671875
7 0.70703125 0.4234375 0.028125 0.09375
12 0.75859375 0.38828125 0.02734375 0.090625
36 0.97890625 0.05390625 0.040625 0.0875
33 0.6515625 0.4578125 0.0296875 0.090625