10 0.5154108796296296 0.5560763888888889 0.045219907407407334 0.10679976851851869
10 0.020792824074074075 0.05601851851851852 0.041261574074074076 0.09250578703703705
28 0.482193287037037 0.5390914351851851 0.045677083333333354 0.10138888888888893
31 0.44769097222222226 0.5175347222222222 0.04250578703703702 0.10037615740740743
30 0.3875983796296296 0.4815393518518519 0.04618055555555554 0.09675925925925917
30 0.41608217592592595 0.4996527777777778 0.04857060185185187 0.09771412037037042
21 0.2421875 0.4020833333333333 0.03372685185185187 0.09661458333333339
6 0.3267245370370371 0.4456018518518519 0.039699074074074046 0.09239004629629619
11 0.29961805555555554 0.4304976851851852 0.03593171296296296 0.09444444444444447
0 0.5486747685185185 0.5722800925925926 0.042783564814814844 0.10506365740740727
16 0.26704282407407404 0.41579861111111105 0.03501157407407405 0.09204282407407405
1 0.3568634259259259 0.462037037037037 0.04282407407407405 0.09262152777777785