22 0.40049768518518525 0.5209374999999999 0.04942708333333332 0.12270833333333328
22 0.44010995370370376 0.5392187500000001 0.051012731481481485 0.12437499999999986
31 0.2927719907407408 0.45510416666666664 0.04704861111111107 0.12020833333333343
20 0.1808738425925926 0.4069791666666666 0.045486111111111074 0.12010416666666668
31 0.3284664351851852 0.4739062499999999 0.043912037037036986 0.11921874999999993
31 0.2570196759259259 0.44020833333333337 0.04547453703703699 0.11932291666666668
17 0.4804224537037037 0.5630208333333334 0.04947337962962948 0.1258333333333333
28 0.36488425925925927 0.4966666666666667 0.04861111111111107 0.1203125
2 0.5619560185185185 0.6020833333333334 0.056469907407407406 0.12395833333333321
7 0.5223668981481481 0.5822395833333334 0.05420717592592581 0.12927083333333336
39 0.1142650462962963 0.3634375 0.033605324074074086 0.10838541666666668
15 0.21975115740740742 0.4220833333333333 0.0455324074074074 0.12322916666666668
23 0.14760416666666668 0.38286458333333334 0.04155671296296295 0.11828124999999998
17 0.12123842592592593 0.8956770833333334 0.06935185185185185 0.15057291666666686
33 0.9781712962962963 0.5899479166666667 0.029184027777778 0.1260416666666666
12 0.29483796296296294 0.26286458333333335 0.06229745370370363 0.043177083333333324
40 0.19402777777777777 0.3108854166666667 0.0494791666666667 0.07354166666666666