10 0.02647569444444444 0.05807291666666666 0.0389525462962963 0.0890451388888889
20 0.28694444444444445 0.3901736111111111 0.04716435185185182 0.15711805555555552
5 0.4070949074074074 0.48996527777777776 0.04790509259259253 0.15635416666666657
27 0.44287615740740743 0.5314062500000001 0.05341435185185191 0.15725694444444435
10 0.36554976851851856 0.45803819444444444 0.05135416666666668 0.16267361111111106
25 0.6183969907407407 0.7034895833333333 0.05384837962962976 0.18067708333333332
15 0.32153935185185184 0.42381944444444447 0.04901041666666668 0.16262152777777777
33 0.9489945023148149 0.4505034722222222 0.10201099537037024 0.05776041666666672
16 0.4853645833333333 0.5664409722222222 0.0487268518518519 0.15715277777777778
25 0.6637557870370371 0.7486284722222223 0.05799768518518515 0.18545138888888885
16 0.525619212962963 0.6187326388888889 0.0513541666666665 0.16267361111111106
22 0.7093171296296296 0.797673611111111 0.05877893518518533 0.18546875000000007
34 0.9198611111111111 0.3479513888888889 0.10583912037037031 0.054635416666666714
6 0.571394675925926 0.6568229166666667 0.05023726851851862 0.171232638888889
12 0.7628356481481482 0.8191666666666666 0.055081018518518474 0.12920138888888885
38 0.25104166666666666 0.3463888888888889 0.0377199074074074 0.14052083333333334