22 0.6703645833333333 0.47513310185185187 0.04942129629629619 0.11196759259259252
17 0.632193287037037 0.49463541666666666 0.04872106481481495 0.11348379629629637
25 0.7062731481481481 0.4573321759259259 0.05110532407407398 0.11440393518518518
16 0.4808680555555556 0.5686458333333333 0.050729166666666714 0.12217013888888886
11 0.4403935185185185 0.5890682870370371 0.05541666666666671 0.12244791666666668
17 0.5930381944444445 0.5102777777777778 0.05052662037037052 0.11826388888888886
23 0.8167071759259258 0.41082175925925923 0.04715856481481495 0.1133912037037037
26 0.8544618055555556 0.3983969907407407 0.04379050925925938 0.10851851851851854
12 0.5557291666666666 0.5312962962962964 0.05501157407407398 0.11463541666666668
7 0.5174768518518519 0.549236111111111 0.04974537037037052 0.11821759259259253
37 0.8881886574074074 0.38385995370370374 0.03775462962962948 0.0972569444444444
15 0.7831828703703703 0.4292650462962963 0.04789930555555557 0.11265625000000004
15 0.7438657407407407 0.44178240740740743 0.049542824074074156 0.11431134259259253
17 0.9118055555555555 0.8393287037037037 0.07648726851851854 0.15329282407407413