20 0.7250983796296296 0.40046296296296297 0.047679398148148165 0.16057870370370358
16 0.5774594907407408 0.5538773148148148 0.0507118055555555 0.15917824074074077
10 0.9792534722222221 0.026730324074074073 0.04121527777777771 0.053460648148148146
29 0.8234837962962963 0.27546296296296297 0.03982638888888914 0.17263310185185182
15 0.687337962962963 0.4376851851851852 0.050254629629629476 0.16460648148148138
10 0.6511400462962962 0.47482638888888884 0.05351851851851848 0.16711226851851854
5 0.6128298611111112 0.5159953703703704 0.05342592592592599 0.16554976851851855
25 0.45610532407407406 0.7012268518518519 0.05384837962962976 0.18582175925925934
25 0.41688078703703707 0.7534143518518518 0.0556886574074074 0.19059027777777776
38 0.7906423611111111 0.31634837962962964 0.042575231481481526 0.1533043981481481
23 0.757662037037037 0.3548900462962963 0.046348379629629656 0.1644039351851852
22 0.3747569444444444 0.7963483796296297 0.06046296296296294 0.17915509259259252
34 0.160625 0.3302083333333333 0.10085069444444446 0.05896990740740744
12 0.32555555555555554 0.8388657407407407 0.062280092592592595 0.1309606481481481
16 0.541724537037037 0.5988310185185185 0.05107638888888886 0.15218750000000014