32 0.6972916666666666 0.9414409722222222 0.06322916666666671 0.10552083333333329
34 0.8223958333333332 0.9565625000000001 0.08078124999999972 0.0761226851851852
7 0.9630208333333334 0.9468793402777778 0.0671875 0.10624131944444457
35 0.5527083333333334 0.8448611111111111 0.05203124999999993 0.07803819444444429
32 0.7534375 0.9407118055555556 0.06171875 0.10627893518518512
38 0.49729166666666663 0.8448206018518519 0.050416666666666644 0.07723379629629648
17 0.9878515625000001 0.9456611689814813 0.02429687499999993 0.10867766203703724
38 0.39416666666666667 0.843292824074074 0.05281250000000002 0.07804976851851819
30 0.3393229166666667 0.8401388888888889 0.05364583333333339 0.07884259259259281
30 0.23098958333333336 0.8424363425925925 0.05770833333333334 0.08124421296296305
38 0.44286458333333334 0.8479166666666667 0.051145833333333356 0.07646412037037038
30 0.28395833333333337 0.8408796296296297 0.055312499999999966 0.08042824074074062
12 0.9013020833333332 0.9577314814814816 0.07322916666666686 0.07991319444444471
2 0.5877604166666666 0.5979687499999999 0.049687499999999926 0.0662962962962963
1 0.44989583333333333 0.39144097222222224 0.03499999999999996 0.04500578703703706
36 0.40953125 0.3830381944444444 0.035677083333333214 0.043454861111111145
21 0.484375 0.39351273148148147 0.03416666666666668 0.044212962962962975
37 0.5939583333333334 0.3982581018518519 0.033958333333333354 0.04108796296296298
15 0.5219270833333333 0.394849537037037 0.03776041666666678 0.051290509259259306
0 0.5578645833333333 0.3953819444444444 0.034062499999999926 0.04265046296296297