22 0.4095833333333333 0.6111689814814815 0.04078125000000003 0.12074652777777786
22 0.4453125 0.5803819444444445 0.03848958333333332 0.12144097222222214
17 0.47770833333333335 0.5526041666666666 0.03817708333333343 0.11675347222222214
10 0.5690625 0.47453703703703703 0.03562499999999993 0.11354166666666679
27 0.7372395833333333 0.33666087962962965 0.025989583333333323 0.09759837962962958
38 0.5397916666666667 0.5024305555555555 0.029010416666666573 0.10784143518518512
31 0.37484375 0.6388599537037037 0.03656249999999996 0.11591435185185191
35 0.6855729166666666 0.38330439814814815 0.029010416666666573 0.09615162037037032
37 0.6264583333333333 0.42418981481481477 0.031458333333333324 0.09780092592592596
26 0.5962500000000001 0.4543981481481481 0.03390625000000007 0.11114004629629619
12 0.5107291666666667 0.5271990740740741 0.03484374999999993 0.10182291666666679
37 0.65390625 0.40014467592592595 0.03286458333333329 0.09551504629629619
36 0.9760937500000001 0.09019097222222222 0.04557291666666643 0.08741319444444444
41 0.7106770833333333 0.3591724537037037 0.026718749999999857 0.08515625