20 0.36876736111111114 0.5151736111111112 0.04258680555555561 0.09744212962962955
10 0.4278645833333334 0.5574826388888889 0.040486111111111 0.10287615740740748
23 0.3423611111111111 0.49367476851851855 0.04109375000000002 0.09898148148148138
11 0.4916840277777778 0.5990798611111112 0.04201388888888893 0.10211805555555564
23 0.31038194444444445 0.4744386574074074 0.03715277777777777 0.09814236111111115
6 0.021718750000000002 0.056608796296296296 0.03826388888888889 0.08800925925925926
16 0.45987847222222217 0.5759375 0.041736111111111286 0.09586805555555564
28 0.23553819444444443 0.41704282407407406 0.046666666666666676 0.10140624999999996
15 0.3990451388888889 0.5375115740740741 0.03949652777777777 0.09817708333333339
25 0.2815625 0.4544675925925926 0.03249999999999993 0.09885416666666665
20 0.7793229166666666 0.1780613425925926 0.05213541666666686 0.031221064814814792
6 0.5345659722222222 0.6192592592592593 0.05550347222222225 0.10700231481481488