28 0.559375 0.48671875 0.04921875 0.11953125
2 0.43203125 0.5421875 0.05078125 0.1234375
25 0.475 0.52109375 0.0515625 0.1265625
29 0.8328125 0.36875 0.03984375 0.1140625
2 0.384375 0.56015625 0.05625 0.1265625
28 0.51484375 0.50078125 0.05078125 0.12265625
34 0.59921875 0.465625 0.0484375 0.1234375
32 0.86953125 0.35 0.03984375 0.11640625
20 0.76171875 0.4 0.04296875 0.11796875
17 0.8625 0.88984375 0.07421875 0.15234375
5 0.72109375 0.41796875 0.03984375 0.1171875
31 0.9015625 0.3359375 0.03203125 0.11484375
0 0.68359375 0.43203125 0.04140625 0.11875
23 0.7953125 0.38359375 0.040625 0.1171875
0 0.64609375 0.44921875 0.03984375 0.11875
12 0.4328125 0.31484375 0.071875 0.05