22 0.37644675925925924 0.5005902777777778 0.051012731481481485 0.11276041666666678
11 0.5734953703703705 0.5758333333333333 0.05208333333333322 0.12059027777777764
17 0.4156539351851851 0.5168923611111111 0.04950810185185191 0.11428819444444435
7 0.5335648148148149 0.5579861111111111 0.04965277777777786 0.11819444444444435
12 0.4934606481481481 0.5448263888888889 0.05338541666666678 0.11359375000000008
1 0.6190104166666666 0.5904340277777778 0.05350115740740726 0.11671875000000007
17 0.4517939814814815 0.5317013888888888 0.05196759259259256 0.11746527777777782
31 0.3057581018518518 0.47015624999999994 0.04322916666666661 0.11336805555555571
26 0.20092592592592595 0.4342361111111111 0.043055555555555534 0.10868055555555553
25 0.33871527777777777 0.48659722222222224 0.04878472222222223 0.11583333333333332
23 0.16472800925925926 0.42098958333333336 0.04236111111111111 0.1110069444444445
17 0.10295138888888888 0.8876041666666665 0.07905092592592596 0.15319444444444413
15 0.2349247685185185 0.44362847222222224 0.047945601851851906 0.11425347222222229