10 0.9765625 0.05859375 0.03515625 0.08828125
2 0.48359375 0.48515625 0.04609375 0.11796875
31 0.66953125 0.34296875 0.03984375 0.11484375
25 0.59765625 0.3984375 0.0515625 0.12421875
28 0.63125 0.371875 0.04765625 0.11875
31 0.70625 0.31484375 0.03671875 0.11796875
12 0.521875 0.45703125 0.04765625 0.11953125
15 0.22265625 0.6859375 0.0546875 0.14765625
1 0.2703125 0.646875 0.0546875 0.13046875
22 0.5625 0.4296875 0.04375 0.125
24 0.4453125 0.51640625 0.04609375 0.1234375
24 0.4 0.54921875 0.04609375 0.12109375
11 0.359375 0.578125 0.05078125 0.12890625
6 0.31328125 0.6140625 0.0453125 0.1171875