29 0.5717592592592593 0.5057581018518519 0.05240162037037042 0.1295370370370371
27 0.42126736111111107 0.3878935185185185 0.046527777777777855 0.11843750000000001
16 0.4935185185185185 0.44321759259259264 0.04733796296296298 0.11924189814814809
15 0.6113715277777778 0.5343055555555555 0.04774305555555554 0.1301793981481481
24 0.45873842592592595 0.41090277777777773 0.042563657407407265 0.11675925925925927
30 0.3848958333333333 0.3563136574074074 0.038541666666666696 0.11351851851851853
11 0.5291956018518519 0.4724305555555556 0.04670138888888893 0.12312499999999993
5 0.6515625 0.5683449074074074 0.047714120370370414 0.1293981481481481
17 0.7343460648148148 0.6349305555555556 0.05665509259259256 0.13902777777777775
12 0.7854166666666667 0.6708564814814815 0.0546875 0.1280439814814814
5 0.6932581018518519 0.6039930555555555 0.04542824074074083 0.1308912037037036
36 0.3521412037037037 0.332662037037037 0.03686342592592595 0.11034722222222229
36 0.3170138888888889 0.30972222222222223 0.03446180555555554 0.10871527777777779
34 0.7572916666666666 0.2476851851851852 0.07025462962962976 0.04266203703703706
29 0.8341435185185185 0.34772569444444446 0.07670717592592595 0.04831597222222221
36 0.019921875 0.05528935185185185 0.03984375 0.08946180555555554
2 0.7930266203703703 0.31756944444444446 0.06727430555555554 0.046475694444444396