11 0.02699652777777778 0.05926504629629629 0.04331597222222222 0.09015046296296296
25 0.6486979166666667 0.6857233796296296 0.051128472222222145 0.17457175925925927
20 0.43987268518518513 0.465943287037037 0.044878472222222146 0.15333912037037045
23 0.4051793981481482 0.4290567129629629 0.046643518518518515 0.1666435185185186
27 0.33220486111111114 0.3489409722222222 0.04655671296296297 0.15494791666666669
22 0.6902777777777779 0.7313888888888889 0.05370370370370381 0.17776620370370377
6 0.5668113425925926 0.5905324074074074 0.048524305555555716 0.16046296296296295
27 0.29444444444444445 0.3127430555555556 0.040972222222222146 0.15322337962962962
10 0.4723668981481481 0.5152372685185185 0.05222800925925917 0.16836805555555542
6 0.6034143518518519 0.6321527777777778 0.050434027777777855 0.16519675925925928
10 0.5202835648148149 0.5517361111111111 0.05512152777777786 0.1653356481481481
29 0.9243634259259259 0.2924305555555556 0.10159143518518512 0.05601851851851851