31 0.66875 0.3484375 0.0390625 0.115625
12 0.51328125 0.45625 0.0484375 0.115625
7 0.47890625 0.48359375 0.040625 0.121875
10 0.97578125 0.05859375 0.0359375 0.08984375
21 0.3984375 0.54609375 0.0515625 0.125
25 0.5953125 0.40078125 0.04921875 0.12265625
15 0.215625 0.6890625 0.05 0.15234375
31 0.70703125 0.32109375 0.040625 0.11328125
28 0.6296875 0.3765625 0.046875 0.11875
24 0.4375 0.51640625 0.04765625 0.121875
30 0.7375 0.2953125 0.03984375 0.115625
22 0.5578125 0.42890625 0.04453125 0.12265625
26 0.190625 0.3078125 0.0703125 0.04765625
23 0.1765625 0.07109375 0.0671875 0.04140625
29 0.15078125 0.27734375 0.075 0.0484375
11 0.35546875 0.57578125 0.05 0.12734375
6 0.309375 0.603125 0.0453125 0.12109375