2 0.51796875 0.4546875 0.04453125 0.1171875
10 0.97578125 0.05859375 0.03515625 0.0875
12 0.55390625 0.43203125 0.0453125 0.11328125
24 0.48125 0.48671875 0.0453125 0.12265625
28 0.66484375 0.34765625 0.040625 0.11640625
24 0.440625 0.51796875 0.0453125 0.11953125
31 0.70078125 0.3171875 0.0390625 0.11484375
25 0.63125 0.3734375 0.04375 0.1234375
11 0.3984375 0.5484375 0.0484375 0.1265625
15 0.265625 0.65546875 0.0578125 0.1453125
29 0.1609375 0.2703125 0.07265625 0.05
1 0.31328125 0.61953125 0.053125 0.1328125
22 0.596875 0.40078125 0.040625 0.125
6 0.3578125 0.57734375 0.03984375 0.115625
31 0.7296875 0.28828125 0.0359375 0.11015625