20 0.7140625 0.45078125 0.04296875 0.15703125
30 0.5234375 0.65703125 0.04921875 0.16796875
25 0.80390625 0.334375 0.0625 0.1671875
16 0.33671875 0.82578125 0.05546875 0.15390625
33 0.5671875 0.61171875 0.040625 0.17109375
24 0.38515625 0.7953125 0.04375 0.18125
15 0.68359375 0.49140625 0.0359375 0.15859375
23 0.74765625 0.41328125 0.03828125 0.16015625
31 0.0859375 0.46328125 0.09921875 0.0640625
16 0.2828125 0.85 0.04921875 0.08984375
27 0.43203125 0.74453125 0.03359375 0.15625
27 0.47734375 0.69765625 0.03515625 0.15859375
17 0.609375 0.5671875 0.0359375 0.17734375
22 0.64765625 0.5265625 0.03203125 0.16796875
17 0.0890625 0.55859375 0.08671875 0.07734375
39 0.16328125 0.5140625 0.06953125 0.0625
39 0.19453125 0.446875 0.04921875 0.0546875
24 0.26640625 0.309375 0.07109375 0.04609375
41 0.221875 0.35078125 0.053125 0.046875
36 0.196875 0.28984375 0.053125 0.04375
32 0.1484375 0.3265625 0.090625 0.05234375
0 0.103125 0.36171875 0.06875 0.05234375
38 0.0546875 0.396875 0.0640625 0.053125
26 0.13125 0.421875 0.078125 0.0625
15 0.16875 0.37890625 0.06875 0.05078125
20 0.03984375 0.50234375 0.0796875 0.05703125
36 0.23046875 0.1671875 0.0484375 0.04453125