33 0.49296875 0.48046875 0.0390625 0.12890625
15 0.228125 0.67734375 0.05859375 0.14453125
30 0.4484375 0.5109375 0.0484375 0.12109375
28 0.63828125 0.37265625 0.04609375 0.11796875
27 0.4078125 0.54140625 0.053125 0.12109375
10 0.97578125 0.0578125 0.03515625 0.0890625
25 0.56640625 0.4234375 0.04375 0.12265625
25 0.603125 0.39296875 0.04609375 0.1203125
21 0.32421875 0.603125 0.05234375 0.128125
24 0.3671875 0.57421875 0.053125 0.12421875
31 0.7109375 0.31328125 0.03671875 0.11640625
31 0.675 0.340625 0.0359375 0.1171875
11 0.275 0.6375 0.06015625 0.13515625
29 0.15078125 0.27734375 0.0734375 0.0484375
32 0.2890625 0.078125 0.06171875 0.034375
22 0.5328125 0.45234375 0.04296875 0.125
26 0.1875 0.30390625 0.07109375 0.04609375
22 0.73984375 0.28203125 0.03359375 0.12578125
37 0.1921875 0.25 0.065625 0.04140625