16 0.61953125 0.46875 0.0515625 0.1265625
27 0.40078125 0.56953125 0.053125 0.1296875
11 0.57890625 0.48984375 0.0515625 0.128125
21 0.89453125 0.34765625 0.0421875 0.12578125
0 0.85859375 0.36953125 0.0453125 0.121875
1 0.48984375 0.5265625 0.0515625 0.12734375
1 0.44609375 0.54765625 0.0546875 0.125
1 0.534375 0.50546875 0.05390625 0.125
41 0.6984375 0.43515625 0.0484375 0.1171875
30 0.34765625 0.58984375 0.059375 0.134375
0 0.78046875 0.40390625 0.0484375 0.125
41 0.7453125 0.42109375 0.04921875 0.11875
41 0.66171875 0.45078125 0.0484375 0.11484375
0 0.8203125 0.384375 0.046875 0.125
39 0.21328125 0.04609375 0.059375 0.03515625
22 0.3796875 0.11171875 0.046875 0.10078125