31 0.5849826388888889 0.4188020833333333 0.04265046296296297 0.1188194444444445
29 0.20740740740740743 0.7122222222222222 0.06646412037037042 0.1505729166666665
28 0.5477141203703704 0.45394097222222224 0.0465856481481481 0.11968749999999986
15 0.2581018518518518 0.6734722222222222 0.05350115740740744 0.13779513888888886
25 0.5094039351851851 0.47498263888888886 0.052459490740740834 0.13074652777777782
10 0.9736400462962964 0.07949652777777778 0.03920717592592595 0.08907986111111113
38 0.690625 0.3320138888888889 0.032754629629629585 0.10454861111111118
12 0.4252314814814815 0.5309722222222222 0.050260416666666606 0.11352430555555557
24 0.38790509259259254 0.5676736111111111 0.05381944444444446 0.12531250000000008
11 0.34699074074074077 0.5956944444444444 0.05711805555555553 0.13006944444444457
1 0.2978877314814815 0.6336979166666666 0.06556712962962959 0.12635416666666668
22 0.4684027777777778 0.5053472222222222 0.04858217592592595 0.13144097222222229
31 0.622800925925926 0.38993055555555556 0.033506944444444464 0.12486111111111117
0 0.6552372685185185 0.35859375 0.037413194444444464 0.10387152777777775
6 0.7281539351851851 0.31095486111111115 0.03614004629629619 0.1116493055555555