6 0.97578125 0.05546875 0.0359375 0.0875
32 0.50078125 0.5734375 0.0375 0.12578125
27 0.534375 0.54140625 0.0375 0.10625
5 0.4328125 0.63515625 0.03359375 0.1203125
24 0.5921875 0.4875 0.04296875 0.10234375
24 0.5640625 0.5171875 0.0421875 0.1046875
12 0.77890625 0.315625 0.02421875 0.0953125
22 0.75390625 0.340625 0.02734375 0.1015625
22 0.728125 0.36484375 0.02734375 0.10078125
1 0.6515625 0.43046875 0.03515625 0.09921875
26 0.46640625 0.60078125 0.03125 0.11875
11 0.61953125 0.4578125 0.03046875 0.103125
1 0.6765625 0.409375 0.025 0.11328125
36 0.7015625 0.38671875 0.0234375 0.09140625