34 0.5890625 0.521875 0.03515625 0.09609375
16 0.38828125 0.65234375 0.04296875 0.1015625
32 0.61875 0.50078125 0.0328125 0.09921875
31 0.559375 0.54140625 0.03203125 0.096875
30 0.46015625 0.60546875 0.0375 0.0984375
5 0.73671875 0.42890625 0.028125 0.0921875
22 0.53046875 0.5609375 0.034375 0.1
32 0.68125 0.46484375 0.03359375 0.096875
15 0.79140625 0.390625 0.0265625 0.09609375
32 0.6515625 0.4796875 0.0328125 0.096875
5 0.71015625 0.44453125 0.0296875 0.09375
15 0.76640625 0.41171875 0.028125 0.09296875
33 0.49453125 0.5828125 0.03359375 0.10234375
24 0.428125 0.628125 0.0375 0.09921875