16 0.65625 0.5098958333333333 0.03359375 0.09215277777777775
10 0.42421875 0.6539583333333333 0.03984375 0.10713541666666657
21 0.6859375 0.4910243055555556 0.03125 0.09366319444444429
15 0.4578125 0.6289236111111112 0.03828125 0.1047569444444445
11 0.621875 0.5247569444444444 0.0328125 0.09526041666666671
23 0.52578125 0.5851215277777777 0.0375 0.10708333333333328
23 0.49140625 0.607013888888889 0.03984375 0.10635416666666657
29 0.15234375 0.2994791666666667 0.0625 0.03185763888888893
5 0.38828125 0.6750347222222223 0.034375 0.10701388888888878
20 0.04375 0.2634722222222222 0.05546875 0.028576388888888894
12 0.29609375 0.3464236111111111 0.05546875 0.03170138888888889
6 0.5859375 0.5466145833333333 0.04453125 0.10255208333333332
27 0.77578125 0.4383333333333333 0.02890625 0.088923611111111
24 0.746875 0.4564409722222223 0.0359375 0.09298611111111121
35 0.30859375 0.3756076388888889 0.04609375 0.03461805555555557
33 0.80234375 0.4209548611111112 0.0265625 0.09980902777777771
21 0.715625 0.47371527777777783 0.03125 0.09131944444444429