22 0.4725983796296296 0.5377025462962963 0.058072916666666786 0.12317708333333321
22 0.43220486111111106 0.5168402777777777 0.05746527777777786 0.12546296296296297
20 0.2028645833333333 0.39962384259259254 0.05092592592592595 0.12109375
31 0.3202256944444445 0.4526041666666667 0.05020254629629637 0.12181712962962958
17 0.5153935185185186 0.559519675925926 0.05920138888888893 0.1279224537037038
28 0.3932002314814815 0.49375 0.05645254629629637 0.12228009259259257
31 0.3558159722222222 0.471556712962963 0.050868055555555534 0.1203125
23 0.24296875 0.41657986111111106 0.05512152777777777 0.12528935185185192
2 0.5993055555555555 0.6014756944444445 0.06365740740740744 0.12514467592592596
15 0.1666087962962963 0.382175925925926 0.04545717592592591 0.12068865740740745
7 0.5574652777777779 0.5820601851851851 0.06238425925925917 0.12893518518518512
17 0.20202546296296298 0.9022569444444445 0.07800925925925925 0.1510706018518519
39 0.19707754629629629 0.3005208333333333 0.049565972222222233 0.09224537037037042
10 0.13614004629629628 0.3589409722222222 0.041319444444444464 0.11727430555555554
12 0.31854745370370374 0.2621238425925926 0.07019675925925925 0.04560185185185191