25 0.6466030092592593 0.40899884259259256 0.041440972222222074 0.11166087962962976
26 0.3282175925925926 0.5518518518518519 0.05166666666666666 0.12141203703703703
28 0.607667824074074 0.4247395833333333 0.043020833333333286 0.1140625
29 0.2838252314814815 0.5689525462962963 0.05404513888888891 0.12618634259259257
32 0.2324537037037037 0.592824074074074 0.061111111111111074 0.13113425925925917
20 0.3687037037037037 0.5346064814814815 0.05009837962962962 0.12057291666666661
31 0.5710995370370371 0.4436921296296297 0.04142939814814817 0.11009837962962958
15 0.45274884259259257 0.4932002314814815 0.04774305555555554 0.11892361111111108
20 0.4122800925925926 0.5127893518518519 0.05008101851851858 0.11822916666666679
10 0.4955902777777778 0.4776041666666667 0.0492881944444445 0.11663773148148149
5 0.5353009259259259 0.4611111111111111 0.04222800925925938 0.11247106481481488
12 0.6808506944444443 0.39308449074074076 0.043020833333333286 0.1140625
21 0.6203703703703705 0.13622685185185185 0.04219328703703695 0.1077835648148148
16 0.16469907407407408 0.4083333333333334 0.05354166666666664 0.05821759259259274