31 0.59140625 0.50859375 0.0453125 0.11640625
16 0.67734375 0.553125 0.05078125 0.11484375
23 0.3921875 0.41484375 0.0453125 0.115625
7 0.50859375 0.46953125 0.0484375 0.1140625
2 0.46875 0.45234375 0.046875 0.1078125
30 0.7234375 0.575 0.05390625 0.11640625
17 0.55 0.48984375 0.05 0.11640625
11 0.63203125 0.53359375 0.04921875 0.11484375
2 0.4328125 0.434375 0.04296875 0.10859375
30 0.77265625 0.59921875 0.06015625 0.11953125
22 0.38046875 0.1125 0.0421875 0.10625
10 0.31875 0.375 0.0390625 0.10625
5 0.2859375 0.35703125 0.03515625 0.10625
15 0.35390625 0.39453125 0.04140625 0.11015625
33 0.6765625 0.26796875 0.04921875 0.03359375
17 0.7390625 0.3640625 0.05625 0.04765625