28 0.6181076388888889 0.6001446759259259 0.051979166666666646 0.12677083333333333
34 0.5344270833333333 0.5567881944444444 0.053576388888888896 0.1284143518518519
31 0.5731076388888889 0.5767418981481482 0.04414930555555561 0.12558449074074077
20 0.25515625000000003 0.4205729166666667 0.04482638888888886 0.12093749999999996
20 0.22050347222222225 0.4062905092592592 0.045538194444444444 0.11785300925925916
24 0.18338541666666666 0.3864178240740741 0.04154513888888887 0.11374421296296297
27 0.15097222222222223 0.3675694444444445 0.03689236111111112 0.1150636574074074
5 0.4855381944444444 0.5339641203703704 0.04640625000000007 0.12179976851851855
10 0.40506944444444437 0.49467592592592596 0.04644097222222214 0.12336226851851854
10 0.3688194444444445 0.47874999999999995 0.04409722222222223 0.12324074074074076
20 0.2907986111111111 0.4442708333333334 0.042482638888888855 0.12081597222222236
15 0.3293576388888889 0.458755787037037 0.043315972222222235 0.12320023148148138
5 0.4484548611111111 0.5156539351851851 0.045677083333333354 0.12410300925925917
34 0.3390798611111111 0.2641724537037037 0.06970486111111107 0.04653356481481481
2 0.15727430555555558 0.8969733796296296 0.06008680555555559 0.14045717592592588