6 0.020421006944444445 0.05589120370370371 0.04084201388888889 0.08723958333333334
30 0.4726273148148149 0.6571122685185186 0.04785879629629619 0.16146990740740746
32 0.15850694444444444 0.3043460648148148 0.044068287037037024 0.16297453703703707
22 0.21924189814814815 0.37992476851851853 0.04820601851851851 0.1661574074074073
17 0.254369212962963 0.41140046296296295 0.048379629629629585 0.16850115740740748
34 0.852199074074074 0.33699074074074076 0.10529513888888893 0.062430555555555586
5 0.39256365740740745 0.5685532407407408 0.050549768518518515 0.16619212962962954
26 0.3202256944444445 0.4915856481481482 0.04528356481481488 0.15831018518518505
21 0.5466724537037037 0.7426388888888888 0.055758101851851906 0.17329282407407404
32 0.18822337962962962 0.33512152777777776 0.04317129629629628 0.16140046296296298
0 0.4333043981481481 0.6085300925925926 0.046788194444444285 0.1575520833333332
23 0.3551215277777778 0.5261863425925926 0.050144675925925954 0.18179398148148138
24 0.5103009259259259 0.6963541666666666 0.054918981481481485 0.193570601851852
21 0.5933738425925925 0.7864293981481482 0.04875578703703702 0.1841145833333334
11 0.6374421296296295 0.8130902777777778 0.05451388888888893 0.14596064814814796