28 0.5484375 0.43125 0.040625 0.121875
11 0.3890625 0.54609375 0.04375 0.12890625
10 0.2609375 0.6578125 0.05546875 0.13515625
2 0.42890625 0.5171875 0.0484375 0.1234375
34 0.61875 0.36875 0.04765625 0.11953125
12 0.50703125 0.46015625 0.04453125 0.11484375
7 0.46875 0.48828125 0.03984375 0.12578125
31 0.58359375 0.40234375 0.0390625 0.1171875
29 0.18203125 0.253125 0.07109375 0.04609375
31 0.26875 0.12421875 0.053125 0.03984375
0 0.1625 0.72890625 0.06015625 0.146875
39 0.10390625 0.3 0.0625 0.0421875
24 0.6546875 0.34375 0.034375 0.11640625
12 0.24296875 0.10625 0.040625 0.04140625
26 0.21953125 0.278125 0.0625 0.04296875
1 0.30078125 0.61953125 0.05078125 0.12578125
11 0.09140625 0.415625 0.07265625 0.05859375
38 0.55078125 0.21875 0.0546875 0.05078125
5 0.21171875 0.6828125 0.03984375 0.13203125
6 0.346875 0.5765625 0.03984375 0.12265625