11 0.2950520833333333 0.5632986111111111 0.05791666666666666 0.13265624999999998
16 0.34104166666666663 0.5277604166666666 0.05817708333333336 0.12487847222222222
15 0.465625 0.43498263888888894 0.04979166666666668 0.12762152777777763
24 0.4236979166666667 0.46800347222222227 0.05182291666666661 0.12303819444444457
23 0.585 0.35022569444444446 0.05036458333333336 0.12453125000000007
23 0.6238020833333333 0.31734375 0.046666666666666676 0.12748263888888892
11 0.97265625 0.030056423611111112 0.04104166666666664 0.060112847222222224
20 0.5428124999999999 0.37546875 0.05124999999999993 0.12612847222222215
6 0.24578125 0.6013194444444444 0.06052083333333336 0.13666666666666671
24 0.38057291666666665 0.495625 0.05333333333333332 0.12232638888888889
15 0.5065625 0.40512152777777777 0.04494791666666664 0.1250694444444445
6 0.4200520833333334 0.2773263888888889 0.07411458333333343 0.06015625
34 0.054427083333333334 0.36368055555555556 0.07661458333333333 0.06260416666666666
30 0.18276041666666668 0.28475694444444444 0.0611979166666667 0.0416666666666667