20 0.73671875 0.39296875 0.04140625 0.16171875
10 0.97578125 0.05859375 0.03671875 0.090625
6 0.4625 0.66953125 0.04609375 0.17265625
5 0.61875 0.50078125 0.0390625 0.159375
27 0.5859375 0.5421875 0.04453125 0.153125
33 0.08515625 0.459375 0.10546875 0.05390625
10 0.66015625 0.46640625 0.04296875 0.16484375
25 0.4203125 0.71640625 0.0453125 0.18125
15 0.7015625 0.43125 0.03828125 0.1625
22 0.33359375 0.8125 0.0484375 0.184375
33 0.7734375 0.34765625 0.02890625 0.15546875
16 0.54453125 0.57734375 0.04296875 0.1609375
16 0.50703125 0.628125 0.04453125 0.1625
25 0.3765625 0.75859375 0.04609375 0.184375
12 0.28125 0.8390625 0.053125 0.12109375
38 0.8484375 0.27265625 0.034375 0.140625