11 0.285792824074074 0.36074652777777777 0.03810763888888893 0.10154513888888887
16 0.31707175925925923 0.3832986111111111 0.040451388888888926 0.10159722222222216
27 0.41608796296296297 0.44326388888888885 0.04143518518518512 0.10708333333333328
22 0.563773148148148 0.5316319444444444 0.04791666666666679 0.11347222222222228
30 0.45431134259259254 0.46362847222222225 0.04539930555555571 0.10873263888888882
21 0.34976851851851853 0.40197916666666667 0.03880208333333339 0.09921875
17 0.896238425925926 0.9090277777777779 0.07974537037037024 0.1508680555555557
29 0.22751736111111112 0.32588541666666665 0.03660300925925926 0.10307291666666671
20 0.6704861111111111 0.5886458333333333 0.054484953703703806 0.1222048611111111
2 0.48628472222222224 0.4838541666666666 0.04195601851851851 0.1000694444444445
36 0.6273726851851852 0.5627083333333334 0.041464120370370415 0.10786458333333329
24 0.3802372685185185 0.42373263888888885 0.040625 0.10628472222222225
12 0.5221354166666667 0.5033854166666667 0.04337384259259256 0.11727430555555554
6 0.25405092592592593 0.34677083333333336 0.035677083333333394 0.0991493055555555