22 0.544056712962963 0.6002546296296296 0.03984375 0.10574074074074069
7 0.2190798611111111 0.386082175925926 0.02761574074074069 0.08846643518518515
21 0.35325231481481484 0.47303240740740743 0.03239583333333336 0.0916261574074074
20 0.4185011574074074 0.5125868055555556 0.03807291666666668 0.09869791666666679
10 0.44754050925925926 0.534681712962963 0.03648726851851851 0.09790509259259253
25 0.5120081018518519 0.574230324074074 0.03975115740740733 0.10261574074074069
1 0.2736458333333333 0.41696180555555556 0.03154513888888886 0.08927662037037046
25 0.1630902777777778 0.3505034722222222 0.03090277777777777 0.09395833333333332
27 0.32807291666666666 0.45252893518518517 0.03081018518518519 0.09083333333333332
28 0.4774537037037037 0.5536574074074074 0.03722222222222218 0.09634837962962965
36 0.02089699074074074 0.059542824074074074 0.04016203703703704 0.09012152777777778
2 0.24749999999999997 0.4027025462962962 0.0314293981481482 0.08537037037037046
36 0.38468171296296294 0.4935821759259259 0.03313078703703702 0.09006944444444435
12 0.19463541666666667 0.3671469907407407 0.03067129629629628 0.08614583333333332
6 0.7062442129629629 0.34827546296296297 0.046238425925925954 0.03158564814814815
34 0.52578125 0.2148784722222222 0.04474537037037045 0.033917824074074066
35 0.8995081018518519 0.260625 0.0424016203703701 0.03390046296296294