2 0.4140625 0.44765625 0.03828125 0.0984375
22 0.48046875 0.4875 0.0390625 0.1078125
29 0.21796875 0.334375 0.03359375 0.1015625
38 0.515625 0.50703125 0.0390625 0.10703125
30 0.3796875 0.4265625 0.0390625 0.10625
21 0.31484375 0.390625 0.0328125 0.1015625
16 0.28203125 0.36953125 0.034375 0.10078125
6 0.24765625 0.35234375 0.0359375 0.1
12 0.44609375 0.46328125 0.0359375 0.11015625
17 0.8640625 0.88984375 0.071875 0.14765625
36 0.553125 0.52734375 0.0375 0.09921875
27 0.3421875 0.4046875 0.03671875 0.10390625
0 0.1859375 0.31953125 0.0296875 0.0984375
20 0.59296875 0.55078125 0.0484375 0.11796875