2 0.5496006944444444 0.5241319444444444 0.06248263888888879 0.1256134259259259
29 0.22484375 0.3952141203703704 0.04586805555555555 0.12007523148148139
2 0.5058333333333334 0.5092534722222222 0.052187500000000143 0.12196180555555554
28 0.4608506944444445 0.48664351851851856 0.05310763888888879 0.12512731481481473
28 0.42248263888888893 0.4730439814814815 0.05293402777777771 0.12122106481481473
17 0.09421874999999999 0.8790104166666666 0.07222222222222223 0.151840277777778
11 0.11670138888888888 0.35561342592592593 0.043315972222222235 0.11526620370370369
20 0.3013715277777778 0.42710069444444443 0.050729166666666714 0.12422453703703713
5 0.33895833333333336 0.44074074074074077 0.04515624999999997 0.12159722222222218
32 0.18569444444444444 0.38165509259259256 0.04906250000000001 0.12179976851851855
27 0.14960069444444443 0.36949652777777775 0.04569444444444448 0.11616898148148155
23 0.2631423611111111 0.4103761574074074 0.048524305555555536 0.12722800925925934
0 0.37946180555555553 0.45890624999999996 0.04906249999999997 0.12179976851851855
34 0.03854166666666667 0.3253703703703704 0.05769097222222223 0.12302662037037031
12 0.5493576388888888 0.2840740740740741 0.069670138888889 0.04180555555555561
12 0.6852777777777778 0.2598784722222222 0.04991319444444446 0.05325231481481483