29 0.53984375 0.4796875 0.053125 0.1265625
28 0.5828125 0.46015625 0.05078125 0.121875
23 0.4484375 0.51640625 0.05234375 0.1328125
28 0.665625 0.4296875 0.0515625 0.11796875
28 0.6234375 0.446875 0.05078125 0.1203125
26 0.49453125 0.50234375 0.04921875 0.12578125
2 0.8296875 0.36484375 0.05546875 0.1125
30 0.70859375 0.4140625 0.05078125 0.11875
10 0.30625 0.57734375 0.0578125 0.134375
30 0.75390625 0.3953125 0.0515625 0.11640625
20 0.40078125 0.5375 0.0546875 0.1296875
12 0.79375 0.3796875 0.0515625 0.1171875
15 0.35390625 0.55703125 0.05390625 0.1328125
25 0.37890625 0.11171875 0.03984375 0.10078125