17 0.46264467592592595 0.5621006944444444 0.05262152777777764 0.11220486111111114
22 0.3833564814814815 0.5258506944444445 0.05110532407407416 0.11291666666666664
16 0.5820601851851851 0.6180555555555556 0.05239583333333329 0.12154513888888889
17 0.42353009259259256 0.5463368055555555 0.05023148148148149 0.11131944444444439
25 0.3435069444444444 0.5108333333333334 0.050277777777777824 0.1121006944444444
7 0.5424826388888888 0.5944791666666667 0.050601851851851974 0.11756944444444457
26 0.1934375 0.45039930555555563 0.04453125 0.107170138888889
12 0.5019444444444444 0.5809895833333333 0.05662037037037031 0.11394097222222221
11 0.6227835648148148 0.6346701388888889 0.05781828703703695 0.12100694444444446
23 0.22855324074074074 0.4644270833333334 0.049542824074074066 0.11284722222222214
33 0.1601099537037037 0.42710069444444443 0.04241898148148149 0.11097222222222225
17 0.18774884259259256 0.8935069444444445 0.07989004629629629 0.15159722222222244
15 0.30765625 0.49755208333333334 0.05124421296296298 0.11526041666666664
15 0.2668865740740741 0.48015624999999995 0.04880787037037031 0.11359375000000008