21 0.6797222222222222 0.7409201388888889 0.03918402777777778 0.0571006944444445
12 0.3711284722222222 0.7546354166666667 0.040034722222222284 0.05869791666666657
34 0.5260590277777778 0.21598958333333335 0.02873263888888893 0.032465277777777767
10 0.48630208333333336 0.7596527777777778 0.04006944444444436 0.05947916666666657
34 0.49715277777777783 0.21727430555555555 0.0272743055555555 0.03473958333333336
17 0.40859375 0.7537499999999999 0.04020833333333336 0.06260416666666657
23 0.5638541666666667 0.7515277777777778 0.04092013888888886 0.061076388888889
21 0.6398090277777777 0.7442534722222222 0.03921874999999986 0.0578819444444445
36 0.46744791666666663 0.48213541666666665 0.03258680555555564 0.04901041666666668
30 0.7151215277777778 0.7338888888888888 0.03836805555555571 0.05628472222222207
15 0.5245138888888888 0.7595138888888889 0.03776041666666678 0.06015625
7 0.33291666666666664 0.7547743055555556 0.040850694444444446 0.059513888888889
29 0.4615798611111111 0.5439930555555555 0.03687500000000003 0.05777777777777775
35 0.5515625 0.2561805555555556 0.02574652777777775 0.03545138888888886
22 0.44755208333333335 0.7543576388888888 0.038541666666666606 0.06019097222222225
7 0.29388888888888887 0.7557291666666666 0.039288194444444445 0.0594444444444445
39 0.5338541666666666 0.4791840277777778 0.03180555555555564 0.048975694444444426
27 0.529079861111111 0.5339756944444444 0.033611111111111217 0.05451388888888893
6 0.602204861111111 0.748263888888889 0.038402777777777786 0.057065972222222074
2 0.25951388888888893 0.7572569444444445 0.044791666666666605 0.06046875000000007
23 0.5783680555555556 0.21444444444444444 0.02815972222222225 0.037118055555555515
39 0.4321527777777778 0.48682291666666666 0.03269097222222221 0.05135416666666668
1 0.42510416666666667 0.54015625 0.03354166666666671 0.05295138888888893
25 0.4722569444444444 0.21604166666666663 0.025815972222222074 0.03701388888888886
37 0.49873263888888886 0.4799652777777778 0.03251736111111114 0.0474479166666665
32 0.55265625 0.21402777777777776 0.02734375 0.03630208333333336
1 0.4953819444444445 0.25711805555555556 0.0274131944444445 0.037864583333333354
38 0.4408333333333333 0.25642361111111106 0.028229166666666573 0.03868055555555561
37 0.5782638888888888 0.25187499999999996 0.0288368055555555 0.034809027777777855
33 0.4938194444444445 0.5378819444444445 0.03286458333333329 0.05526041666666668
33 0.5258159722222222 0.25654513888888886 0.02581597222222225 0.03701388888888886
11 0.6128125000000001 0.03592013888888888 0.02234374999999993 0.029062500000000012
22 0.4696701388888888 0.2567013888888889 0.028229166666666573 0.03868055555555561
12 0.6553819444444444 0.3412326388888889 0.03947916666666664 0.04619791666666666
5 0.7973784722222221 0.25149305555555557 0.04489583333333336 0.027725694444444393
31 0.5642881944444444 0.47861111111111115 0.030277777777777716 0.049687499999999926
36 0.5985416666666666 0.49736111111111114 0.035069444444444466 0.05223958333333343
36 0.6232118055555556 0.4510416666666666 0.039270833333333324 0.04151041666666657
35 0.6732465277777777 0.44803819444444437 0.04626736111111107 0.04104166666666664
34 0.6223958333333334 0.41677083333333337 0.043645833333333425 0.03468750000000007
29 0.6716840277777777 0.4130208333333334 0.04442708333333343 0.03472222222222214
20 0.6567708333333334 0.38015625000000003 0.047517361111111 0.034079861111111144
31 0.6122743055555555 0.38135416666666666 0.04414930555555561 0.028472222222222232
22 0.6074479166666666 0.34960069444444447 0.0508506944444445 0.03890624999999996
27 0.6152256944444444 0.31494791666666666 0.04123263888888893 0.03302083333333332
24 0.6165451388888888 0.2852604166666667 0.0446006944444445 0.03862847222222223
39 0.39730902777777777 0.4462673611111111 0.040451388888888926 0.03298611111111107
11 0.40420138888888885 0.4139930555555555 0.042934027777777925 0.036215277777777645
21 0.3478125 0.41961805555555554 0.03987847222222225 0.037638888888889
35 0.3672743055555555 0.38522569444444443 0.03874999999999993 0.02979166666666666
27 0.4103472222222222 0.3809722222222222 0.03807291666666668 0.03210069444444441
41 0.41251736111111115 0.34968750000000004 0.03348958333333325 0.034236111111111175
33 0.4140451388888889 0.3153125 0.03967013888888893 0.03295138888888882
36 0.4185590277777778 0.2839236111111111 0.03083333333333336 0.027100694444444427
20 0.36802083333333335 0.35088541666666667 0.04510416666666668 0.03241319444444439
17 0.3750868055555555 0.31470486111111107 0.03064236111111107 0.04034722222222218
29 0.3790972222222222 0.2771006944444444 0.03807291666666668 0.0321006944444445
0 0.4696701388888888 0.2567013888888889 0.028229166666666573 0.03868055555555561