22 0.62109375 0.49921875 0.046875 0.1109375
27 0.4203125 0.57109375 0.04765625 0.11640625
17 0.546875 0.53046875 0.04609375 0.11328125
11 0.37734375 0.58984375 0.05078125 0.1203125
12 0.50078125 0.54453125 0.0515625 0.11171875
25 0.65859375 0.484375 0.04375 0.1125
7 0.45859375 0.55546875 0.0453125 0.11484375
17 0.58515625 0.51328125 0.04609375 0.11171875
26 0.7671875 0.44140625 0.03984375 0.11015625
31 0.6953125 0.4671875 0.040625 0.11015625
23 0.8015625 0.428125 0.03828125 0.11328125
17 0.86171875 0.890625 0.0734375 0.15078125
15 0.728125 0.453125 0.0421875 0.11484375
16 0.76171875 0.35078125 0.05625 0.08203125