21 0.6625 0.37578125 0.03046875 0.10390625
22 0.475 0.521875 0.03671875 0.1171875
38 0.54375 0.475 0.0328125 0.1046875
37 0.5703125 0.4453125 0.02890625 0.0890625
7 0.509375 0.49765625 0.03046875 0.1109375
15 0.63125 0.3984375 0.03125 0.10703125
37 0.603125 0.42265625 0.028125 0.0875
6 0.71796875 0.3296875 0.0265625 0.09921875
6 0.68984375 0.35390625 0.02890625 0.10078125
25 0.44140625 0.55390625 0.0359375 0.1234375
1 0.7484375 0.31328125 0.0265625 0.09765625
35 0.7984375 0.27265625 0.02421875 0.10078125
39 0.771875 0.2921875 0.02421875 0.09375
36 0.97421875 0.05390625 0.03359375 0.08203125