15 0.29296875 0.625 0.0390625 0.13046875
10 0.246875 0.66328125 0.04375 0.14140625
16 0.33671875 0.590625 0.05390625 0.12734375
12 0.72265625 0.30546875 0.0359375 0.11171875
6 0.97578125 0.05625 0.03515625 0.0859375
33 0.5390625 0.43515625 0.04296875 0.1296875
30 0.45390625 0.49296875 0.053125 0.12109375
27 0.4203125 0.528125 0.04765625 0.1234375
33 0.575 0.4046875 0.0359375 0.1203125
21 0.38203125 0.55078125 0.04296875 0.1296875
30 0.4953125 0.46171875 0.04609375 0.12109375
31 0.6125 0.378125 0.03125 0.11796875
5 0.20078125 0.69453125 0.03046875 0.13671875
41 0.6484375 0.353125 0.03203125 0.10390625
41 0.68515625 0.325 0.03359375 0.0984375
1 0.68046875 0.12890625 0.065625 0.0515625