2 0.6487673611111111 0.49737268518518524 0.04732638888888889 0.11593750000000007
2 0.6080208333333333 0.5179803240740741 0.04817708333333339 0.11750578703703703
33 0.5297222222222222 0.5576099537037036 0.047673611111111215 0.12375000000000007
6 0.4436805555555556 0.5957349537037037 0.051440972222222214 0.12065393518518519
37 0.8688020833333333 0.39655671296296297 0.03807291666666686 0.10103009259259252
1 0.3990277777777778 0.6163715277777777 0.05453124999999996 0.11989583333333335
41 0.7603993055555556 0.4457812499999999 0.0453819444444445 0.10733217592592581
0 0.5719270833333333 0.5393344907407407 0.046822916666666714 0.12218171296296312
38 0.6854687500000001 0.4799189814814815 0.04171875000000007 0.1127719907407407
41 0.7994444444444444 0.42831018518518515 0.04201388888888893 0.10184027777777782
39 0.8320659722222222 0.4147916666666667 0.038385416666666575 0.10806134259259252
33 0.485 0.5798090277777778 0.04934027777777779 0.126105324074074
2 0.8229513888888889 0.883454861111111 0.0663368055555555 0.13950810185185175
40 0.7214583333333333 0.4609085648148149 0.039704861111111 0.10260416666666679