32 0.5125 0.5265625 0.034375 0.1203125
12 0.79921875 0.290625 0.02421875 0.09140625
26 0.48046875 0.5609375 0.03671875 0.1203125
24 0.6359375 0.42109375 0.03203125 0.09921875
5 0.44765625 0.5859375 0.03359375 0.11953125
24 0.6078125 0.4453125 0.034375 0.103125
27 0.5734375 0.47421875 0.04609375 0.1078125
22 0.77265625 0.3078125 0.028125 0.103125
22 0.746875 0.33203125 0.02734375 0.10390625
31 0.82578125 0.2703125 0.0265625 0.10546875
11 0.66484375 0.39765625 0.02890625 0.1015625
1 0.69140625 0.3671875 0.01953125 0.10390625
1 0.71875 0.3515625 0.02578125 0.10625