2 0.42578125 0.55390625 0.05703125 0.12265625
29 0.75703125 0.4078125 0.040625 0.11796875
2 0.4703125 0.53671875 0.046875 0.11953125
28 0.51640625 0.51171875 0.04765625 0.12265625
28 0.55546875 0.49609375 0.04765625 0.11875
17 0.86640625 0.8859375 0.065625 0.1484375
11 0.8671875 0.3625 0.03828125 0.11328125
20 0.67890625 0.44375 0.0453125 0.121875
5 0.640625 0.459375 0.03984375 0.11953125
32 0.796875 0.3921875 0.04375 0.11953125
27 0.83359375 0.378125 0.040625 0.1140625
23 0.71796875 0.425 0.04296875 0.125
0 0.59921875 0.4796875 0.04375 0.11953125
34 0.946875 0.328125 0.05234375 0.1203125
12 0.43671875 0.31328125 0.06796875 0.03828125
12 0.3015625 0.29609375 0.04765625 0.05078125