25 0.49765625 0.54921875 0.04375 0.11953125
21 0.57734375 0.5015625 0.04140625 0.09765625
2 0.37578125 0.6078125 0.0515625 0.11640625
17 0.4546875 0.56640625 0.04609375 0.1234375
27 0.65625 0.4765625 0.0421875 0.1109375
28 0.5390625 0.52265625 0.04296875 0.10078125
27 0.69375 0.46328125 0.03828125 0.11171875
26 0.765625 0.434375 0.03828125 0.11640625
36 0.80078125 0.41875 0.03515625 0.10390625
20 0.728125 0.4484375 0.03984375 0.1140625
24 0.61796875 0.49375 0.04140625 0.1109375
36 0.83984375 0.40703125 0.03203125 0.0984375
7 0.41875 0.5875 0.04453125 0.1203125
37 0.81171875 0.32109375 0.05 0.090625
2 0.86484375 0.88828125 0.06953125 0.14296875