20 0.29929398148148145 0.4423090277777778 0.04762152777777775 0.1583043981481481
30 0.4960300925925926 0.6429108796296296 0.054195601851851904 0.16942708333333342
25 0.20600115740740738 0.3285648148148148 0.06745370370370374 0.1690393518518519
16 0.6877488425925925 0.8061284722222222 0.06002893518518526 0.1555497685185184
33 0.45093750000000005 0.5988946759259259 0.04569444444444457 0.17229745370370378
24 0.6384085648148148 0.7770949074074075 0.049120370370370384 0.18254629629629626
15 0.3309664351851852 0.48203125 0.04063657407407408 0.15965856481481477
23 0.26458912037037036 0.40580439814814817 0.043026620370370416 0.16129050925925928
31 0.9277893518518517 0.4361979166666667 0.10111689814814824 0.06700231481481485
16 0.7423726851851852 0.82875 0.051880787037037024 0.09130208333333342
27 0.5900289351851852 0.7277025462962963 0.03822337962962976 0.15724537037037045
27 0.5433275462962963 0.6821701388888888 0.039855324074074085 0.15963541666666678
17 0.40743055555555563 0.555613425925926 0.04119212962962955 0.17840856481481496
22 0.3679456018518518 0.5161226851851852 0.0370081018518519 0.16891782407407413
17 0.927488425925926 0.5316030092592593 0.08901041666666672 0.07991319444444436
39 0.8519502314814815 0.4892708333333333 0.0713831018518519 0.06456018518518522
39 0.8187094907407408 0.42300925925925925 0.050839120370370236 0.05614583333333325
24 0.7427604166666667 0.2876388888888889 0.07245949074074076 0.04820023148148156
41 0.7885185185185184 0.32772569444444444 0.05451388888888893 0.04844907407407408
36 0.811712962962963 0.2660474537037037 0.05442129629629626 0.045324074074074086
32 0.8612384259259258 0.3013310185185185 0.09217592592592609 0.05502893518518519
0 0.9075925925925926 0.3351446759259259 0.0703009259259261 0.05438078703703706
38 0.9570717592592594 0.36886574074074074 0.0656365740740739 0.05502314814814815
26 0.88125 0.39613425925925927 0.07997685185185191 0.0648148148148148
15 0.842476851851852 0.3542766203703704 0.07025462962962976 0.05281828703703706
20 0.9671759259259259 0.47389467592592593 0.06564814814814816 0.059392361111111035
36 0.7744849537037037 0.1443865740740741 0.04975694444444443 0.04596643518518517