2 0.6642187500000001 0.3903645833333333 0.03513888888888879 0.08958333333333339
25 0.4479861111111111 0.54109375 0.042760416666666676 0.10333333333333332
22 0.37718749999999995 0.5917708333333334 0.045486111111111074 0.11208333333333335
27 0.6376736111111111 0.40927083333333336 0.03446180555555571 0.09187499999999993
7 0.6955208333333334 0.3695833333333333 0.031475694444444355 0.09479166666666669
28 0.48173611111111114 0.5178125 0.04027777777777786 0.10005208333333329
36 0.5758159722222222 0.4515625 0.035920138888888786 0.08963541666666668
10 0.5130381944444444 0.49703125000000004 0.037864583333333354 0.09833333333333343
25 0.4132118055555556 0.5698958333333334 0.04293402777777775 0.10723958333333332
7 0.7212152777777778 0.3522916666666666 0.029774305555555537 0.09156250000000003
21 0.6110590277777778 0.4297395833333333 0.03534722222222229 0.09427083333333322
20 0.54359375 0.4755208333333334 0.03878472222222236 0.10151041666666671
12 0.7494965277777779 0.32937500000000003 0.029635416666666713 0.08843750000000003
36 0.9747743055555557 0.018802083333333337 0.03982638888888914 0.037604166666666675