22 0.38936921296296295 0.4726736111111111 0.05351851851851848 0.12097222222222222
22 0.42870370370370364 0.4880902777777777 0.05193287037037031 0.12012152777777771
17 0.4663368055555555 0.5082638888888888 0.051290509259259306 0.12477430555555565
31 0.2809027777777778 0.42053819444444446 0.04802662037037031 0.11994791666666664
31 0.31787037037037036 0.4368402777777778 0.04568287037037031 0.11984375000000007
2 0.5481770833333333 0.5373958333333333 0.05981481481481481 0.12281250000000003
28 0.3516666666666667 0.45484375000000005 0.05190972222222223 0.11934027777777771
23 0.1413252314814815 0.3651041666666667 0.047245370370370354 0.1199131944444444
20 0.17282407407407407 0.38164930555555554 0.04717592592592594 0.11756944444444448
31 0.24692129629629628 0.4087847222222222 0.0480266203703704 0.11994791666666664
7 0.5103356481481482 0.5242534722222223 0.05687500000000014 0.12892361111111122
39 0.10362268518518518 0.34727430555555555 0.03603009259259258 0.11005208333333334
15 0.21068865740740744 0.3940104166666667 0.04809606481481481 0.12229166666666665
17 0.10952546296296298 0.8853645833333333 0.07232060185185185 0.14989583333333342
12 0.2920196759259259 0.22967013888888888 0.06351851851851853 0.03715277777777777