10 0.5785590277777778 0.6252430555555556 0.04296875 0.10576388888888885
23 0.5107175925925926 0.5763136574074074 0.037384259259259166 0.10181712962962966
23 0.47725694444444444 0.5541956018518519 0.03338541666666668 0.09866319444444435
15 0.5450057870370371 0.6 0.039704861111111 0.1010532407407407
16 0.38089699074074074 0.4917766203703703 0.041012731481481525 0.09247106481481496
11 0.41194444444444445 0.5115335648148148 0.042621527777777855 0.09404513888888885
27 0.2685416666666667 0.41674189814814816 0.027662037037037023 0.09002893518518515
5 0.6158333333333333 0.6442650462962962 0.03674189814814817 0.10649884259259253
6 0.44306134259259267 0.5336342592592592 0.03637152777777786 0.09399884259259253
21 0.35299768518518515 0.4728240740740741 0.032465277777777767 0.0939699074074074
20 0.9663946759259259 0.2703819444444444 0.05393518518518512 0.027737268518518477
29 0.8564525462962964 0.3031539351851852 0.06181712962962962 0.030138888888888892
21 0.324224537037037 0.4507407407407408 0.026857638888888858 0.08924189814814802
24 0.29485532407407405 0.43490162037037033 0.023825231481481524 0.09234375000000003
33 0.24064236111111112 0.3977893518518519 0.023802083333333356 0.09156250000000003
10 0.21189236111111107 0.3764872685185185 0.03184606481481485 0.09943287037037037