2 0.9264756944444444 0.33746527777777774 0.06741319444444435 0.1659548611111111
7 0.8593229166666667 0.33526041666666667 0.089340277777778 0.2558159722222223
22 0.7853472222222222 0.33743055555555557 0.09208333333333325 0.24736111111111106
25 0.7145138888888889 0.3225868055555556 0.09217013888888896 0.2668576388888889
28 0.6401215277777779 0.31538194444444445 0.07986111111111108 0.2530555555555555
34 0.5697395833333333 0.31069444444444444 0.08645833333333339 0.2611458333333333
34 0.49887152777777777 0.29506944444444444 0.0781944444444445 0.25064236111111116
6 0.42833333333333334 0.30440972222222223 0.08237847222222232 0.25706597222222216
24 0.35479166666666667 0.29880208333333336 0.08673611111111112 0.26739583333333333
24 0.27979166666666666 0.29546875 0.07520833333333332 0.2536284722222223
33 0.21104166666666666 0.29241319444444447 0.08960069444444443 0.27921875000000007
23 0.1373090277777778 0.30005208333333333 0.09475694444444445 0.27243055555555556
26 0.063125 0.2975347222222222 0.09958333333333333 0.275763888888889
39 0.8857465277777777 0.8434809027777778 0.12060763888888885 0.3130381944444444
36 0.9567534722222222 0.8561588541666666 0.08649305555555564 0.28768229166666687
37 0.7233159722222222 0.8419444444444444 0.10946180555555554 0.3161111111111111
41 0.6405381944444445 0.8391883680555555 0.10423611111111111 0.321623263888889
37 0.5590798611111112 0.8341145833333334 0.09972222222222235 0.33177083333333324
38 0.4754513888888889 0.8323003472222222 0.09574652777777785 0.3353993055555556
1 0.3910763888888889 0.8299739583333334 0.10128472222222218 0.34005208333333314
1 0.3074826388888889 0.8274522569444445 0.10842013888888893 0.34509548611111107
1 0.22385416666666663 0.8257031250000001 0.11612847222222218 0.34859374999999987
41 0.8039409722222223 0.8435069444444444 0.08791666666666664 0.2939583333333335