16 0.5671701388888889 0.5058738425925926 0.06466435185185179 0.1262326388888889
25 0.3897337962962963 0.5076851851851851 0.05512731481481481 0.1206944444444444
25 0.33350694444444445 0.5064872685185186 0.055885416666666646 0.11991898148148153
32 0.22422453703703704 0.5025520833333333 0.06631944444444446 0.12936921296296297
11 0.6225462962962963 0.5094097222222222 0.06452546296296298 0.12154513888888889
41 0.7342418981481481 0.5110185185185185 0.07470486111111115 0.12240162037037035
17 0.444513888888889 0.5049652777777778 0.05740162037037031 0.11836805555555543
22 0.37677083333333333 0.31223379629629633 0.0507118055555555 0.10347800925925928
34 0.4720138888888889 0.3152835648148148 0.052297453703703665 0.10427083333333335
22 0.326724537037037 0.31342592592592594 0.05471064814814817 0.10663194444444439
34 0.5705902777777778 0.3113252314814815 0.057650462962962834 0.10040509259259256
34 0.5234606481481482 0.3195717592592593 0.055607638888889 0.11054398148148152
12 0.5022569444444445 0.5077372685185185 0.060549768518518475 0.11917245370370359
22 0.4251620370370371 0.31415509259259256 0.04945023148148149 0.11362268518518519
41 0.6811863425925926 0.5082812499999999 0.062297453703703806 0.12543402777777785
15 0.2820138888888889 0.5037615740740741 0.05354166666666664 0.1199016203703703