2 0.03515625 0.30625 0.0578125 0.24453125
7 0.0984375 0.3078125 0.05390625 0.246875
22 0.1578125 0.30859375 0.06015625 0.24140625
25 0.2171875 0.30625 0.0578125 0.24453125
28 0.278125 0.30234375 0.0609375 0.24375
34 0.340625 0.2921875 0.06015625 0.23359375
34 0.4015625 0.2875 0.0578125 0.23671875
1 0.46171875 0.28671875 0.0578125 0.2421875
1 0.521875 0.2859375 0.06015625 0.259375
6 0.5828125 0.27890625 0.0578125 0.25703125
24 0.6421875 0.2734375 0.059375 0.2640625
24 0.7046875 0.275 0.05625 0.25703125
33 0.76640625 0.275 0.05546875 0.2546875
5 0.83125 0.28203125 0.05625 0.26484375
23 0.8953125 0.28125 0.059375 0.25859375
26 0.95546875 0.27890625 0.0671875 0.24765625
36 0.1234375 0.8140625 0.08125 0.29765625
39 0.19609375 0.78671875 0.059375 0.24296875
41 0.2609375 0.80625 0.06171875 0.2234375
41 0.40390625 0.78828125 0.06328125 0.22890625
37 0.32890625 0.8015625 0.05703125 0.22734375
37 0.471875 0.80078125 0.05546875 0.2359375
38 0.54453125 0.815625 0.071875 0.3625