23 0.6827777777777777 0.6029340277777778 0.08262152777777772 0.43796875000000013
0 0.9026215277777778 0.6002083333333333 0.08520833333333329 0.44354166666666683
20 0.7534375000000001 0.5723958333333333 0.08805555555555564 0.4725173611111112
10 0.8268923611111111 0.5871354166666667 0.08300347222222229 0.4465624999999999
39 0.9653038194444445 0.6072048611111112 0.069392361111111 0.4514236111111112
29 0.6139409722222222 0.5864236111111111 0.10019097222222229 0.44732638888888887
6 0.5335243055555555 0.5735590277777778 0.08923611111111107 0.4639930555555555
11 0.46234374999999994 0.5923784722222223 0.09276041666666668 0.45557291666666655
24 0.3864236111111111 0.5926215277777778 0.08869791666666664 0.4694270833333333
33 0.3130902777777778 0.5982291666666667 0.08064236111111107 0.4636111111111109
22 0.23914930555555552 0.6077777777777779 0.08576388888888893 0.4560416666666667
28 0.16331597222222222 0.6275868055555556 0.08758680555555558 0.4795138888888889
28 0.07802083333333334 0.6634722222222222 0.07793402777777776 0.4728472222222221