7 0.046875 0.68125 0.05390625 0.4609375
17 0.10625 0.66640625 0.0609375 0.41328125
17 0.16953125 0.63984375 0.06015625 0.415625
32 0.58984375 0.57578125 0.05 0.4578125
11 0.7109375 0.55078125 0.0671875 0.47890625
21 0.83046875 0.55546875 0.0625 0.46796875
25 0.23046875 0.6328125 0.04765625 0.465625
28 0.28984375 0.64140625 0.0671875 0.46484375
20 0.41171875 0.603125 0.0625 0.4734375
23 0.47109375 0.59296875 0.046875 0.4453125
26 0.53203125 0.5953125 0.05078125 0.44140625
16 0.771875 0.55859375 0.059375 0.44609375
30 0.8890625 0.5453125 0.07109375 0.44765625
33 0.9578125 0.53828125 0.0609375 0.46484375
31 0.353125 0.60078125 0.05234375 0.4765625
6 0.6515625 0.56640625 0.05 0.4421875