21 0.6705150462962963 0.17805555555555555 0.08246527777777786 0.12622685185185184
31 0.5440104166666666 0.20577546296296298 0.07815393518518512 0.09952546296296294
14 0.1449074074074074 0.3538773148148148 0.07280092592592595 0.14276620370370371
6 0.28585069444444444 0.4777546296296296 0.08287037037037041 0.15269675925925927
16 0.7272569444444444 0.15758101851851852 0.08648726851851851 0.12802083333333333
34 0.4802951388888889 0.22588541666666667 0.08026620370370381 0.09653935185185185
7 0.4971643518518519 0.4076736111111111 0.07589699074074083 0.15306134259259263
6 0.3558159722222222 0.4572743055555556 0.07554976851851851 0.14837384259259262
11 0.789525462962963 0.13600115740740742 0.08900462962962977 0.13050347222222225
6 0.20978009259259256 0.5071527777777778 0.08376736111111108 0.1543055555555556
36 0.3517939814814815 0.2700578703703703 0.08287037037037041 0.11069444444444443
36 0.41796875 0.2482465277777778 0.08017939814814809 0.1058680555555556
28 0.6028645833333333 0.18828703703703703 0.07771990740740745 0.1041666666666667
16 0.5620659722222221 0.3820486111111111 0.07566550925925916 0.14993634259259264
36 0.28718171296296297 0.2917766203703704 0.08035300925925926 0.10821180555555561
16 0.6313078703703704 0.36083333333333334 0.07416087962962976 0.15062499999999995
12 0.428587962962963 0.43040509259259263 0.07800925925925917 0.15007523148148144
3 0.21475694444444443 0.31395833333333334 0.07589699074074074 0.11105902777777779