31 0.409375 0.2765625 0.1046875 0.17578125
31 0.50078125 0.2453125 0.10546875 0.17890625
31 0.32421875 0.321875 0.11015625 0.1890625
11 0.18671875 0.76796875 0.10390625 0.30234375
7 0.29140625 0.7140625 0.08984375 0.31015625
41 0.95234375 0.425 0.09140625 0.26171875
37 0.859375 0.46875 0.0875 0.259375
22 0.38984375 0.6734375 0.103125 0.2984375
11 0.07734375 0.80703125 0.090625 0.33125
22 0.49296875 0.61796875 0.0890625 0.28828125
25 0.584375 0.5765625 0.08515625 0.296875
34 0.67734375 0.53125 0.08828125 0.296875
37 0.76875 0.4921875 0.08046875 0.2953125