23 0.7994965277777778 0.5812673611111111 0.0925405092592591 0.18602430555555555
20 0.8928125 0.6088368055555555 0.1012037037037036 0.19109374999999992
21 0.1369386574074074 0.3371180555555555 0.0687210648148148 0.15920138888888893
6 0.5554166666666667 0.49546875 0.08132523148148145 0.16678819444444457
27 0.07493055555555556 0.31484375 0.07663773148148148 0.16657986111111106
15 0.7116145833333333 0.5515972222222223 0.08148726851851862 0.17772569444444458
2 0.47929976851851847 0.46944444444444444 0.07975115740740754 0.16593750000000007
23 0.26811342592592596 0.39057291666666666 0.08442708333333329 0.16536458333333331
2 0.40866319444444443 0.4444444444444445 0.07887731481481489 0.1596527777777778
23 0.3380034722222222 0.4178819444444445 0.08523148148148145 0.16696180555555545
20 0.20299189814814814 0.3689409722222222 0.07498263888888897 0.16026041666666666
1 0.6347511574074074 0.5278819444444445 0.08841435185185187 0.17100694444444448