6 0.28984375 0.7390625 0.075 0.31875
24 0.584375 0.68515625 0.06953125 0.2984375
11 0.3640625 0.734375 0.06953125 0.309375
33 0.87265625 0.62421875 0.0578125 0.3078125
16 0.43671875 0.70703125 0.06953125 0.30625
7 0.1359375 0.7859375 0.075 0.3109375
7 0.06015625 0.79921875 0.06953125 0.30859375
16 0.5109375 0.70390625 0.0734375 0.31484375
8 0.4265625 0.22265625 0.065625 0.2703125
27 0.659375 0.671875 0.05703125 0.30625
27 0.73125 0.65546875 0.05390625 0.309375
30 0.8046875 0.64453125 0.07265625 0.3109375
33 0.946875 0.6109375 0.0578125 0.303125
28 0.21171875 0.77109375 0.071875 0.3078125