37 0.65078125 0.21640625 0.10703125 0.15625
34 0.87578125 0.4515625 0.08828125 0.2671875
37 0.7375 0.178125 0.11484375 0.1640625
8 0.4703125 0.2875 0.134375 0.1734375
37 0.5640625 0.24921875 0.115625 0.1640625
21 0.18984375 0.7578125 0.10546875 0.29921875
33 0.68203125 0.53125 0.0890625 0.2640625
30 0.5890625 0.57421875 0.0984375 0.2703125
34 0.7828125 0.4890625 0.1046875 0.2796875
1 0.075 0.79296875 0.10625 0.2921875
24 0.290625 0.71484375 0.08828125 0.2921875
27 0.39296875 0.665625 0.0875 0.27890625
27 0.49375 0.60859375 0.0828125 0.2921875
35 0.95625 0.3953125 0.07109375 0.2625