40 0.5469560185185185 0.2983506944444444 0.09261574074074072 0.28312499999999996
40 0.4525520833333333 0.24440393518518516 0.10229166666666671 0.2938368055555555
12 0.7654687499999999 0.8034027777777778 0.10436921296296298 0.3376331018518517
40 0.6461631944444445 0.3564814814814815 0.12159143518518505 0.18189814814814814
17 0.6638599537037037 0.7958217592592592 0.09589120370370381 0.34103009259259254
7 0.861400462962963 0.8036284722222222 0.10299768518518526 0.370306712962963
38 0.08717013888888889 0.7047164351851851 0.10289930555555556 0.34066550925925937
20 0.17575231481481482 0.7201041666666667 0.10384259259259258 0.3461805555555554
17 0.5651678240740741 0.7813946759259259 0.09655671296296298 0.3371701388888887
2 0.9571889467592593 0.828515625 0.08562210648148146 0.34296875
21 0.2758217592592593 0.7283738425925926 0.09848958333333328 0.34976273148148157
6 0.4672569444444445 0.7670138888888889 0.09671875000000014 0.3426388888888887
11 0.36865740740740743 0.7557118055555556 0.09890624999999993 0.3638252314814814