6 0.03984375 0.6671875 0.04609375 0.5390625
6 0.1015625 0.6578125 0.05234375 0.5953125
11 0.165625 0.653125 0.0546875 0.54765625
16 0.22578125 0.6265625 0.05 0.58203125
21 0.2875 0.6046875 0.05625 0.56328125
21 0.34609375 0.6046875 0.05625 0.56328125
21 0.40859375 0.584375 0.0578125 0.5359375
24 0.46875 0.5828125 0.059375 0.56953125
0 0.53046875 0.5671875 0.0578125 0.56328125
23 0.5890625 0.559375 0.0546875 0.521875
23 0.6484375 0.559375 0.059375 0.534375
29 0.7109375 0.5515625 0.0640625 0.53125
12 0.77265625 0.57734375 0.05625 0.53125
28 0.8375 0.56015625 0.0640625 0.5359375
31 0.89765625 0.56015625 0.06328125 0.5359375
34 0.9578125 0.55546875 0.06875 0.5390625