24 0.7801678240740741 0.37008680555555556 0.07146412037037049 0.15921874999999996
17 0.4760590277777778 0.4728298611111111 0.06813657407407411 0.15524305555555565
31 0.5983969907407407 0.43644097222222217 0.06607638888888889 0.16065972222222236
17 0.4113599537037037 0.4987673611111111 0.07035879629629634 0.15295138888888893
21 0.7241435185185185 0.3946527777777778 0.06607638888888889 0.1606597222222222
28 0.5378472222222223 0.45777777777777773 0.06701967592592588 0.1638020833333334
34 0.660630787037037 0.41279513888888886 0.0692013888888889 0.16072916666666667
36 0.1340162037037037 0.5981944444444445 0.08145833333333333 0.1563194444444445
33 0.8404340277777778 0.35421874999999997 0.07298611111111128 0.1584722222222222
12 0.3452604166666667 0.5215451388888889 0.06982060185185182 0.15762152777777771
5 0.2764525462962963 0.5513020833333333 0.07335069444444446 0.16550347222222223
33 0.8978587962962962 0.3328125 0.06920138888888872 0.16072916666666667
10 0.20414351851851853 0.5731597222222222 0.07828125000000004 0.17029513888888878
20 0.9503530092592593 0.3159895833333334 0.07072337962962968 0.15998263888888892
9 0.6505555555555556 0.19982638888888887 0.06993634259259256 0.11470486111111108
36 0.0631886574074074 0.6216493055555555 0.08376157407407407 0.15559027777777779
8 0.5918518518518519 0.21572916666666667 0.060063657407407336 0.11994791666666664