36 0.41765625 0.46382523148148147 0.07328124999999996 0.10509259259259256
29 0.54578125 0.45592592592592585 0.07052083333333332 0.11046875000000007
7 0.6132291666666667 0.2980844907407407 0.06515625000000007 0.08847800925925924
22 0.5795833333333332 0.6939583333333333 0.08171874999999992 0.11469907407407405
25 0.49859375000000006 0.6954571759259259 0.08442708333333329 0.12023726851851854
21 0.615625 0.46267361111111105 0.07145833333333336 0.11283564814814824
33 0.35036458333333337 0.4368807870370371 0.07494791666666671 0.13009259259259257
39 0.4803645833333333 0.4571064814814815 0.06895833333333332 0.11042245370370374
5 0.6554166666666668 0.6852893518518519 0.08354166666666671 0.11865162037037039
21 0.4391145833333333 0.29448495370370364 0.06468750000000015 0.09314236111111107
1 0.6830729166666666 0.4685706018518518 0.07927083333333336 0.11306712962962955
16 0.3846354166666667 0.29598958333333336 0.058541666666666624 0.09451967592592592
2 0.55765625 0.29487847222222224 0.06421874999999985 0.08611111111111107
8 0.73859375 0.30725694444444446 0.07177083333333342 0.10582754629629632
24 0.32177083333333334 0.28866898148148146 0.06135416666666664 0.0899247685185185
4 0.6765104166666667 0.29995949074074074 0.0703125 0.09564814814814815
12 0.49906249999999996 0.29314236111111114 0.06510416666666678 0.08769675925925924
0 0.7311979166666667 0.6875347222222222 0.07453125000000008 0.11214699074074072