37 0.46015625 0.54140625 0.0703125 0.2671875
38 0.140625 0.74765625 0.08359375 0.31796875
23 0.88515625 0.29453125 0.06875 0.2703125
38 0.04921875 0.81640625 0.09453125 0.3359375
20 0.81953125 0.33359375 0.07265625 0.259375
26 0.94375 0.25625 0.0546875 0.26796875
40 0.2234375 0.6921875 0.0765625 0.28125
41 0.3015625 0.64296875 0.07109375 0.25390625
35 0.38046875 0.584375 0.0671875 0.2796875
7 0.5328125 0.5 0.053125 0.2546875
25 0.6015625 0.446875 0.0609375 0.2828125
25 0.67421875 0.4140625 0.0640625 0.26484375
15 0.74609375 0.3640625 0.05625 0.26015625