34 0.4955208333333333 0.4969039351851851 0.06043402777777782 0.11582754629629619
17 0.22647569444444446 0.5229166666666667 0.07151041666666665 0.11976273148148149
22 0.2791840277777778 0.5174768518518519 0.06671874999999998 0.11707175925925917
41 0.12003472222222222 0.528269675925926 0.06793402777777775 0.109375
25 0.33512152777777776 0.5146122685185185 0.0645833333333334 0.1215856481481481
15 0.6523263888888888 0.4859375 0.056493055555555574 0.11475694444444447
26 0.8092361111111112 0.4773148148148148 0.05666666666666664 0.11866319444444447
28 0.38687499999999997 0.5052083333333334 0.06298611111111105 0.12068865740740727
15 0.7043229166666667 0.4820023148148148 0.05336805555555557 0.11452546296296298
5 0.6018923611111111 0.48998842592592595 0.05336805555555557 0.11452546296296298
41 0.17309027777777777 0.5306423611111111 0.07243055555555555 0.12294560185185191
7 0.9124479166666667 0.469386574074074 0.05598958333333357 0.12094907407407404
0 0.549045138888889 0.4923032407407407 0.04989583333333343 0.10648148148148148
37 0.5643750000000001 0.9751736111111111 0.025763888888888788 0.04965277777777786
28 0.44270833333333337 0.5 0.05986111111111114 0.12045717592592595
2 0.8603819444444444 0.47175925925925927 0.050572916666666856 0.10419560185185191
20 0.7563194444444444 0.4780671296296296 0.04921875 0.10876736111111107