37 0.7134722222222222 0.5250347222222222 0.07498842592592592 0.12184027777777776
21 0.2299537037037037 0.4525 0.06593749999999998 0.12788194444444442
37 0.7764293981481482 0.5326909722222222 0.07835648148148167 0.12659722222222225
31 0.6537210648148148 0.5158854166666667 0.07461226851851847 0.12963541666666673
16 0.2920486111111111 0.4617013888888889 0.06507523148148149 0.1263020833333334
21 0.1685185185185185 0.4456597222222222 0.06519675925925927 0.1286458333333334
36 0.8370428240740739 0.5402951388888889 0.07831597222222228 0.12581597222222224
2 0.4131539351851852 0.47925347222222225 0.07062500000000008 0.1279861111111112
25 0.5916261574074074 0.5066840277777778 0.07453125000000008 0.1280729166666667
22 0.5326157407407408 0.49833333333333335 0.07296875000000007 0.12803819444444448
41 0.8967939814814816 0.5494444444444444 0.07803240740740733 0.12034722222222224
16 0.11341435185185185 0.4373958333333333 0.06667824074074073 0.12711805555555547
12 0.47118055555555555 0.49149305555555556 0.07214699074074069 0.12723958333333343
11 0.34855324074074073 0.473125 0.06195023148148149 0.1262326388888889
24 0.05546875 0.42359375000000005 0.05031249999999998 0.12753472222222229
10 0.6383275462962963 0.9183506944444446 0.06855324074074076 0.14822916666666686