1 0.03984375 0.5875 0.0765625 0.7453125
16 0.28359375 0.50859375 0.06796875 0.7703125
27 0.46171875 0.46015625 0.06171875 0.77734375
16 0.34609375 0.4875 0.06875 0.76796875
33 0.5203125 0.45 0.06015625 0.76640625
11 0.221875 0.53046875 0.0703125 0.77578125
24 0.40234375 0.4640625 0.06171875 0.76484375
7 0.6390625 0.45390625 0.065625 0.78203125
5 0.821875 0.47109375 0.07109375 0.79296875
6 0.1625 0.54609375 0.071875 0.77578125
34 0.7640625 0.4546875 0.071875 0.78671875
20 0.884375 0.46484375 0.07109375 0.7984375
33 0.5796875 0.45078125 0.0609375 0.76796875
34 0.70078125 0.45078125 0.065625 0.7734375
1 0.10078125 0.55546875 0.071875 0.7734375
26 0.9484375 0.48515625 0.07578125 0.7625