32 0.5765625 0.603125 0.10546875 0.2234375
32 0.665625 0.56328125 0.1015625 0.2171875
26 0.48359375 0.65390625 0.09921875 0.21875
40 0.75078125 0.5203125 0.10546875 0.21328125
23 0.39140625 0.69921875 0.10234375 0.22109375
39 0.30078125 0.7375 0.10234375 0.18984375
41 0.47890625 0.25703125 0.10078125 0.15625
39 0.1921875 0.79375 0.1015625 0.1921875
39 0.09453125 0.8390625 0.10859375 0.19375
41 0.565625 0.2296875 0.096875 0.1453125
41 0.39140625 0.28984375 0.09765625 0.15703125
37 0.9265625 0.45859375 0.1 0.18203125
36 0.83828125 0.49453125 0.07578125 0.19609375