1 0.10098958333333333 0.7969270833333333 0.10094328703703707 0.2701909722222222
11 0.27063657407407404 0.7538194444444445 0.09869212962962966 0.27164930555555566
21 0.6420543981481481 0.6705902777777778 0.08207754629629634 0.21480902777777794
16 0.5651157407407407 0.6476909722222223 0.08530671296296291 0.24300347222222224
6 0.18494212962962964 0.7803993055555556 0.09786458333333332 0.27083333333333337
24 0.7202488425925926 0.7278298611111111 0.08121527777777793 0.239704861111111
8 0.8291377314814815 0.25112847222222223 0.07126736111111107 0.1901736111111111
33 0.6279513888888889 0.15647569444444445 0.07485532407407405 0.19812500000000002
3 0.8948726851851851 0.29534722222222226 0.07191550925925938 0.2011111111111111
27 0.8992650462962963 0.7770833333333333 0.08612847222222228 0.23057291666666657
33 0.7606481481481481 0.2130208333333333 0.0692418981481481 0.1822916666666666
11 0.3643402777777778 0.7572048611111111 0.07817708333333337 0.22788194444444443
11 0.45118634259259255 0.7369097222222222 0.07758101851851862 0.2309722222222222
24 0.8280671296296296 0.7458680555555556 0.07192708333333328 0.2276041666666666
30 0.9684968171296295 0.7842534722222222 0.06300636574074084 0.2268229166666668
33 0.6971238425925925 0.1798090277777778 0.06855902777777771 0.1970659722222222
18 0.9593518518518518 0.3052256944444444 0.07027199074074061 0.2259722222222223