41 0.49878472222222214 0.8128645833333333 0.07971643518518512 0.10015624999999986
25 0.5061921296296296 0.6280729166666668 0.07824074074074083 0.09072916666666657
23 0.500925925925926 0.7203645833333333 0.08009259259259274 0.0947395833333335
5 0.5125578703703704 0.37255208333333334 0.07728587962962977 0.08833333333333329
33 0.5127893518518519 0.5390104166666666 0.07957175925925916 0.08770833333333332
6 0.4963541666666666 0.9092708333333335 0.08067129629629619 0.10255208333333314
19 0.5245081018518519 0.200625 0.07540509259259273 0.09442708333333334
14 0.5125578703703704 0.45734375 0.07326388888888893 0.08651041666666667
16 0.5335069444444445 0.1109375 0.07957175925925916 0.08770833333333332
28 0.4930555555555555 0.9761588541666667 0.08035300925925917 0.04768229166666664
4 0.520775462962963 0.2828125 0.07696759259259256 0.09453125