34 0.537818287037037 0.4724479166666667 0.0984375 0.12725694444444446
38 0.2802662037037037 0.8047337962962964 0.1671585648148149 0.1902488425925924
32 0.4095775462962963 0.7717534722222222 0.13793402777777786 0.16035300925925924
37 0.5465856481481481 0.19355324074074073 0.10011574074074084 0.1303935185185185
39 0.5319155092592592 0.7372627314814816 0.10847800925925935 0.1452951388888888
21 0.42068865740740746 0.619369212962963 0.12008101851851852 0.1422569444444445
1 0.5428530092592593 0.3365104166666667 0.10005787037037042 0.12883101851851855
15 0.43214699074074076 0.18346643518518518 0.12225115740740744 0.15867476851851853
10 0.4362268518518519 0.32636574074074076 0.11993634259259274 0.1383506944444445
31 0.42748842592592595 0.47795138888888894 0.12149884259259255 0.1383622685185184
24 0.5322627314814815 0.6013599537037038 0.09849537037037041 0.12881944444444446