9 0.21036458333333333 0.5798900462962964 0.11895833333333332 0.12195601851851841
28 0.5494791666666667 0.4569155092592593 0.10135416666666668 0.13886574074074076
20 0.41937499999999994 0.5775231481481482 0.11984375000000007 0.08840856481481474
29 0.39380208333333333 0.46319444444444446 0.10593750000000002 0.13737268518518525
26 0.3091666666666667 0.5751099537037037 0.10812500000000007 0.12335648148148141
7 0.11687499999999999 0.5707002314814815 0.12156250000000002 0.12589699074074084
10 0.8847395833333334 0.5336863425925926 0.09005208333333314 0.10982060185185176
15 0.79953125 0.5316435185185184 0.09625000000000003 0.10913194444444443
3 0.63453125 0.5385648148148148 0.0935416666666665 0.11533564814814809
18 0.7192187499999999 0.5327951388888889 0.09401041666666679 0.11065972222222217
13 0.5405729166666667 0.5691724537037037 0.11828125000000007 0.08838541666666658