17 0.39296875 0.2078125 0.07890625 0.07734375
20 0.75703125 0.52265625 0.08984375 0.096875
25 0.21875 0.3875 0.09921875 0.11171875
8 0.7703125 0.35859375 0.09296875 0.1046875
22 0.34453125 0.2984375 0.059375 0.10390625
32 0.0609375 0.44453125 0.096875 0.1234375
10 0.40625 0.38984375 0.096875 0.11484375
35 0.22109375 0.5046875 0.0890625 0.125
29 0.48203125 0.2078125 0.07890625 0.07734375
33 0.71953125 0.41640625 0.09453125 0.10390625
38 0.14765625 0.43984375 0.09765625 0.1109375
31 0.5609375 0.47421875 0.0765625 0.12109375
2 0.11484375 0.3609375 0.09765625 0.1046875
41 0.1609375 0.21875 0.09375 0.09375
0 0.35390625 0.44140625 0.1 0.115625
12 0.565625 0.27578125 0.05703125 0.10625
40 0.49609375 0.36484375 0.075 0.0734375
11 0.1109375 0.6609375 0.08203125 0.121875
16 0.41875 0.2875 0.0796875 0.078125
7 0.88359375 0.57421875 0.08125 0.11875
34 0.87265625 0.45390625 0.08125 0.115625
15 0.5 0.5375 0.0625 0.10859375
21 0.928125 0.4953125 0.0921875 0.11875
36 0.540625 0.61953125 0.0796875 0.08984375
18 0.7921875 0.46015625 0.08828125 0.10078125
30 0.5 0.29140625 0.07578125 0.07734375
1 0.7625 0.621875 0.096875 0.1203125
26 0.1875 0.29765625 0.090625 0.09453125
9 0.82890625 0.5921875 0.078125 0.11640625
5 0.16484375 0.53828125 0.08828125 0.125
6 0.35 0.615625 0.08515625 0.09140625
28 0.40546875 0.52265625 0.09296875 0.12265625
27 0.80078125 0.2859375 0.0953125 0.10703125
19 0.08671875 0.54375 0.09609375 0.1125
23 0.48125 0.44765625 0.08125 0.08515625
24 0.18671875 0.67109375 0.0859375 0.12265625
39 0.509375 0.703125 0.078125 0.08359375
37 0.42734375 0.6453125 0.08203125 0.12265625
4 0.84140625 0.3734375 0.08046875 0.1140625
3 0.325 0.51015625 0.0953125 0.11328125
13 0.0984375 0.2640625 0.07734375 0.11875
14 0.27109375 0.28125 0.0828125 0.08359375