36 0.05 0.67734375 0.06328125 0.22578125
36 0.128125 0.659375 0.075 0.21640625
40 0.2109375 0.60625 0.075 0.2421875
40 0.28828125 0.57890625 0.0640625 0.25625
40 0.36015625 0.52578125 0.06640625 0.221875
16 0.43046875 0.4359375 0.05859375 0.221875
16 0.49765625 0.3984375 0.0578125 0.209375
16 0.5640625 0.3765625 0.059375 0.20625
27 0.63359375 0.34921875 0.05625 0.20859375
24 0.69921875 0.3515625 0.05859375 0.19296875
21 0.76328125 0.33515625 0.06015625 0.2109375
11 0.8203125 0.27421875 0.05234375 0.1875
6 0.878125 0.24296875 0.04765625 0.2015625
1 0.934375 0.178125 0.06171875 0.2171875