26 0.58515625 0.778125 0.11796875 0.1859375
36 0.36953125 0.5953125 0.12109375 0.18125
26 0.68515625 0.81953125 0.11796875 0.19296875
33 0.36484375 0.17265625 0.103125 0.15078125
36 0.27734375 0.57265625 0.125 0.1875
33 0.45625 0.19921875 0.1046875 0.1546875
33 0.27109375 0.1421875 0.10625 0.15234375
26 0.4875 0.7515625 0.11484375 0.1828125
36 0.18828125 0.540625 0.1140625 0.1796875
22 0.56171875 0.35078125 0.10859375 0.17421875
22 0.659375 0.378125 0.11171875 0.16484375
22 0.75703125 0.42109375 0.11796875 0.1875