25 0.45703125 0.575 0.06796875 0.1125
32 0.4359375 0.71953125 0.0953125 0.12265625
31 0.58359375 0.21640625 0.0875 0.12578125
18 0.65078125 0.1609375 0.10078125 0.11796875
16 0.35625 0.19375 0.06875 0.1125
34 0.3890625 0.76796875 0.0953125 0.128125
40 0.46484375 0.39375 0.0921875 0.10859375
7 0.671875 0.72734375 0.10078125 0.12109375
2 0.3765625 0.36640625 0.08125 0.08671875
29 0.296875 0.35859375 0.05859375 0.109375
22 0.39453125 0.078125 0.08671875 0.0953125
17 0.30546875 0.4640625 0.0625 0.109375
11 0.590625 0.725 0.0828125 0.13046875
26 0.39453125 0.56640625 0.0765625 0.11640625
35 0.6515625 0.81640625 0.09921875 0.11640625
9 0.31953125 0.73203125 0.06953125 0.11796875
30 0.29453125 0.25234375 0.0625 0.10859375
0 0.5234375 0.34375 0.08515625 0.12109375
12 0.4125 0.171875 0.0703125 0.11484375
20 0.384375 0.4453125 0.08046875 0.0796875
33 0.55 0.11640625 0.09296875 0.12265625
38 0.51328125 0.24453125 0.09609375 0.11171875
1 0.590625 0.3171875 0.09765625 0.115625
28 0.625 0.50625 0.10234375 0.12421875
6 0.546875 0.88984375 0.09609375 0.12578125
23 0.30859375 0.121875 0.09375 0.11484375
36 0.6671875 0.2671875 0.06953125 0.121875
24 0.6875 0.5796875 0.09296875 0.09375
37 0.34375 0.85 0.06484375 0.1171875
19 0.52109375 0.7359375 0.07578125 0.12265625
3 0.54375 0.56953125 0.09296875 0.09921875
10 0.6609375 0.39296875 0.103125 0.12421875
15 0.49609375 0.484375 0.0890625 0.0890625
21 0.48203125 0.83046875 0.09921875 0.11796875
27 0.57109375 0.4390625 0.1015625 0.12265625
8 0.446875 0.27421875 0.084375 0.1203125
4 0.60859375 0.078125 0.1 0.121875
39 0.3703125 0.2859375 0.084375 0.08828125
13 0.36171875 0.65234375 0.09140625 0.0984375