26 0.6523900462962964 0.35791087962962964 0.0954629629629629 0.12118055555555554
40 0.46597800925925925 0.9440567129629629 0.09463541666666657 0.11188657407407412
40 0.46194444444444444 0.8329166666666665 0.09547453703703698 0.12196180555555572
26 0.6549537037037038 0.47826967592592595 0.09625578703703716 0.12200810185185187
33 0.8452719907407408 0.7323032407407407 0.09629050925925924 0.12435185185185169
0 0.07442708333333334 0.4399652777777778 0.0946701388888889 0.12035300925925921
7 0.16854166666666667 0.2066898148148148 0.09543981481481482 0.11961805555555553
11 0.2692361111111111 0.575619212962963 0.0962442129629629 0.1212268518518517
0 0.07342592592592592 0.31969907407407405 0.09311921296296297 0.12104166666666663
36 0.9408449074074074 0.4920891203703704 0.0900520833333335 0.12476273148148138
7 0.16598958333333333 0.08711226851851853 0.09538194444444445 0.11571180555555553
39 0.17614583333333333 0.9307233796296297 0.09781828703703703 0.12210069444444435
16 0.36453703703703705 0.5804861111111111 0.09622106481481474 0.11966435185185187
12 0.26697916666666666 0.21252314814814816 0.09467013888888882 0.12035300925925921
11 0.26946759259259256 0.6966203703703704 0.09784143518518515 0.12366319444444436
34 0.8404050925925926 0.2457233796296296 0.09465856481481474 0.1195717592592592
23 0.5588599537037038 0.4725752314814814 0.094670138888889 0.12035300925925937
34 0.8394618055555556 0.12936342592592592 0.09380787037037024 0.11483796296296296
36 0.937511574074074 0.37246527777777777 0.08925925925925923 0.12393518518518513
28 0.6490104166666667 0.23516203703703703 0.09387731481481473 0.11952546296296296
37 0.3667013888888889 0.9373321759259259 0.09620949074074074 0.11888310185185205
23 0.5563078703703704 0.35299768518518515 0.09469328703703717 0.1219155092592592
16 0.3624131944444445 0.7005671296296296 0.09548611111111108 0.12274305555555554
35 0.08004050925925925 0.9242476851851851 0.09622106481481482 0.11966435185185205
12 0.2644733796296296 0.09607060185185186 0.0953819444444445 0.11571180555555553
1 0.07700231481481482 0.5611053240740741 0.09385416666666666 0.11796296296296305
35 0.07443287037037036 0.8091724537037036 0.09473958333333332 0.12504050925925939
5 0.17110532407407408 0.3270486111111111 0.09626736111111107 0.12278935185185187
32 0.8463483796296296 0.4888310185185185 0.094670138888889 0.12035300925925921
25 0.5528935185185185 0.2279050925925926 0.09464699074074083 0.1187905092592592
2 0.06987268518518519 0.07985532407407407 0.09224537037037037 0.11474537037037039
28 0.6456770833333334 0.11553819444444444 0.09457754629629633 0.11410300925925924
41 0.2696527777777778 0.8144965277777778 0.09861111111111107 0.12292824074074069
29 0.7508506944444445 0.36530671296296297 0.09391203703703717 0.12186921296296287
5 0.17288773148148148 0.44736111111111115 0.09623263888888892 0.12044560185185187
37 0.36497685185185186 0.8209259259259258 0.09780671296296291 0.12131944444444435
25 0.5503877314814816 0.1114525462962963 0.09535879629629633 0.11414930555555554
1 0.07726851851851851 0.6844502314814814 0.09393518518518518 0.12343171296296304
19 0.848616898148148 0.8527083333333334 0.094670138888889 0.12035300925925937
33 0.848119212962963 0.6083622685185185 0.09708333333333315 0.1251793981481482
29 0.7502546296296296 0.48313657407407407 0.0954629629629629 0.12118055555555554
27 0.6567361111111112 0.598582175925926 0.09703703703703717 0.12205439814814803
17 0.35761574074074076 0.2186747685185185 0.09465856481481474 0.1195717592592593
9 0.6587152777777778 0.8375520833333333 0.09464699074074083 0.11879050925925938
17 0.3566724537037037 0.10231481481481482 0.0953819444444445 0.11571180555555553
6 0.17469328703703701 0.5692361111111112 0.09779513888888891 0.12053819444444436
32 0.8445775462962963 0.36929976851851853 0.0946932870370368 0.1219155092592592
27 0.6538310185185185 0.7186168981481481 0.09704861111111107 0.12283564814814821
10 0.2656597222222222 0.334212962962963 0.09390046296296291 0.12108796296296295
2 0.07244791666666667 0.20099537037037035 0.09153356481481481 0.11938657407407405
24 0.5585532407407408 0.7153125 0.09629050925925924 0.12435185185185187
20 0.4594560185185186 0.34881944444444446 0.094670138888889 0.12035300925925929
39 0.17516782407407408 0.8120196759259259 0.09863425925925924 0.1244907407407407
38 0.9405266203703704 0.7340451388888889 0.09313078703703717 0.12182291666666671
10 0.2705902777777778 0.4562731481481482 0.09627893518518515 0.12357060185185187
22 0.4543287037037037 0.10810185185185187 0.09455439814814817 0.11254050925925929
31 0.7433449074074074 0.12210648148148148 0.09152199074074083 0.11860532407407405
22 0.4560532407407408 0.22450810185185185 0.08986689814814816 0.11226273148148147
31 0.7450578703703703 0.2377314814814815 0.08443287037037024 0.1142824074074074
15 0.3625347222222222 0.3399537037037037 0.08995949074074075 0.11851273148148148
15 0.3658912037037037 0.4611400462962963 0.08528356481481483 0.11901620370370374
20 0.45885995370370375 0.46664930555555556 0.10162037037037024 0.11530092592592603
21 0.4608854166666667 0.7087442129629629 0.09394675925925924 0.12421296296296305
30 0.7483738425925927 0.725 0.08994791666666657 0.11773148148148138
6 0.17491319444444442 0.6894560185185185 0.09622106481481482 0.11966435185185169
41 0.27219328703703705 0.9332928240740742 0.08997106481481483 0.11929398148148138
21 0.4653414351851852 0.5880208333333334 0.098576388888889 0.1205844907407407
24 0.5606076388888889 0.5905439814814815 0.09245370370370373 0.1288078703703704
30 0.7496817129629629 0.6025289351851851 0.09549768518518516 0.12352430555555553
38 0.9434432870370371 0.6147916666666667 0.08691550925925924 0.1237962962962964
4 0.7532928240740742 0.8462789351851852 0.08596064814814816 0.11203125000000007
4 0.5611053240740741 0.8348900462962963 0.09780671296296291 0.12131944444444435