24 0.9430729166666666 0.4804340277777778 0.07413194444444429 0.6996527777777779
24 0.8709722222222223 0.5262731481481482 0.07994791666666679 0.7504687500000001
0 0.7989583333333334 0.5330555555555556 0.0796180555555555 0.735625
0 0.7293055555555557 0.5390393518518518 0.08826388888888878 0.7731828703703705
28 0.6611458333333333 0.548136574074074 0.08199652777777774 0.7372048611111112
28 0.5947222222222223 0.47910879629629627 0.08147569444444436 0.784068287037037
22 0.5240625 0.4952546296296297 0.08010416666666664 0.7223495370370371
22 0.4536979166666667 0.49811921296296297 0.08185763888888893 0.7661053240740742
7 0.3824652777777778 0.5048958333333333 0.08362847222222225 0.740341435185185
7 0.3152256944444444 0.5077372685185185 0.07980902777777779 0.7442187499999999
33 0.24638888888888885 0.4770023148148148 0.08331597222222217 0.7614293981481481
33 0.17350694444444445 0.4876967592592593 0.0842361111111111 0.7676851851851852
6 0.10616319444444444 0.4600752314814815 0.08309027777777778 0.7512731481481483
6 0.037309027777777774 0.4801446759259259 0.07461805555555555 0.7512731481481483