12 0.5410995370370371 0.47112268518518513 0.048703703703703735 0.06345486111111107
17 0.5941319444444444 0.46603009259259254 0.049369212962962906 0.05957754629629619
2 0.32313078703703707 0.4791956018518519 0.047806712962962905 0.059519675925925955
2 0.2731307870370371 0.4810474537037036 0.04700231481481474 0.05870949074074083
2 0.2208101851851852 0.48376736111111107 0.04704861111111116 0.060271990740740834
35 0.4332870370370371 0.47511574074074076 0.045462962962962906 0.059432870370370414
22 0.6527256944444444 0.4638599537037037 0.04776041666666657 0.057957175925925954
38 0.8244849537037038 0.453587962962963 0.050266203703703737 0.06351273148148148
38 0.9455324074074074 0.44754050925925926 0.049554398148148236 0.06582754629629636
38 0.8838136574074074 0.44982638888888893 0.0519212962962964 0.0666956018518519
35 0.48328703703703707 0.47326388888888893 0.045462962962962906 0.05943287037037024
35 0.37862268518518516 0.47792245370370373 0.04385416666666666 0.0578125
9 0.16773148148148148 0.4872974537037037 0.05024305555555557 0.06273148148148149
28 0.7066087962962962 0.46108217592592593 0.05272569444444457 0.06750578703703702
28 0.7628356481481482 0.45821759259259254 0.052771990740740723 0.06906828703703702
3 0.06373263888888889 0.4880208333333334 0.04948495370370369 0.06348379629629619
18 0.11692708333333332 0.4883969907407407 0.05028935185185186 0.0642939814814815