12 0.7038368055555555 0.3775983796296296 0.052204861111111 0.06791666666666663
6 0.35352430555555553 0.3898148148148148 0.05060763888888893 0.06711226851851855
2 0.8211979166666665 0.3719560185185185 0.05138888888888893 0.06712384259259263
38 0.17756944444444445 0.39632523148148147 0.050572916666666676 0.06633101851851855
6 0.22777777777777777 0.39089699074074075 0.05529513888888893 0.06718171296296296
34 0.5146006944444445 0.38430555555555557 0.05291666666666668 0.06636574074074071
40 0.4582118055555555 0.38826388888888885 0.04979166666666668 0.06631944444444446
40 0.4059027777777778 0.38825810185185183 0.04822916666666668 0.0662962962962963
28 0.6443923611111112 0.38004050925925925 0.052986111111111 0.0679282407407408
7 0.7617881944444445 0.37361689814814814 0.05302083333333343 0.0687094907407408
38 0.06102430555555556 0.40117476851851847 0.053732638888888885 0.06715856481481489
38 0.1137673611111111 0.4089814814814815 0.05843749999999996 0.05005208333333329
6 0.2896527777777778 0.40403356481481484 0.06571180555555553 0.055625000000000036
31 0.5789930555555556 0.39350115740740743 0.07260416666666672 0.052604166666666695