16 0.9817173032407407 0.5722222222222222 0.03656539351851862 0.06883101851851858
16 0.8639756944444443 0.5637152777777777 0.05462384259259281 0.06634837962962958
16 0.9250520833333333 0.5678645833333333 0.05876157407407412 0.07037037037037042
20 0.29392939814814817 0.5249884259259259 0.053888888888888875 0.06710648148148142
9 0.1348263888888889 0.5116956018518518 0.0561400462962963 0.06561342592592592
20 0.3494907407407407 0.5281944444444445 0.05370370370370372 0.0639814814814816
32 0.7447627314814815 0.5523842592592592 0.05393518518518512 0.0678877314814816
20 0.24057291666666666 0.5195081018518518 0.0545775462962963 0.06556712962962959
32 0.8042766203703703 0.5564872685185185 0.05554398148148145 0.06871527777777775
29 0.514519675925926 0.5362037037037037 0.0498900462962963 0.06542824074074076
41 0.6845601851851851 0.5498206018518518 0.05122106481481481 0.061568287037037095
29 0.45891203703703703 0.5322164351851851 0.0522337962962963 0.06549768518518526
29 0.4033969907407407 0.5297916666666667 0.053842592592592456 0.06632523148148142
41 0.6282638888888888 0.5473726851851852 0.05190972222222214 0.06002893518518526
3 0.0808275462962963 0.5085358796296295 0.055034722222222235 0.060121527777777926
41 0.5718287037037036 0.5425810185185185 0.04961226851851848 0.06074074074074076
18 0.18804398148148146 0.5148321759259259 0.05149884259259263 0.06625578703703709