23 0.4890625 0.46412615740740737 0.05961805555555557 0.08210648148148145
23 0.5554861111111111 0.46589120370370374 0.05883680555555557 0.08209490740740755
5 0.17342013888888888 0.45866898148148144 0.04859375000000003 0.07803819444444446
38 0.8241840277777778 0.4675289351851852 0.05173611111111107 0.07886574074074079
38 0.8921354166666667 0.46775462962962955 0.05487847222222229 0.07969328703703696
32 0.7562152777777778 0.46652199074074074 0.06510416666666678 0.08296875000000004
10 0.23204861111111114 0.461099537037037 0.05876736111111107 0.07896990740740754
26 0.6211111111111111 0.46686342592592595 0.06194444444444436 0.0813599537037037
29 0.6890451388888889 0.46630787037037036 0.060416666666666605 0.08289930555555554
38 0.9616840277777777 0.46956597222222224 0.05253472222222229 0.07965856481481488
35 0.29604166666666665 0.45892361111111113 0.05553819444444441 0.07423611111111103
35 0.42576388888888894 0.4624074074074073 0.054045138888889 0.07733796296296305
9 0.050763888888888886 0.4568518518518519 0.061857638888888886 0.0774537037037037
35 0.36090277777777774 0.4606655092592593 0.05795138888888882 0.07739583333333329
0 0.1124826388888889 0.4577662037037037 0.05876736111111112 0.07896990740740754