16 0.06895833333333334 0.4258217592592593 0.06434027777777777 0.07746527777777779
16 0.13315972222222222 0.42799768518518516 0.06668402777777778 0.07750000000000004
16 0.1996701388888889 0.4293576388888889 0.06515624999999999 0.07825810185185186
35 0.6843402777777777 0.446412037037037 0.06607638888888889 0.08139467592592595
35 0.7556076388888889 0.4492650462962963 0.06767361111111114 0.08219907407407412
35 0.8276215277777779 0.45132523148148146 0.06526041666666664 0.08060185185185187
39 0.9044270833333332 0.4556597222222222 0.06046874999999972 0.07818865740740737
22 0.4032465277777778 0.43650462962962966 0.06076388888888893 0.06726273148148146
22 0.3367013888888889 0.4343634259259259 0.06236111111111118 0.06806712962962962
22 0.2669965277777778 0.43148726851851854 0.059982638888888926 0.06725115740740736
39 0.9735460069444445 0.4577199074074074 0.05290798611111107 0.07347800925925921
37 0.5403125 0.44229166666666664 0.06121527777777782 0.07741898148148145
37 0.47135416666666663 0.4386226851851852 0.060295138888889 0.07428240740740737
37 0.6131423611111111 0.4451215277777778 0.061996527777777824 0.07743055555555553