16 0.05 0.4265625 0.0609375 0.0765625
16 0.1140625 0.4296875 0.06328125 0.0765625
16 0.18046875 0.43203125 0.06171875 0.07734375
35 0.6640625 0.45625 0.0625 0.08046875
35 0.73515625 0.46015625 0.0640625 0.08125
35 0.80703125 0.46328125 0.06171875 0.0796875
39 0.88359375 0.46875 0.05703125 0.07734375
22 0.38359375 0.4421875 0.0578125 0.06640625
22 0.3171875 0.4390625 0.059375 0.0671875
22 0.24765625 0.43515625 0.05703125 0.06640625
39 0.95546875 0.471875 0.05546875 0.07265625
37 0.5203125 0.45 0.0578125 0.0765625
37 0.4515625 0.4453125 0.05703125 0.0734375
37 0.59296875 0.45390625 0.05859375 0.0765625