33 0.44375 0.4385416666666666 0.05023726851851844 0.07057291666666679
33 0.6249652777777778 0.44759837962962956 0.05338541666666678 0.07225115740740726
33 0.2703240740740741 0.43133680555555554 0.04945601851851853 0.07054398148148149
30 0.3836400462962963 0.4331886574074074 0.05021412037037036 0.0690104166666666
35 0.9537789351851853 0.46603009259259254 0.06204861111111128 0.07725694444444428
27 0.3266203703703704 0.43029513888888893 0.0479166666666667 0.07204861111111108
27 0.5016203703703704 0.4367766203703704 0.04791666666666679 0.07204861111111108
35 0.8858333333333335 0.4619502314814815 0.05655671296296276 0.07549189814814809
30 0.5585706018518518 0.4443576388888889 0.05181134259259253 0.07141203703703702
30 0.21413194444444444 0.4253472222222222 0.04629629629629628 0.06808449074074066
36 0.8202199074074075 0.45873842592592595 0.058084490740740694 0.07320601851851852
36 0.7499305555555555 0.45457175925925936 0.05493634259259252 0.07152777777777786
36 0.6858796296296296 0.45141782407407405 0.05732638888888886 0.07473958333333322
13 0.05167824074074075 0.41620370370370374 0.041574074074074076 0.06556712962962959
13 0.10478009259259258 0.41973379629629626 0.054155092592592616 0.07149884259259257
27 0.1586863425925926 0.42173032407407407 0.04468749999999999 0.06490162037037042