19 0.04765625 0.465625 0.0640625 0.63671875
1 0.1125 0.453125 0.05546875 0.625
6 0.178125 0.4515625 0.059375 0.63359375
11 0.2421875 0.4421875 0.05625 0.64140625
1 0.30234375 0.45625 0.053125 0.61796875
6 0.36953125 0.471875 0.0625 0.6234375
11 0.4328125 0.46796875 0.05703125 0.603125
11 0.4953125 0.475 0.0609375 0.64140625
16 0.56015625 0.475 0.059375 0.64140625
21 0.62421875 0.46875 0.06171875 0.69375
24 0.68828125 0.4640625 0.0609375 0.63359375
27 0.7546875 0.48515625 0.0625 0.6625
30 0.81953125 0.4703125 0.0609375 0.64609375
33 0.88671875 0.5046875 0.0640625 0.625
33 0.9515625 0.48125 0.06328125 0.68046875