35 0.0283203125 0.3571759259259259 0.056640625 0.34513888888888883
35 0.07543402777777777 0.3557002314814815 0.06287615740740742 0.31388888888888894
35 0.12497106481481482 0.35824652777777777 0.06412037037037037 0.29921875
35 0.17494212962962963 0.36542245370370374 0.06426504629629629 0.3116608796296296
39 0.22604166666666664 0.36785300925925923 0.06377314814814819 0.3155092592592593
39 0.2774594907407407 0.37647569444444445 0.06351273148148148 0.32248263888888895
39 0.32931134259259254 0.36875 0.0629918981481481 0.3154513888888889
39 0.3787326388888889 0.37285879629629626 0.06438078703703702 0.3132233796296296
41 0.4306423611111111 0.36435185185185187 0.06359953703703702 0.31316550925925923
41 0.4800347222222222 0.3583622685185185 0.06383101851851851 0.31629050925925933
41 0.5286747685185185 0.3625289351851852 0.06195023148148149 0.3223668981481481
41 0.5779224537037038 0.36898148148148147 0.06290509259259255 0.3247685185185185
37 0.6266782407407407 0.37158564814814815 0.06177662037037042 0.3200231481481482
37 0.6756655092592593 0.3710648148148148 0.06912615740740743 0.33532986111111107
38 0.7247685185185185 0.36898148148148147 0.06397569444444447 0.32873263888888893
38 0.7763888888888888 0.364380787037037 0.06258680555555554 0.30998263888888894
38 0.8256944444444445 0.37005208333333334 0.0640625 0.31941550925925927
38 0.8736689814814815 0.3727141203703703 0.06490162037037024 0.34123263888888894