37 0.7434895833333334 0.5084375 0.04135416666666671 0.07170717592592588
37 0.6950520833333333 0.5113078703703704 0.042031250000000145 0.07019097222222222
37 0.6458854166666667 0.513443287037037 0.043489583333333394 0.06872106481481488
11 0.35770833333333335 0.5289641203703704 0.045364583333333285 0.07350115740740755
3 0.8828125 0.4962905092592592 0.049427083333333496 0.07607638888888886
21 0.5958333333333334 0.5171875 0.04614583333333329 0.0735474537037037
9 0.8394270833333334 0.5050868055555556 0.049583333333333354 0.07842013888888885
21 0.5505729166666666 0.5190914351851852 0.043593749999999966 0.07028356481481488
30 0.20229166666666668 0.5373958333333333 0.048541666666666664 0.07446759259259253
30 0.25385416666666666 0.5343402777777777 0.04619791666666666 0.0743287037037037
21 0.50125 0.5235706018518519 0.04520833333333343 0.07115740740740736
30 0.30541666666666667 0.5312847222222222 0.04609375 0.07276620370370371
6 0.40385416666666674 0.5254513888888889 0.04463541666666657 0.07423611111111103
1 0.4536979166666667 0.5248321759259259 0.045364583333333285 0.07350115740740755
33 0.14994791666666668 0.5404976851851853 0.04848958333333333 0.07368634259259252
33 0.09859375000000001 0.5404282407407408 0.04859375000000001 0.07524884259259253
19 0.7910416666666666 0.507175925925926 0.047135416666666784 0.07671875000000003