37 0.41627314814814814 0.5086863425925926 0.04938657407407412 0.06693287037037035
37 0.47726851851851854 0.5083912037037036 0.051718749999999855 0.06629050925925917
32 0.9284780092592593 0.5061979166666666 0.05725694444444436 0.07130208333333332
35 0.5937210648148149 0.5121643518518518 0.05255787037037045 0.0702430555555555
32 0.8729629629629629 0.5060358796296296 0.05569444444444436 0.07120949074074083
35 0.5366782407407408 0.5095659722222222 0.05021412037037045 0.07010416666666668
39 0.356105324074074 0.5059027777777778 0.054155092592592526 0.07267939814814817
39 0.2927893518518519 0.5044965277777778 0.05338541666666661 0.07341435185185183
38 0.16290509259259262 0.5100925925925927 0.05109953703703703 0.07718171296296283
38 0.22938078703703707 0.5093402777777778 0.05266203703703702 0.0772743055555555
1 0.6508333333333333 0.5100752314814814 0.05179976851851862 0.07175925925925916
22 0.8189988425925925 0.5067476851851852 0.04777777777777779 0.06371527777777786
19 0.09961226851851852 0.5071238425925926 0.05739583333333331 0.08067708333333332
1 0.7086921296296296 0.5103761574074074 0.05248842592592595 0.0655555555555555
22 0.7658043981481482 0.508287037037037 0.04777777777777779 0.06371527777777786