34 0.7863541666666667 0.45960069444444446 0.06994791666666664 0.08067129629629637
29 0.6085763888888889 0.4843287037037037 0.06121527777777782 0.07741898148148145
9 0.02601996527777778 0.5755787037037037 0.05203993055555556 0.10029513888888886
33 0.8980902777777778 0.44327546296296294 0.060868055555555856 0.06960648148148145
10 0.29055555555555557 0.5335590277777778 0.07203125000000003 0.09241319444444436
26 0.4827430555555555 0.5012268518518519 0.06468750000000015 0.08527777777777779
29 0.6661631944444444 0.4726736111111111 0.06440972222222215 0.07902777777777778
34 0.7250347222222222 0.46729166666666666 0.07222222222222215 0.07914351851851845
26 0.5449131944444444 0.4919849537037037 0.06135416666666664 0.08054398148148145
10 0.22046875000000005 0.5450289351851852 0.07451388888888885 0.09557291666666679
33 0.8437326388888888 0.4526331018518519 0.057847222222222425 0.07190393518518512
15 0.3598611111111111 0.5220775462962963 0.06951388888888888 0.08847222222222229
40 0.15052083333333333 0.5533738425925925 0.0737326388888889 0.09556134259259252
40 0.07890625 0.5640393518518518 0.07855902777777776 0.09875578703703702
15 0.42203125 0.5128356481481482 0.06713541666666671 0.08765625000000003