21 0.4608564814814815 0.40555555555555556 0.08284722222222225 0.06388888888888893
27 0.392025462962963 0.5149305555555556 0.09723379629629632 0.07065972222222214
30 0.4810069444444444 0.5131944444444445 0.09246527777777783 0.06892361111111107
21 0.11528935185185185 0.5134837962962963 0.11668402777777778 0.0698206018518519
9 0.858900462962963 0.5186921296296296 0.08872106481481482 0.07190393518518512
16 0.3781655092592593 0.4062789351851852 0.08366898148148146 0.06469907407407405
24 0.2975752314814815 0.516869212962963 0.10656828703703702 0.07022569444444446
1 0.5760763888888889 0.514351851851852 0.09242476851851862 0.06814236111111108
16 0.04297164351851852 0.5127604166666667 0.08594328703703703 0.06967592592592595
6 0.6695023148148148 0.5171296296296296 0.09012152777777782 0.06883680555555571
11 0.7607060185185185 0.517650462962963 0.08847800925925924 0.06721643518518512
24 0.2073148148148148 0.5131944444444445 0.11277777777777773 0.06967592592592595
27 0.5417824074074075 0.40879629629629627 0.08510995370370367 0.062413194444444466
33 0.6206076388888888 0.40743634259259254 0.07507523148148146 0.06438078703703702
18 0.9406886574074074 0.5203414351851852 0.0628587962962964 0.06938657407407404