41 0.29515625 0.5082002314814815 0.059843750000000015 0.09065972222222207
31 0.7628645833333334 0.48654513888888895 0.05333333333333332 0.08656828703703709
28 0.7152604166666666 0.48717592592592596 0.05567708333333332 0.08663773148148142
13 0.06614583333333332 0.5165451388888889 0.06328125 0.09543981481481474
31 0.8121875 0.4835243055555556 0.05093749999999986 0.0857175925925926
12 0.50890625 0.49484953703703705 0.05625 0.08353587962962958
41 0.18031250000000001 0.5116030092592594 0.06234374999999996 0.09307291666666657
7 0.45489583333333333 0.49800925925925926 0.058854166666666784 0.08751157407407409
2 0.34921875 0.5042592592592593 0.057395833333333354 0.08902777777777775
2 0.403125 0.502662037037037 0.05817708333333336 0.08905092592592592
14 0.12317708333333333 0.5148553240740741 0.061562500000000006 0.09304976851851858
25 0.6128125000000001 0.4917708333333334 0.05395833333333329 0.08424768518518526
17 0.5613020833333333 0.4925173611111111 0.05364583333333321 0.07956018518518526
25 0.6636458333333334 0.48948495370370376 0.05484375000000004 0.08583333333333343
41 0.2363541666666667 0.5130613425925926 0.06239583333333334 0.09385416666666675
2 0.6967947921875 0.0691228796875 0.654984084375 0.092134453125 0.6749536734375 0.1645979703125 0.7144243453125 0.1416134296875 0.6967947921875 0.0691228796875
12 0.5906665234374999 0.08945041249999999 0.5457356765625 0.1105324078125 0.5607317468749999 0.187166190625 0.6058748734375 0.166754734375 0.5906665234374999 0.08945041249999999
7 0.5335092890625 0.09357631250000001 0.48929398125 0.11653645937499998 0.5071768578125 0.19046199531250002 0.5496987953125 0.1722009921875 0.5335092890625 0.09357631250000001
25 0.4744550203125 0.0057562359375 0.4312246828125 0.0251253859375 0.44564833437500007 0.1016365328125 0.4874894171875 0.0872113265625 0.4744550203125 0.0057562359375
29 0.43878618906250005 0.1438920765625 0.4545494375 0.2133964265625 0.5010751796874999 0.1966115703125 0.4839896453125 0.11619869218750001 0.43746383125 0.1386477625 0.43878618906250005 0.1438920765625
15 0.6255506578125 0.0245707 0.5853708765625 0.046865581249999996 0.6056341234375 0.11630427968749998 0.64744320625 0.0939357421875 0.6255506578125 0.0245707
16 0.380506796875 0.05610826249999999 0.393004028125 0.131534340625 0.43941561250000005 0.1147486375 0.4254542453125 0.0353007375 0.3790328421875 0.0526620359375 0.380506796875 0.05610826249999999
11 0.4811383765625 0 0.49379758437500004 0.0682085765625 0.5362964906250001 0.0559085796875 0.524795503125 0 0.4811383765625 0