37 0.76640625 0.49609375 0.04921875 0.08125
29 0.64296875 0.49453125 0.05078125 0.0875
37 0.82734375 0.496875 0.04765625 0.0859375
29 0.58046875 0.496875 0.05078125 0.08671875
29 0.70625 0.49375 0.05078125 0.0859375
37 0.8875 0.49375 0.05078125 0.084375
20 0.15 0.50390625 0.05234375 0.09375
23 0.51953125 0.4984375 0.05 0.0875
15 0.084375 0.50625 0.05234375 0.08984375
5 0.33671875 0.5015625 0.05078125 0.0890625
10 0.3984375 0.5015625 0.0515625 0.0875
23 0.459375 0.5 0.0515625 0.0890625
23 0.2109375 0.50390625 0.053125 0.09453125
0 0.275 0.50390625 0.05234375 0.09453125