32 0.6100231481481482 0.4128009259259259 0.0969560185185184 0.16571759259259267
32 0.701244212962963 0.40181134259259255 0.10122685185185176 0.15189814814814823
0 0.1143113425925926 0.5042303240740741 0.09332175925925927 0.1483680555555555
0 0.21957175925925929 0.4917303240740741 0.09472222222222229 0.14298032407407407
0 0.3251736111111111 0.4643460648148148 0.08975694444444446 0.1333622685185185
5 0.33130208333333333 0.6447743055555556 0.09343750000000002 0.1522743055555555
5 0.4285185185185186 0.6248668981481481 0.08803819444444443 0.15433449074074074
10 0.5356828703703703 0.5974016203703704 0.09803240740740744 0.14939236111111107
10 0.6330613425925925 0.582962962962963 0.09755208333333343 0.15950810185185188
10 0.7315219907407406 0.5786400462962963 0.10529513888888893 0.15756944444444443
20 0.42011574074074076 0.44690393518518523 0.09242476851851844 0.1444212962962963
23 0.5166203703703705 0.4293807870370371 0.09396412037037045 0.1437210648148149
26 0.7932233796296296 0.39 0.08677083333333328 0.13788773148148142
29 0.8803298611111112 0.37218171296296293 0.08527777777777779 0.14015046296296294