30 0.5203993055555556 0.3749768518518518 0.09401041666666679 0.11854166666666668
30 0.6182812500000001 0.3633738425925926 0.09631944444444436 0.11701388888888893
2 0.3922395833333333 0.5893055555555555 0.11843750000000001 0.163420138888889
30 0.4218229166666666 0.3826851851851852 0.09329861111111111 0.12165509259259259
29 0.7269618055555556 0.35785879629629636 0.10878472222222228 0.11563657407407409
16 0.5096527777777778 0.5774131944444445 0.11829861111111128 0.157170138888889
0 0.3203125 0.38184606481481487 0.08739583333333334 0.10204282407407402
0 0.21616319444444443 0.3943229166666667 0.09157986111111108 0.11460069444444443
2 0.2695138888888889 0.5942476851851852 0.11744791666666661 0.15403356481481473
0 0.1113888888888889 0.3997800925925926 0.09388888888888887 0.11307291666666668
16 0.7342534722222223 0.5569039351851852 0.12600694444444435 0.15259837962962966
16 0.6223263888888889 0.5679340277777778 0.11751736111111111 0.15715856481481474
2 0.14585069444444443 0.606232638888889 0.13005208333333335 0.15890625000000008
29 0.8240104166666666 0.3486111111111111 0.11652777777777779 0.11262731481481483