0 0.7375 0.50078125 0.053125 0.0953125
33 0.51171875 0.50234375 0.05078125 0.09296875
2 0.21953125 0.50234375 0.0578125 0.0984375
33 0.1015625 0.50390625 0.05625 0.09921875
40 0.16015625 0.503125 0.05234375 0.09921875
2 0.56796875 0.50234375 0.05234375 0.09453125
0 0.62421875 0.5015625 0.05078125 0.0921875
32 0.79296875 0.5015625 0.04921875 0.09609375
38 0.846875 0.5015625 0.05 0.09375
11 0.33828125 0.50078125 0.053125 0.09609375
25 0.3984375 0.503125 0.0546875 0.096875
31 0.2796875 0.503125 0.05703125 0.09765625
22 0.45546875 0.50390625 0.053125 0.0921875
39 0.68125 0.50234375 0.053125 0.09296875