29 0.15291666666666667 0.478125 0.061273148148148146 0.096875
5 0.6816608796296297 0.475 0.06135416666666664 0.0984375
15 0.3293576388888889 0.47578125 0.06061342592592593 0.09921875
12 0.9185416666666667 0.478125 0.059832175925926025 0.09921875
32 0.6223263888888889 0.47578125 0.059670138888888856 0.09609375
20 0.21064814814814814 0.4765625 0.06209490740740744 0.09765625
27 0.7427604166666667 0.478125 0.06135416666666664 0.0984375
5 0.5074826388888889 0.47578125 0.05905092592592585 0.09921875
15 0.2731076388888889 0.47578125 0.062135416666666644 0.0984375
28 0.38967592592592587 0.47890625 0.06287615740740744 0.09765625
28 0.8020949074074075 0.47734375 0.06147569444444443 0.10078125
21 0.45041087962962967 0.475 0.05892939814814824 0.096875
10 0.5654571759259259 0.47890625 0.05901041666666664 0.0984375
24 0.8597858796296297 0.475 0.06061342592592567 0.09921875