36 0.76484375 0.51171875 0.05546875 0.09921875
11 0.12890625 0.5328125 0.04921875 0.09375
30 0.359375 0.525 0.05390625 0.09765625
41 0.590625 0.51875 0.05546875 0.0953125
38 0.64921875 0.515625 0.05625 0.096875
6 0.88203125 0.509375 0.04921875 0.09375
26 0.70703125 0.5140625 0.0546875 0.09765625
6 0.18671875 0.52890625 0.04921875 0.090625
7 0.47734375 0.521875 0.05 0.09765625
31 0.30078125 0.5296875 0.053125 0.096875
7 0.42109375 0.5265625 0.0515625 0.09296875
6 0.82421875 0.5109375 0.05078125 0.09296875
24 0.53359375 0.521875 0.0515625 0.0953125
25 0.24296875 0.52734375 0.0546875 0.09296875