38 0.0578125 0.31484375 0.053125 0.328125
36 0.11953125 0.3734375 0.05390625 0.346875
40 0.178125 0.3640625 0.0546875 0.36875
35 0.2390625 0.4 0.053125 0.36953125
39 0.29921875 0.40859375 0.05078125 0.34609375
41 0.35859375 0.4203125 0.0515625 0.3484375
37 0.41953125 0.46015625 0.05234375 0.35703125
1 0.478125 0.4921875 0.053125 0.34453125
33 0.5359375 0.540625 0.053125 0.34765625
0 0.5953125 0.5734375 0.053125 0.33828125
32 0.65234375 0.5890625 0.0484375 0.328125
34 0.7125 0.63203125 0.05078125 0.30625
34 0.7703125 0.65 0.05234375 0.3375
2 0.8296875 0.71640625 0.0484375 0.315625
3 0.8859375 0.73515625 0.0578125 0.33828125
4 0.94765625 0.76015625 0.0546875 0.36328125