40 0.48359375 0.5375 0.05390625 0.41953125
37 0.8234375 0.61953125 0.04765625 0.3796875
14 0.8828125 0.6375 0.04921875 0.39375
39 0.70859375 0.58984375 0.04453125 0.37890625
2 0.05234375 0.48671875 0.05234375 0.42421875
32 0.31015625 0.50625 0.0515625 0.4140625
41 0.76953125 0.60703125 0.04453125 0.39296875
36 0.596875 0.5609375 0.04765625 0.38359375
35 0.6578125 0.5734375 0.04921875 0.38515625
9 0.93515625 0.65546875 0.0484375 0.39453125
38 0.54609375 0.54921875 0.0484375 0.403125
1 0.365625 0.525 0.053125 0.4140625
34 0.18046875 0.49140625 0.0546875 0.428125
33 0.42578125 0.5328125 0.0515625 0.415625
34 0.11796875 0.4875 0.05390625 0.4296875
0 0.2453125 0.50078125 0.05859375 0.4546875