27 0.8891203703703704 0.2998784722222222 0.06452546296296298 0.3034375000000001
30 0.7933159722222223 0.32921875 0.06854745370370363 0.30517361111111113
1 0.10894097222222224 0.7405729166666667 0.08819444444444446 0.3706770833333334
1 0.2461226851851852 0.6560937499999999 0.08587962962962958 0.36045138888888884
30 0.7383391203703704 0.34890625000000003 0.0669849537037038 0.3051041666666666
27 0.8416377314814815 0.3255034722222222 0.06464120370370381 0.305
6 0.3661168981481482 0.5723784722222222 0.08211805555555554 0.35171875
1 0.17821180555555557 0.7022222222222222 0.08964120370370372 0.36918402777777787
6 0.4253472222222222 0.5572048611111111 0.07945601851851851 0.3578298611111112
30 0.691232638888889 0.3690277777777778 0.06979166666666678 0.3114583333333333
6 0.48249421296296297 0.49274305555555553 0.07662037037037042 0.3405729166666667
14 0.9731987847222221 0.2684375 0.05360243055555571 0.28869791666666667
6 0.303125 0.6214236111111111 0.08197337962962958 0.3602777777777778
8 0.9310474537037038 0.28390624999999997 0.06284722222222214 0.30180555555555555
24 0.6357638888888889 0.39265625000000004 0.0698206018518519 0.32236111111111115
24 0.539699074074074 0.45022569444444444 0.07352430555555571 0.33031249999999995
24 0.5897569444444445 0.42762152777777784 0.07303240740740743 0.3341840277777777