18 0.03372251157407408 0.5042881944444444 0.06744502314814815 0.7160590277777779
41 0.7552951388888889 0.4446701388888889 0.07733217592592609 0.5443749999999999
39 0.8192650462962963 0.43420138888888893 0.07737268518518511 0.54515625
39 0.8765682870370369 0.41638888888888886 0.07574074074074062 0.5287152777777779
32 0.3350462962962963 0.45496527777777784 0.08263888888888893 0.5414930555555555
37 0.6936168981481481 0.4411458333333333 0.07405671296296301 0.5263020833333334
14 0.08125578703703704 0.48675347222222226 0.09549189814814815 0.6691145833333334
35 0.9355671296296297 0.41118055555555555 0.07064814814814824 0.5206944444444443
38 0.6358159722222222 0.4534548611111111 0.07338541666666672 0.5434201388888888
36 0.5754571759259258 0.4546875 0.07557870370370381 0.5255902777777777
40 0.5166203703703703 0.4567708333333334 0.07557870370370363 0.5255902777777777
34 0.45666666666666667 0.4501909722222222 0.07952546296296284 0.526545138888889
2 0.3981944444444444 0.4452430555555555 0.0780150462962963 0.5124479166666667
0 0.2748900462962963 0.4522916666666667 0.08080439814814815 0.5211458333333333
33 0.2108680555555556 0.44866319444444447 0.0868981481481482 0.5635069444444444
1 0.1444849537037037 0.47546875 0.08942129629629632 0.5971354166666666