18 0.9339236111111113 0.5235937500000001 0.09420138888888871 0.714670138888889
41 0.20520833333333335 0.41512152777777783 0.07331597222222222 0.54328125
39 0.1425173611111111 0.40043402777777776 0.07335069444444446 0.5440625000000001
39 0.08717013888888889 0.3788715277777778 0.07184027777777777 0.5276388888888889
32 0.6226736111111111 0.4533333333333333 0.07864583333333339 0.5402777777777779
37 0.26696180555555554 0.41571180555555554 0.07017361111111109 0.5252604166666668
14 0.8723263888888889 0.5018923611111111 0.0905555555555555 0.6677604166666665
35 0.03116319444444444 0.36975694444444446 0.06232638888888888 0.5197222222222223
38 0.32333333333333336 0.43182291666666667 0.06937499999999996 0.5424131944444444
36 0.3833159722222222 0.4370659722222222 0.07170138888888893 0.5245138888888888
40 0.4417013888888889 0.44305555555555554 0.07170138888888893 0.5245138888888888
34 0.5020312499999999 0.4404861111111112 0.075642361111111 0.5253819444444445
2 0.5607291666666667 0.4394444444444444 0.07423611111111121 0.5113020833333334
0 0.6828298611111111 0.45467013888888885 0.07696180555555561 0.5199479166666666
33 0.7469270833333332 0.45531250000000006 0.0827430555555555 0.5622222222222222
1 0.8104513888888889 0.48644097222222216 0.085017361111111 0.5958333333333332