17 0.6393518518518518 0.616087962962963 0.07679398148148149 0.05075231481481488
2 0.7522569444444445 0.40685763888888893 0.06006944444444447 0.05572916666666679
2 0.8510706018518519 0.4833043981481481 0.05610532407407405 0.05465856481481488
34 0.38084490740740745 0.3518518518518518 0.08712384259259257 0.053848379629629586
34 0.3733796296296296 0.2617476851851852 0.08153935185185182 0.051880787037037024
22 0.798582175925926 0.36472800925925924 0.06296296296296297 0.0528356481481481
32 0.85625 0.5300347222222223 0.07552083333333322 0.05454282407407405
30 0.9561921296296297 0.3897569444444445 0.044155092592592385 0.05066550925925917
2 0.9108217592592591 0.387181712962963 0.054918981481481666 0.049131944444444464
17 0.8107349537037039 0.41276041666666663 0.06773726851851833 0.04386574074074083
32 0.8553819444444443 0.3720775462962963 0.07008101851851833 0.044039351851851906
40 0.39568865740740744 0.6923032407407408 0.08423032407407405 0.0567418981481481
34 0.37722800925925926 0.3052372685185185 0.08561921296296297 0.05451388888888893
22 0.7266782407407407 0.5188657407407408 0.0729166666666666 0.06134259259259256
31 0.39913194444444444 0.826099537037037 0.08339120370370372 0.05590277777777786
26 0.75703125 0.5651041666666666 0.06984953703703703 0.06189236111111107
31 0.399074074074074 0.7844618055555556 0.08530092592592595 0.06070601851851869
40 0.394849537037037 0.650607638888889 0.08556134259259256 0.05373263888888893
36 0.3887731481481481 0.478125 0.08075810185185181 0.05182291666666661
28 0.6497685185185185 0.6663483796296296 0.06617476851851851 0.06472800925925917
12 0.6652488425925925 0.5103877314814815 0.05700231481481488 0.05627893518518512
21 0.8067997685185185 0.5931423611111111 0.07355324074074084 0.048958333333333215
26 0.6103587962962963 0.5196759259259259 0.06209490740740744 0.06209490740740744
36 0.3871527777777778 0.3939525462962963 0.08550347222222232 0.05295138888888893
31 0.40014467592592595 0.7381944444444445 0.08585069444444429 0.05763888888888893
31 0.9148726851851852 0.4385416666666666 0.05052083333333357 0.052690972222222146
33 0.613744212962963 0.3785300925925926 0.08420138888888892 0.06684027777777776
4 0.37230902777777775 0.2231770833333333 0.07931134259259257 0.05326967592592595
37 0.749537037037037 0.4647858796296297 0.05509259259259256 0.05147569444444446
41 0.9252893518518519 0.3403356481481482 0.06935763888888893 0.04476273148148149
36 0.3911747685185185 0.4350983796296296 0.0838252314814815 0.051273148148148096
6 0.7953703703703704 0.8004629629629629 0.07155671296296298 0.05347222222222214
34 0.9014467592592592 0.4925347222222222 0.05622106481481452 0.05622106481481488
32 0.9226273148148149 0.545949074074074 0.061747685185185475 0.05740740740740726
40 0.6177662037037037 0.4408854166666666 0.07349537037037042 0.04817708333333322
12 0.6889178240740741 0.46657986111111116 0.06953125 0.047106481481481485
17 0.7552372685185185 0.716579861111111 0.07468171296296297 0.05370370370370381
7 0.8677372685185185 0.42798032407407405 0.05598958333333322 0.05309606481481488
23 0.8208043981481481 0.7010127314814815 0.05555555555555571 0.05772569444444446
32 0.8745081018518519 0.5698784722222222 0.07005208333333357 0.05413773148148149
14 0.3749421296296296 0.17702546296296298 0.08498263888888893 0.04592013888888893
38 0.3881076388888889 0.5189236111111111 0.07526041666666669 0.04053819444444429
38 0.3864872685185185 0.5620081018518519 0.07934027777777786 0.043171296296296194
38 0.38799189814814816 0.6053240740740741 0.07471064814814818 0.043605324074074046
33 0.78203125 0.2700231481481482 0.07228009259259274 0.05274884259259256
35 0.8570023148148149 0.3289930555555556 0.07086226851851833 0.04409722222222223
2 0.95859375 0.2831018518518519 0.05407986111111107 0.04829282407407405
25 0.6883680555555556 0.4209780092592593 0.06739004629629619 0.03917824074074083
25 0.7986689814814815 0.45899884259259255 0.0487268518518519 0.04945023148148131
41 0.6891493055555555 0.5695023148148148 0.042766203703703806 0.05289351851851851
37 0.7243055555555555 0.614525462962963 0.047106481481481485 0.048553240740740834
37 0.931568287037037 0.6055266203703704 0.04444444444444429 0.05457175925925917
15 0.8718171296296295 0.6168113425925925 0.06012731481481488 0.03553240740740726
33 0.7689236111111111 0.669675925925926 0.050868055555555715 0.05737847222222214
41 0.6680844907407407 0.7266203703703704 0.06368634259259257 0.05211226851851869
15 0.6991898148148149 0.8051215277777779 0.06403356481481488 0.05679976851851833
35 0.8208333333333334 0.7536458333333333 0.04704861111111107 0.04777199074074083
16 0.87421875 0.743460648148148 0.04314236111111107 0.04748263888888893
1 0.9087384259259259 0.6910300925925925 0.04542824074074083 0.046875
6 0.7871238425925926 0.5194155092592593 0.051707175925925955 0.05821759259259256
22 0.7284143518518519 0.5166377314814815 0.050289351851851904 0.04956597222222214
6 0.8666377314814815 0.8033854166666667 0.05671296296296298 0.05237268518518547
27 0.8596064814814814 0.6543981481481481 0.05549768518518512 0.03596643518518512
27 0.8365162037037038 0.8600694444444443 0.07789351851851833 0.044618055555555716
28 0.7963252314814815 0.6285011574074074 0.06510416666666678 0.03978587962962976
23 0.747800925925926 0.7639467592592593 0.045775462962962976 0.0515625
15 0.9241319444444445 0.7589409722222222 0.05176504629629619 0.03802083333333339