38 0.88984375 0.73671875 0.06328125 0.34296875
35 0.31875 0.390625 0.07109375 0.33125
38 0.9578125 0.778125 0.0625 0.33671875
36 0.825 0.70234375 0.0609375 0.33671875
35 0.446875 0.46875 0.06953125 0.34921875
40 0.51484375 0.5046875 0.06953125 0.36484375
40 0.57734375 0.5421875 0.07421875 0.37265625
6 0.04609375 0.2375 0.07109375 0.33671875
40 0.63828125 0.58359375 0.06171875 0.36875
6 0.11484375 0.27109375 0.07109375 0.34609375
35 0.38203125 0.425 0.06796875 0.33984375
36 0.76484375 0.65546875 0.05859375 0.3140625
6 0.18203125 0.3109375 0.05390625 0.3484375
6 0.24921875 0.35234375 0.0484375 0.334375
36 0.70078125 0.615625 0.0546875 0.33515625