38 0.4365451388888889 0.48734374999999996 0.08703703703703702 0.33402777777777787
40 0.20419560185185187 0.3437673611111111 0.08793402777777777 0.3776736111111111
9 0.8450520833333333 0.7500520833333333 0.08272569444444429 0.3494097222222223
40 0.2657118055555555 0.3809895833333333 0.0841435185185185 0.35803819444444446
38 0.3809606481481481 0.44411458333333337 0.07800925925925925 0.33829861111111104
36 0.6138888888888889 0.6010416666666666 0.07931134259259273 0.3453645833333333
19 0.9065682870370371 0.7872743055555557 0.07936921296296298 0.34614583333333326
36 0.5524305555555555 0.5630381944444445 0.08006365740740744 0.3344965277777778
33 0.14794560185185185 0.3201041666666667 0.0828125 0.36109375000000005
41 0.790162037037037 0.7186111111111112 0.07786458333333321 0.34685763888888876
38 0.31947337962962963 0.41708333333333336 0.08090277777777777 0.3353125
41 0.667042824074074 0.6347569444444444 0.07905092592592596 0.35236111111111124
33 0.03318865740740741 0.25034722222222217 0.06637731481481482 0.35100694444444447
41 0.7296296296296296 0.6681076388888888 0.07708333333333321 0.3468229166666667
36 0.49699074074074073 0.5284375 0.07876157407407405 0.32743055555555556
33 0.08721064814814813 0.28291666666666665 0.08333333333333334 0.36812500000000004