35 0.64296875 0.475 0.05234375 0.4234375
7 0.76796875 0.46875 0.05234375 0.44375
35 0.57578125 0.48828125 0.0515625 0.403125
25 0.11484375 0.65546875 0.05625 0.4625
41 0.8359375 0.45390625 0.0515625 0.4015625
25 0.18359375 0.646875 0.0578125 0.44375
35 0.515625 0.4984375 0.05078125 0.4078125
19 0.04296875 0.62109375 0.05859375 0.45546875
25 0.2453125 0.603125 0.05625 0.4515625
36 0.31484375 0.5671875 0.0578125 0.4359375
7 0.703125 0.47734375 0.05234375 0.45234375
36 0.446875 0.52109375 0.05546875 0.43125
41 0.89453125 0.4375 0.05234375 0.3875
41 0.953125 0.41328125 0.05078125 0.39765625
36 0.3796875 0.5546875 0.053125 0.44296875