14 0.9088020833333333 0.6794270833333333 0.06684027777777786 0.37326388888888895
36 0.09506944444444446 0.30219907407407404 0.05260416666666665 0.29467592592592595
38 0.14413194444444444 0.2933449074074074 0.04222222222222225 0.3192708333333333
40 0.189375 0.3237268518518518 0.05869791666666666 0.35813078703703705
41 0.24312500000000004 0.34988425925925926 0.05307291666666671 0.315769675925926
39 0.29385416666666664 0.38084490740740745 0.05835069444444443 0.34250578703703705
37 0.34593749999999995 0.4023726851851852 0.0561805555555555 0.31510416666666663
37 0.4014236111111111 0.43628472222222225 0.06282986111111111 0.36843171296296295
35 0.4583159722222222 0.46310763888888895 0.0633506944444445 0.3567418981481481
2 0.5173090277777778 0.47890625 0.06401041666666671 0.3161747685185185
34 0.5768229166666666 0.5181423611111111 0.06848958333333321 0.37722800925925914
0 0.6401215277777779 0.5517650462962963 0.06970486111111107 0.39678819444444446
32 0.7032812500000001 0.5791377314814815 0.06532986111111114 0.3755497685185185
1 0.7680208333333334 0.6072337962962964 0.07491319444444447 0.3852719907407408
33 0.8378819444444445 0.6546875 0.07144097222222215 0.4046585648148149