35 0.5569270833333333 0.46553819444444444 0.08953124999999992 0.14010995370370374
34 0.6888541666666667 0.42690972222222223 0.09057291666666671 0.14405671296296294
28 0.10354166666666667 0.6340972222222222 0.10473958333333333 0.16970486111111108
28 0.0330078125 0.6600289351851851 0.066015625 0.17044560185185187
35 0.41760416666666667 0.5210300925925926 0.09619791666666658 0.1583622685185185
12 0.18609375 0.6070196759259259 0.11135416666666668 0.18717592592592602
34 0.75078125 0.4034664351851852 0.09203124999999997 0.14257523148148152
34 0.6256770833333334 0.4455844907407407 0.08958333333333339 0.14089120370370373
35 0.48791666666666667 0.48939814814814814 0.09052083333333343 0.14327546296296295
31 0.8130208333333334 0.3870949074074074 0.08135416666666657 0.13423611111111108
12 0.26875 0.5783796296296296 0.10713541666666666 0.18228587962962967
12 0.3431770833333333 0.5438252314814814 0.09885416666666665 0.1631712962962963
31 0.8735416666666665 0.37298611111111113 0.08369791666666657 0.13435763888888896
31 0.9335416666666667 0.3549305555555556 0.07796875000000014 0.130167824074074