18 0.5350173611111111 0.4104513888888889 0.09819444444444443 0.10486111111111107
20 0.64015625 0.14543402777777778 0.08897569444444446 0.09035300925925926
11 0.45861111111111114 0.6029108796296296 0.0921180555555555 0.1084432870370371
4 0.4290277777777778 0.6738657407407407 0.09164930555555557 0.11543402777777771
15 0.6149826388888889 0.21038194444444444 0.09071180555555554 0.0943402777777778
16 0.3247395833333333 0.9388859953703704 0.08897569444444446 0.1222280092592591
13 0.3474305555555556 0.8722916666666667 0.0848263888888889 0.11975694444444436
34 0.5098090277777778 0.4746180555555556 0.09361111111111117 0.1069618055555555
9 0.589201388888889 0.2791956018518519 0.09642361111111111 0.10009259259259258
6 0.6693749999999999 0.08381365740740741 0.09315972222222228 0.09680555555555556
37 0.48375 0.537181712962963 0.0913368055555555 0.10840277777777771
10 0.560625 0.33773148148148147 0.07289930555555557 0.0793865740740741
22 0.29842013888888885 0.9719560185185184 0.08579861111111117 0.056087962962963187
3 0.37722222222222224 0.8060243055555555 0.09019097222222232 0.1176967592592593
36 0.40381944444444445 0.7380324074074075 0.09239583333333332 0.1146932870370371