18 0.5509895833333334 0.4456944444444444 0.08730902777777771 0.1019212962962964
9 0.6558159722222222 0.3752430555555556 0.08888888888888893 0.10279513888888889
20 0.7583159722222221 0.30387152777777776 0.08805555555555564 0.10040509259259256
22 0.08689236111111112 0.7717824074074074 0.08385416666666665 0.12200231481481491
13 0.19029513888888888 0.6949884259259258 0.07963541666666663 0.10770833333333343
22 0.017808159722222223 0.8406365740740741 0.03561631944444445 0.10549189814814816
11 0.3984375 0.5516493055555556 0.08904513888888896 0.10982638888888889
16 0.13859375 0.7333854166666667 0.08451388888888892 0.11657986111111107
10 0.6018229166666667 0.4111574074074074 0.08652777777777772 0.10187500000000008
34 0.5002083333333334 0.47788773148148145 0.08581597222222222 0.10495370370370374
15 0.7067361111111111 0.3367997685185185 0.08965277777777772 0.10206018518518523
6 0.8114930555555556 0.26947337962962964 0.09364583333333343 0.10619791666666663
37 0.44854166666666667 0.5147222222222222 0.08503472222222222 0.10490740740740741
21 0.9689062500000001 0.15598379629629627 0.060381944444444356 0.11905092592592595
21 0.8600347222222222 0.2324537037037037 0.09835069444444429 0.10725694444444445
36 0.2920486111111111 0.6220081018518518 0.08592013888888897 0.10964120370370374
3 0.24503472222222222 0.6606828703703703 0.08043402777777775 0.10853587962962977
4 0.3452604166666667 0.5860474537037037 0.08668402777777776 0.10890625000000007