18 0.5317939814814815 0.6088541666666667 0.08877893518518523 0.10247685185185187
13 0.19026041666666665 0.32957175925925924 0.08671875 0.10787615740740737
20 0.7278414351851852 0.7664583333333332 0.09252314814814824 0.09946759259259252
11 0.3894328703703704 0.4872685185185185 0.08898148148148141 0.10638310185185187
16 0.14244791666666667 0.28590277777777773 0.08531828703703703 0.11095486111111104
15 0.6789236111111111 0.7290162037037037 0.09178240740740744 0.10022569444444436
22 0.09381365740740741 0.24299189814814817 0.08806712962962963 0.11883680555555554
34 0.48299768518518515 0.569068287037037 0.08811921296296284 0.1047974537037037
6 0.7775405092592592 0.8039236111111112 0.0935474537037038 0.1041782407407407
10 0.5823958333333333 0.6439988425925927 0.08960069444444443 0.10328125000000003
3 0.23839699074074075 0.3669907407407408 0.08519675925925921 0.10861111111111103
22 0.023450520833333332 0.16406828703703705 0.046901041666666664 0.10311342592592591
9 0.6311111111111111 0.6853472222222223 0.09112268518518522 0.10254629629629619
21 0.8262152777777778 0.8460532407407408 0.09807291666666665 0.10119212962962969
37 0.4342824074074074 0.5277199074074075 0.08651620370370364 0.10396990740740755
4 0.33829282407407407 0.44741319444444444 0.08890046296296301 0.10482060185185187
36 0.28641203703703705 0.4067534722222222 0.0883217592592592 0.1087037037037037
21 0.9234432870370369 0.93265625 0.06524884259259238 0.11504050925925924