18 0.5302719907407407 0.5925115740740741 0.08817708333333343 0.10293402777777771
13 0.31862847222222224 0.13359375 0.08293981481481483 0.11827546296296294
20 0.6553587962962963 0.8557638888888889 0.08798032407407401 0.08965277777777772
4 0.40441550925925923 0.3300810185185185 0.08364004629629633 0.11284722222222224
16 0.2878761574074074 0.06325810185185185 0.08458333333333332 0.12382523148148147
10 0.5579224537037037 0.6645717592592593 0.0643229166666666 0.07359374999999986
22 0.2575636574074074 0.03036747685185185 0.08543981481481477 0.0607349537037037
34 0.5027488425925926 0.5290451388888889 0.08982060185185184 0.1084837962962963
11 0.4413831018518518 0.3977488425925926 0.084375 0.10976273148148152
9 0.5900520833333334 0.7223263888888889 0.09049768518518526 0.1014930555555555
15 0.62390625 0.7909375 0.08963541666666668 0.0959837962962963
3 0.3477372685185185 0.19854166666666667 0.08682291666666675 0.11691550925925931
37 0.47052662037037035 0.4650405092592592 0.0858680555555555 0.10515624999999992
6 0.6844212962962963 0.9175868055555554 0.0895543981481481 0.09051504629629648
36 0.38076388888888885 0.26406828703703705 0.08601851851851858 0.11531250000000001