13 0.48828125 0.0546875 0.05859375 0.08359375
17 0.47109375 0.68125 0.0578125 0.0796875
34 0.4921875 0.5203125 0.05703125 0.07578125
32 0.4703125 0.8453125 0.0625 0.0828125
4 0.4890625 0.28671875 0.0578125 0.0796875
36 0.490625 0.21171875 0.0578125 0.08046875
3 0.490625 0.13203125 0.0609375 0.08203125
11 0.49140625 0.36953125 0.05859375 0.07265625
8 0.47578125 0.76484375 0.059375 0.0796875
27 0.4703125 0.92734375 0.0625 0.0796875
37 0.4921875 0.44296875 0.059375 0.07265625
7 0.47421875 0.603125 0.059375 0.078125
41 0.47109375 0.98046875 0.0578125 0.0390625