16 0.6972685185185185 0.0645138888888889 0.08341435185185198 0.11619212962962963
32 0.45109374999999996 0.8256365740740741 0.09071180555555554 0.09438078703703709
4 0.6028993055555556 0.33010416666666664 0.07978009259259267 0.10757523148148156
8 0.4748206018518518 0.7516261574074073 0.09085069444444435 0.0967245370370371
17 0.4972164351851852 0.6815104166666667 0.09186342592592603 0.10063657407407404
13 0.6713310185185185 0.12757523148148148 0.08322916666666665 0.11306712962962964
11 0.5755844907407408 0.39627893518518514 0.08515625 0.10605324074074077
27 0.4308101851851852 0.891863425925926 0.09310185185185187 0.09517939814814795
34 0.5296412037037037 0.5302546296296297 0.08823495370370367 0.10529513888888893
3 0.6463599537037037 0.19376736111111112 0.08401041666666664 0.11307291666666668
41 0.40340277777777783 0.9560112847222222 0.08960648148148138 0.08797743055555571
37 0.5544733796296296 0.46171875 0.08722222222222217 0.1013831018518518
36 0.6247916666666666 0.2646701388888889 0.08387152777777782 0.11072916666666668
7 0.5228298611111111 0.612980324074074 0.090625 0.10609375000000014