26 0.40040509259259255 0.5696990740740742 0.05740740740740744 0.07967013888888878
0 0.2925347222222222 0.5705150462962963 0.059519675925925955 0.07657986111111122
17 0.13130787037037037 0.5689930555555556 0.06576967592592595 0.07667245370370371
14 0.9131655092592592 0.5761805555555556 0.05844907407407405 0.07266203703703696
29 0.3457175925925926 0.5705092592592592 0.059403935185185205 0.07501736111111121
30 0.18666087962962963 0.5666087962962962 0.06281828703703703 0.07896990740740736
41 0.8621527777777779 0.5738078703703703 0.05520833333333357 0.07105324074074063
2 0.23912037037037037 0.5673958333333333 0.06108217592592595 0.0766030092592592
4 0.5052662037037037 0.5704918981481482 0.05639467592592595 0.07653356481481488
38 0.7111400462962963 0.5729166666666666 0.06096643518518512 0.07504050925925938
24 0.5553819444444444 0.5713136574074074 0.05717592592592595 0.07654513888888896
3 0.4528645833333334 0.570486111111111 0.05645254629629619 0.07731481481481488
1 0.6077835648148149 0.5713194444444445 0.05706018518518512 0.07498263888888897
5 0.8129340277777779 0.5745370370370371 0.05538194444444429 0.0733969907407408
7 0.6586805555555555 0.5721296296296297 0.058796296296296194 0.07734953703703695
36 0.7613136574074074 0.574519675925926 0.05940393518518512 0.07501736111111121