26 0.93203125 0.328125 0.05703125 0.09609375
17 0.0609375 0.33046875 0.059375 0.1015625
4 0.4203125 0.33671875 0.05703125 0.0953125
14 0.8765625 0.32734375 0.05703125 0.09375
41 0.81953125 0.32890625 0.05703125 0.0953125
24 0.47578125 0.35546875 0.05625 0.096875
30 0.121875 0.328125 0.06171875 0.09921875
0 0.23984375 0.3421875 0.05859375 0.09921875
3 0.36171875 0.35390625 0.0609375 0.10078125
29 0.29921875 0.375 0.05859375 0.10234375
38 0.65 0.340625 0.05859375 0.0984375
2 0.1828125 0.3390625 0.0609375 0.10390625
5 0.7640625 0.34609375 0.05859375 0.1015625
7 0.59375 0.3546875 0.05859375 0.1015625
1 0.53828125 0.34921875 0.05703125 0.09921875
36 0.7078125 0.34140625 0.06015625 0.09921875