26 0.1921875 0.9390625 0.090625 0.11015625
17 0.9453125 0.35390625 0.08828125 0.115625
0 0.784375 0.4609375 0.0875 0.1140625
24 0.575 0.609375 0.08828125 0.11484375
14 0.24453125 0.9046875 0.08828125 0.1046875
29 0.72109375 0.48046875 0.08984375 0.11796875
4 0.6328125 0.5890625 0.0890625 0.11171875
1 0.53046875 0.65546875 0.08984375 0.11328125
2 0.83515625 0.43046875 0.09140625 0.11953125
3 0.678125 0.53671875 0.08984375 0.11640625
41 0.28828125 0.86640625 0.08515625 0.1078125
38 0.43359375 0.7375 0.08828125 0.1125
30 0.89296875 0.3984375 0.08828125 0.115625
5 0.3328125 0.81171875 0.08984375 0.109375
36 0.384375 0.77578125 0.08828125 0.11171875
7 0.475 0.6859375 0.090625 0.115625