26 0.9375 0.63515625 0.0828125 0.1109375
14 0.89375 0.59921875 0.08046875 0.1078125
17 0.184375 0.059375 0.09296875 0.1171875
29 0.375 0.259375 0.0859375 0.1171875
24 0.5375 0.36015625 0.08515625 0.1140625
30 0.2375 0.096875 0.09375 0.11484375
3 0.4359375 0.28046875 0.08671875 0.11796875
2 0.28515625 0.1515625 0.0953125 0.115625
41 0.8421875 0.5625 0.07734375 0.1046875
38 0.68671875 0.46171875 0.08359375 0.1140625
0 0.3328125 0.190625 0.090625 0.11171875
4 0.49140625 0.29921875 0.0828125 0.1109375
1 0.58359375 0.39296875 0.0859375 0.11640625
36 0.73515625 0.5 0.08203125 0.1125
5 0.78515625 0.54609375 0.08203125 0.115625
7 0.63203125 0.43828125 0.0875 0.11953125