26 0.55234375 0.58984375 0.078125 0.090625
17 0.8359375 0.30390625 0.08046875 0.10078125
0 0.69609375 0.30703125 0.0921875 0.11796875
14 0.59921875 0.44296875 0.08984375 0.096875
29 0.6671875 0.396875 0.08671875 0.10390625
32 0.42265625 0.51015625 0.071875 0.10546875
2 0.765625 0.3234375 0.06484375 0.10859375
16 0.29921875 0.60078125 0.0765625 0.1015625
11 0.6015625 0.31015625 0.09296875 0.12109375
24 0.36953125 0.71875 0.0828125 0.09140625
9 0.2328125 0.49765625 0.0984375 0.1234375
30 0.77265625 0.21484375 0.08671875 0.10078125
22 0.32890625 0.46484375 0.0953125 0.128125
27 0.49453125 0.5296875 0.059375 0.09375
10 0.7328125 0.1046875 0.08515625 0.10625
41 0.459375 0.2515625 0.08515625 0.13828125
1 0.32265625 0.7609375 0.08671875 0.09375
3 0.47578125 0.63984375 0.065625 0.08359375
38 0.20625 0.85 0.0875 0.08828125
15 0.45859375 0.38828125 0.10078125 0.11171875
7 0.27578125 0.82421875 0.0953125 0.08671875
36 0.153125 0.88359375 0.090625 0.08828125
5 0.13828125 0.6125 0.0984375 0.07265625
8 0.64296875 0.21953125 0.1 0.13984375
4 0.3984375 0.61796875 0.06796875 0.09140625
36 0.05859375 0.95625 0.07265625 0.08515625
38 0.021875 0.9765625 0.04375 0.046875
3 0.25234375 0.7234375 0.0890625 0.096875