26 0.05245949074074073 0.6135937499999999 0.08469328703703705 0.09838541666666671
18 0.7502025462962963 0.5943229166666667 0.0669849537037038 0.08317708333333336
12 0.6338541666666666 0.585 0.06076388888888893 0.08354166666666671
23 0.1355613425925926 0.5901562499999999 0.07445023148148149 0.09536458333333328
17 0.690133101851852 0.5879687499999999 0.06232638888888893 0.08364583333333328
20 0.8261284722222222 0.6166145833333333 0.078125 0.06833333333333336
40 0.4057581018518518 0.5478645833333333 0.05755208333333339 0.08098958333333339
34 0.5051215277777779 0.5717187499999999 0.059259259259259164 0.08500000000000014
31 0.20729166666666665 0.5988541666666667 0.08929398148148149 0.07531250000000007
21 0.4530960648148148 0.5596354166666666 0.05373263888888893 0.08307291666666679
36 0.2011574074074074 0.531875 0.09184027777777777 0.08093749999999993
14 0.299681712962963 0.5783854166666667 0.06753472222222223 0.09802083333333336
37 0.5760127314814815 0.5819270833333333 0.05914351851851851 0.08187499999999996
39 0.9160300925925926 0.6210416666666667 0.07737268518518511 0.09010416666666679
6 0.8386863425925926 0.5524479166666667 0.07994791666666679 0.07546874999999993
35 0.35292245370370373 0.55765625 0.06322337962962958 0.08682291666666657