13 0.5720891203703704 0.7639756944444445 0.08653356481481485 0.09927662037037024
15 0.4335185185185185 0.4379340277777778 0.08460648148148149 0.12722800925925934
29 0.5249305555555556 0.4843460648148148 0.07445023148148149 0.12647569444444445
24 0.45588541666666665 0.6278935185185185 0.07921875000000007 0.1322916666666666
10 0.5141030092592592 0.8621238425925926 0.06979745370370374 0.12847222222222215
22 0.49755208333333334 0.378443287037037 0.0720949074074074 0.1255208333333334
4 0.4773206018518518 0.27983217592592596 0.07662037037037042 0.11493055555555554
8 0.4748900462962963 0.7492766203703705 0.07217592592592599 0.13098958333333321
0 0.5433796296296297 0.6738136574074074 0.08656828703703709 0.10162037037037024
2 0.5264814814814816 0.5890335648148148 0.08667245370370366 0.10865162037037042
3 0.4226041666666667 0.12355324074074074 0.06661458333333332 0.12433449074074074
38 0.4667766203703704 0.20162037037037034 0.08049189814814817 0.11287615740740745
1 0.4469849537037037 0.03899739583333333 0.07798611111111117 0.07799479166666666