0 0.402806712962963 0.639699074074074 0.10546875 0.1280555555555555
13 0.3641493055555555 0.71453125 0.10083912037037042 0.129548611111111
15 0.49826388888888895 0.38892939814814814 0.08946759259259274 0.07550347222222217
3 0.6976273148148149 0.22104166666666666 0.09652777777777785 0.07638888888888884
2 0.45049189814814816 0.5764583333333333 0.10601851851851851 0.12181712962962958
24 0.38868634259259255 0.511712962962963 0.0854456018518519 0.11448495370370378
29 0.5166087962962963 0.5254513888888889 0.10431134259259256 0.11788773148148142
22 0.5703993055555555 0.4371064814814815 0.10436921296296298 0.1194502314814816
10 0.26979166666666665 0.6995138888888889 0.0984375 0.12795138888888893
4 0.6233506944444445 0.36831597222222223 0.10387731481481488 0.10616898148148142
30 0.18301504629629628 0.6992361111111112 0.09476273148148148 0.1130613425925926
38 0.6636863425925925 0.3176909722222222 0.10144675925925917 0.10379050925925926
8 0.32144097222222223 0.5955671296296297 0.09829282407407405 0.12404513888888893
41 0.15529513888888888 0.795011574074074 0.0921585648148148 0.12707754629629625
41 0.061487268518518524 0.8792592592592593 0.060706018518518534 0.10006365740740755
1 0.772193287037037 0.20821180555555557 0.08243634259259273 0.09648148148148143
7 0.8478587962962963 0.1828587962962963 0.10561342592592596 0.0897974537037037