0 0.446875 0.7109375 0.090625 0.10859375
29 0.5046875 0.5328125 0.07734375 0.1171875
24 0.39453125 0.60546875 0.05625 0.115625
15 0.44453125 0.425 0.07890625 0.09453125
2 0.4671875 0.6234375 0.090625 0.10859375
8 0.3640625 0.72265625 0.0640625 0.12109375
4 0.54921875 0.3234375 0.084375 0.07890625
22 0.52109375 0.421875 0.0734375 0.11328125
10 0.35078125 0.84765625 0.06796875 0.12890625
30 0.278125 0.90546875 0.07109375 0.08671875
1 0.62109375 0.08125 0.0953125 0.10625
3 0.56328125 0.146875 0.09375 0.1125
38 0.565625 0.25078125 0.08828125 0.08203125
7 0.67890625 0.0359375 0.0984375 0.071875
13 0.43984375 0.80703125 0.0875 0.1171875