20 0.9135937500000001 0.2843981481481482 0.07451388888888885 0.10021412037037045
11 0.650005787037037 0.5358969907407408 0.08450810185185187 0.09769097222222207
22 0.5573032407407407 0.6221064814814815 0.08795717592592603 0.10412615740740741
16 0.6035937499999999 0.5778298611111111 0.08627314814814824 0.10168981481481473
29 0.519230324074074 0.6737326388888889 0.08861689814814824 0.10182870370370374
41 0.3247337962962963 0.8521759259259258 0.09827546296296301 0.10785300925925938
32 0.7405671296296296 0.45373263888888893 0.08310763888888886 0.10072337962962977
28 0.8288657407407406 0.3732696759259259 0.0736516203703701 0.09860532407407403
6 0.22359953703703708 0.9420196759259258 0.10095486111111107 0.09944444444444471
4 0.47125578703703697 0.7157581018518518 0.09264467592592603 0.10440393518518523
19 0.7857002314814815 0.41736111111111107 0.07891782407407408 0.09502314814814809
33 0.8697280092592592 0.3300983796296296 0.07611689814814823 0.10108796296296294
1 0.42266203703703703 0.7609548611111111 0.09358796296296301 0.10757523148148156
31 0.3741087962962963 0.8069328703703704 0.09589120370370363 0.10693287037037039
5 0.6942361111111112 0.49722800925925925 0.0803587962962963 0.09277199074074076
7 0.27618055555555554 0.898153935185185 0.1000810185185185 0.11263310185185205
39 0.21641203703703704 0.7731770833333333 0.08609953703703699 0.11336226851851841
6 0.1447511574074074 0.9780381944444445 0.0798263888888889 0.03744212962962976