20 0.8484895833333332 0.6671875 0.07854166666666665 0.1
16 0.5442708333333333 0.390625 0.08614583333333332 0.096875
22 0.5025000000000001 0.34921875 0.08765624999999985 0.09609375
41 0.2693229166666667 0.13203125 0.09572916666666664 0.1
6 0.16854166666666665 0.05 0.105625 0.09609375
32 0.6786458333333334 0.5078125 0.08625000000000008 0.0984375
29 0.4596875000000001 0.3 0.09088541666666679 0.09765625
11 0.5877083333333333 0.43046875 0.08692708333333332 0.096875
1 0.36505208333333333 0.21953125 0.09723958333333335 0.09921875
33 0.8045833333333334 0.62265625 0.07989583333333314 0.096875
4 0.41208333333333336 0.2640625 0.09401041666666661 0.09765625
31 0.31796875 0.17578125 0.09572916666666664 0.1
28 0.7650520833333333 0.5828125 0.0814583333333335 0.096875
5 0.6336979166666667 0.4671875 0.08661458333333343 0.0921875
19 0.7229166666666667 0.546875 0.08203125 0.09375
7 0.21817708333333333 0.090625 0.09984374999999997 0.103125
39 0.15880208333333334 0.21953125 0.09270833333333335 0.11328125
6 0.09088541666666668 0.01953125 0.08067708333333332 0.03828125