26 0.6884375 0.321875 0.08218749999999986 0.09777777777777778
0 0.58859375 0.5911284722222222 0.08953124999999992 0.10262152777777764
12 0.7892708333333334 0.06746527777777778 0.06979166666666678 0.09906250000000001
15 0.6414583333333332 0.45968749999999997 0.08802083333333321 0.10336805555555557
23 0.7209895833333333 0.2601909722222222 0.08166666666666664 0.10166666666666666
24 0.6105208333333334 0.5221875 0.09197916666666668 0.10423611111111111
18 0.77 0.12944444444444445 0.07791666666666668 0.115625
2 0.48421875 0.8626215277777778 0.09140625 0.09564236111111128
27 0.6658333333333333 0.39236111111111116 0.08619791666666661 0.09942708333333332
25 0.74140625 0.19199652777777776 0.0838541666666666 0.1110763888888889
38 0.5352083333333333 0.7264583333333333 0.0861458333333335 0.09864583333333332
36 0.5076562499999999 0.7929340277777778 0.09052083333333343 0.09406250000000008
35 0.5619791666666666 0.6599652777777777 0.08864583333333335 0.10104166666666678
13 0.4593229166666667 0.9338368055555556 0.08843749999999986 0.08621527777777764
8 0.4340104166666666 0.9825694444444444 0.08093749999999993 0.03486111111111114