3 0.03359375 0.40546875 0.053125 0.56640625
8 0.08828125 0.4328125 0.05390625 0.5484375
9 0.1421875 0.43515625 0.04609375 0.528125
24 0.1921875 0.478125 0.0515625 0.57734375
21 0.253125 0.45703125 0.04921875 0.54765625
16 0.3078125 0.515625 0.05390625 0.5796875
27 0.36484375 0.52578125 0.0484375 0.5625
30 0.41953125 0.54765625 0.05234375 0.58203125
33 0.4765625 0.53984375 0.05703125 0.5671875
16 0.5390625 0.58046875 0.05 0.5875
11 0.59765625 0.59296875 0.05703125 0.575
6 0.65546875 0.56171875 0.0515625 0.57421875
1 0.71328125 0.56171875 0.05234375 0.621875
1 0.77265625 0.56640625 0.06171875 0.6328125
24 0.83203125 0.63203125 0.053125 0.64140625
27 0.8890625 0.62578125 0.05703125 0.60390625
30 0.94921875 0.640625 0.06484375 0.60859375