1 0.3588252314814815 0.4601967592592593 0.14363425925925916 0.21184027777777778
10 0.954398148148148 0.48678819444444443 0.09120370370370381 0.22033564814814816
26 0.685474537037037 0.3050462962962963 0.11805555555555554 0.21654513888888882
26 0.5805844907407407 0.36603009259259256 0.12954282407407405 0.21064236111111115
24 0.10295138888888891 0.5412962962962963 0.16142939814814813 0.22875578703703708
24 0.22262731481481485 0.47831018518518514 0.17039930555555555 0.23916666666666658
29 0.47144097222222225 0.4177546296296296 0.1359953703703704 0.2162962962962963
22 0.9137442129629629 0.21772569444444442 0.11643518518518511 0.21493634259259267
15 0.8833043981481481 0.5572800925925925 0.18376736111111108 0.22083333333333321
20 0.7925636574074074 0.2612037037037037 0.11753472222222214 0.22355324074074073
7 0.9804615162037038 0.16240162037037037 0.03907696759259238 0.21609375000000003