22 0.7722395833333333 0.6044965277777778 0.1632291666666667 0.20288194444444443
22 0.6521874999999999 0.5617997685185185 0.1258333333333333 0.14485532407407398
22 0.5265625 0.5205034722222222 0.12281250000000003 0.13462962962962965
2 0.8196354166666666 0.4102025462962963 0.11666666666666643 0.12431134259259266
2 0.6929166666666667 0.37357060185185187 0.11416666666666657 0.12189814814814817
2 0.5721875 0.34103009259259254 0.11854166666666668 0.11734953703703699
39 0.8603125 0.24623842592592596 0.10817708333333335 0.12561921296296302
39 0.7382291666666667 0.21052662037037034 0.10630208333333328 0.12088541666666668
39 0.6160416666666666 0.1763773148148148 0.11697916666666668 0.11730324074074075
37 0.7261458333333334 0.8027430555555556 0.12614583333333335 0.149542824074074
37 0.5917708333333334 0.7517939814814815 0.11677083333333335 0.14926504629629633
37 0.46130208333333333 0.7127025462962964 0.10973958333333336 0.12566550925925918
36 0.19140625 0.2757349537037037 0.10218749999999996 0.1059490740740741
36 0.0834375 0.22791666666666668 0.1028125 0.11532407407407401