0 0.3201793981481481 0.4460243055555555 0.0571006944444445 0.10821180555555543
32 0.6250983796296297 0.45609374999999996 0.06123842592592599 0.11605324074074072
32 0.5656770833333333 0.45409143518518513 0.05891782407407398 0.11681712962962969
0 0.3834837962962963 0.4472743055555556 0.058686342592592665 0.10900462962962969
0 0.44515625 0.44616898148148143 0.05928240740740733 0.10276041666666665
22 0.19816550925925927 0.4404340277777778 0.05804398148148149 0.11368634259259255
22 0.25993055555555555 0.44245370370370374 0.05802083333333332 0.11290509259259256
22 0.1372511574074074 0.4407638888888889 0.06287037037037035 0.1184085648148148
11 0.6853240740740741 0.4588831018518519 0.059652777777777645 0.11526041666666664
11 0.8056828703703705 0.4613368055555555 0.061168981481481664 0.11370949074074073
32 0.5063020833333333 0.4536516203703703 0.058090277777777644 0.11524884259259256
41 0.8643460648148149 0.4641145833333333 0.06031828703703681 0.11135995370370359
41 0.9262037037037036 0.4692592592592593 0.05946759259259267 0.10901041666666664
19 0.8224652777777777 0.2896238425925926 0.06597222222222214 0.11765046296296297
11 0.7439641203703704 0.4608796296296296 0.059675925925925986 0.11604166666666664