35 0.8823206018518519 0.5473611111111112 0.05715856481481509 0.11652777777777779
35 0.82296875 0.5431597222222222 0.05641203703703681 0.11883680555555554
37 0.27085648148148145 0.5029861111111111 0.061111111111111074 0.11982638888888886
35 0.7628587962962963 0.5373611111111111 0.057962962962962904 0.11812500000000004
37 0.3325636574074074 0.5065104166666666 0.05954861111111107 0.11975694444444436
37 0.2091840277777778 0.49711805555555555 0.06031828703703699 0.11901041666666679
39 0.6418113425925925 0.5288541666666667 0.05715856481481474 0.11652777777777779
31 0.14747685185185183 0.49359374999999994 0.061111111111111074 0.11982638888888886
41 0.45595486111111116 0.5151215277777779 0.05954861111111107 0.11975694444444436
31 0.08342592592592593 0.48996527777777776 0.06270833333333332 0.12223958333333336
41 0.39739583333333334 0.5101736111111111 0.06032986111111116 0.1197916666666666
39 0.5777719907407407 0.5244444444444445 0.05874421296296291 0.11815972222222229
39 0.7027141203703703 0.53390625 0.05480324074074083 0.11564236111111122
41 0.518431712962963 0.5194618055555555 0.0603067129629629 0.11822916666666679
19 0.7687094907407408 0.3007465277777778 0.059525462962962905 0.11819444444444445
13 0.8288541666666667 0.30420138888888887 0.056342592592592666 0.11414930555555554