20 0.19921875 0.6421875 0.059375 0.10703125
25 0.55 0.60390625 0.0609375 0.10703125
11 0.61484375 0.5984375 0.0609375 0.1046875
21 0.7546875 0.58828125 0.0484375 0.09609375
22 0.48359375 0.61015625 0.0640625 0.10390625
34 0.05390625 0.6546875 0.0640625 0.10625
23 0.27109375 0.634375 0.06171875 0.1078125
26 0.33828125 0.6234375 0.06484375 0.11171875
34 0.12578125 0.6484375 0.0625 0.10546875
16 0.68515625 0.59375 0.0578125 0.10078125
17 0.4140625 0.61640625 0.06484375 0.103125
9 0.5765625 0.32734375 0.065625 0.09453125
18 0.45 0.334375 0.06328125 0.0953125
1 0.82109375 0.59140625 0.04921875 0.08984375
1 0.8859375 0.5859375 0.05 0.0921875
3 0.2609375 0.3484375 0.06015625 0.096875
14 0.63671875 0.32265625 0.06328125 0.09375
19 0.69609375 0.31171875 0.06328125 0.0875
1 0.94921875 0.57890625 0.05390625 0.09765625
3 0.5140625 0.3328125 0.06640625 0.0953125
8 0.32265625 0.34765625 0.0578125 0.08828125
13 0.3875 0.34375 0.05859375 0.08671875