4 0.06909722222222223 0.5361631944444445 0.08597222222222223 0.6700000000000002
38 0.13451388888888888 0.5680555555555555 0.08588541666666667 0.6153645833333332
38 0.20251736111111113 0.60546875 0.0870486111111111 0.6590972222222223
38 0.2675694444444444 0.6115972222222222 0.08539930555555557 0.6395486111111112
2 0.3322395833333333 0.6091319444444444 0.08661458333333334 0.6317708333333332
2 0.39642361111111113 0.6308506944444444 0.08862847222222214 0.6419618055555556
7 0.46109375 0.6283854166666667 0.09222222222222207 0.6350173611111112
7 0.5269618055555556 0.6353125000000001 0.09414930555555542 0.6608159722222222
7 0.5927951388888889 0.6414583333333332 0.09034722222222236 0.6279513888888889
31 0.6585590277777778 0.6460416666666667 0.09355902777777772 0.6475347222222222
31 0.7237847222222222 0.6209548611111111 0.09708333333333333 0.7092708333333333
31 0.7894097222222223 0.6224131944444444 0.09380208333333329 0.6530034722222222
35 0.8564583333333333 0.6207812500000001 0.09699652777777779 0.6897569444444445
35 0.9215972222222224 0.6113020833333334 0.09817708333333357 0.6811979166666667
35 0.9684548611111111 0.5885243055555556 0.06309027777777772 0.7053645833333334