36 0.9744574652777779 0.5366840277777778 0.051085069444444284 0.10826967592592603
36 0.91640625 0.5338425925925926 0.062094907407407265 0.10040509259259256
31 0.84765625 0.5333333333333334 0.05902777777777786 0.10116319444444458
28 0.7811921296296296 0.5320601851851852 0.06814236111111108 0.10825810185185177
25 0.7142939814814815 0.5354687499999999 0.06712962962962958 0.10512731481481481
22 0.44074074074074077 0.5318807870370371 0.07265625 0.1059490740740742
17 0.36802662037037037 0.5305613425925926 0.06730324074074075 0.1074710648148148
12 0.29620949074074077 0.5308101851851852 0.0734375 0.10595486111111115
26 0.6446469907407407 0.5333912037037037 0.06886574074074066 0.1074826388888889
26 0.22294560185185186 0.5326099537037037 0.07042824074074075 0.10749421296296298
23 0.5774016203703705 0.5321122685185184 0.06568287037037024 0.10667824074074073
23 0.15167824074074074 0.5297395833333333 0.07060185185185186 0.10983796296296297
20 0.5079282407407407 0.5323784722222221 0.0713831018518519 0.10984374999999993
20 0.07824074074074075 0.5291956018518519 0.06872106481481484 0.11607060185185177