19 0.346910959375 0.338240325 0.294689921875 0.33864421093749997 0.27913882343749996 0.417642428125 0.3353933671875 0.41846609062500006 0.346910959375 0.338240325
14 0.2887523546875 0.3374225140625 0.2365313171875 0.3378263984375 0.2182126296875 0.4164075578125 0.27216601875 0.4164847546875 0.2887523546875 0.3374225140625
8 0.23277031718750002 0.3387873359375 0.179347778125 0.3390584015625 0.16009304375 0.41798168125 0.2129291546875 0.4169693453125 0.23277031718750002 0.3387873359375
3 0.175545190625 0.333634896875 0.12212265 0.3339059609375 0.0984574984375 0.4100558828125 0.15404815 0.412339096875 0.175545190625 0.333634896875
38 0.5318007484375 0.31974748750000004 0.4749641203125 0.3216691140625 0.4713452703125 0.400775903125 0.5310328109375 0.4013364140625 0.5318007484375 0.31974748750000004
38 0.47088156249999996 0.3248864359375 0.4137485109375 0.3253584578125 0.4057649171875 0.4053712375 0.467408290625 0.40460072656249996 0.47088156249999996 0.3248864359375
38 0.410714753125 0.3312779921875 0.3521085234375 0.3312973546875 0.3412303203125 0.41041733750000003 0.4022598265625 0.409503225 0.410714753125 0.3312779921875
35 0.954529671875 0.42902383593750004 0.88887823125 0.431606959375 0.912217259375 0.5305668140625001 0.9852979187500001 0.5275599890625 0.954529671875 0.42902383593750004
35 0.8789398531250001 0.43273877499999996 0.8132884125000001 0.4353218984375 0.8330549250000001 0.5336514953125 0.9039884718750001 0.529543009375 0.8789398531250001 0.43273877499999996
33 0.8059827109375 0.4455585234375 0.7403312703125 0.448141646875 0.7563052781249999 0.5444950125 0.8261889359374999 0.5403464953125 0.8059827109375 0.4455585234375
33 0.731168028125 0.449414640625 0.6680625390625 0.452473421875 0.6767194046875 0.5474104265624999 0.746445259375 0.54593039375 0.731168028125 0.449414640625
33 0.6592400671875 0.45096235 0.5961345765625 0.45402113125000004 0.6002258312500001 0.5502317796875 0.6703931828125 0.5474810453125001 0.6592400671875 0.45096235
21 0.5895209546875 0.44514147499999995 0.526415465625 0.4482002578125 0.528688678125 0.543211959375 0.5937713328124999 0.54085934375 0.5895209546875 0.44514147499999995
21 0.5197931671875 0.44968543906249997 0.45830614062499997 0.45332792812499995 0.45781390625 0.5491234015625001 0.5231358625 0.5478426109375001 0.5197931671875 0.44968543906249997
21 0.4521593078125 0.44534903437500006 0.392364690625 0.4491338609375 0.3872071328125 0.54343376875 0.4518997578125 0.5414573171875 0.4521593078125 0.44534903437500006
16 0.3851235140625 0.4471517234375 0.3253288984375 0.45093655000000005 0.31455770312500003 0.5446211453124999 0.3813511796875 0.5418300687500001 0.3851235140625 0.4471517234375
11 0.3201711546875 0.45516314375 0.2603765390625 0.4589479703125 0.24649759843750002 0.553156559375 0.31140330625 0.54961921875 0.3201711546875 0.45516314375
6 0.25794813906249997 0.4439648546875 0.19832402968750001 0.44696401249999995 0.1818384265625 0.5408541640625 0.24551461875 0.5380728 0.25794813906249997 0.4439648546875