8 0.8817708333333332 0.6378935185185185 0.05567708333333314 0.08008680555555543
0 0.19916666666666666 0.633576388888889 0.04545138888888891 0.07688657407407398
26 0.7108506944444445 0.6313483796296296 0.04697916666666657 0.07533564814814823
29 0.6538368055555555 0.6309895833333334 0.05409722222222228 0.07929398148148152
32 0.594392361111111 0.6345543981481481 0.049392361111111074 0.07847800925925927
23 0.42803819444444446 0.6334432870370371 0.054947916666666784 0.08242476851851847
15 0.5390104166666667 0.6310590277777778 0.04626736111111107 0.07845486111111111
15 0.3115972222222222 0.6358680555555555 0.0423784722222222 0.07920717592592581
20 0.4796180555555555 0.6322800925925925 0.045451388888889 0.07688657407407398
20 0.25609375 0.6378414351851852 0.048663194444444446 0.08081597222222214
5 0.14043402777777778 0.6402604166666667 0.04559027777777778 0.08313657407407397
15 0.8209201388888889 0.6344386574074073 0.054201388888888855 0.08398148148148152
15 0.7631076388888889 0.6348668981481481 0.051753472222222284 0.07927662037037031
10 0.36868055555555557 0.6331018518518519 0.05032986111111111 0.0855150462962964
10 0.08338541666666667 0.6414641203703704 0.04951388888888888 0.0839467592592591