40 0.03342592592592593 0.4892361111111111 0.0657175925925926 0.10835069444444442
40 0.09905092592592593 0.4877777777777778 0.0640625 0.10675347222222235
40 0.16302083333333334 0.48791666666666667 0.06342013888888891 0.10907986111111115
29 0.22947337962962963 0.4856597222222222 0.062453703703703664 0.10593749999999993
29 0.29661458333333335 0.4849479166666667 0.06663773148148149 0.11071180555555564
29 0.36366319444444445 0.4857986111111111 0.06015625 0.10666666666666665
20 0.4293344907407407 0.48355902777777776 0.06470486111111118 0.10442708333333321
15 0.4965219907407407 0.48206597222222225 0.067829861111111 0.10449652777777771
10 0.5652256944444444 0.4813194444444445 0.064704861111111 0.10442708333333321
5 0.6308969907407407 0.47907986111111106 0.063923611111111 0.10440972222222236
5 0.7026793981481482 0.47904513888888883 0.06456597222222218 0.10208333333333322
5 0.7689930555555555 0.47913194444444446 0.06553240740740733 0.10522569444444443
0 0.8393518518518519 0.4767881944444444 0.06971643518518533 0.10999999999999996
0 0.9128356481481482 0.47437500000000005 0.061394675925925665 0.10123263888888889