15 0.6418634259259259 0.45049768518518524 0.041053240740740723 0.05991898148148138
15 0.7004571759259259 0.44745949074074076 0.04183449074074073 0.059959490740740765
15 0.7637268518518519 0.4426157407407407 0.04184027777777786 0.06074074074074076
21 0.8246701388888888 0.44023726851851847 0.0473032407407409 0.060243055555555716
21 0.8855844907407407 0.4339525462962962 0.05046296296296297 0.06509259259259252
25 0.10222800925925926 0.40110532407407407 0.05434606481481481 0.06217013888888889
25 0.1600347222222222 0.3973263888888889 0.0519733796296296 0.05814236111111111
25 0.21550347222222221 0.3944502314814815 0.051979166666666646 0.05892361111111111
22 0.27251157407407406 0.38836805555555554 0.04963541666666664 0.058802083333333324
22 0.3295486111111111 0.3861921296296297 0.04964120370370377 0.05958333333333332
22 0.38577546296296295 0.38015046296296295 0.047274305555555604 0.056336805555555536
34 0.44046874999999996 0.3780960648148148 0.05119791666666664 0.0588831018518519
34 0.4966956018518518 0.37205439814814817 0.044936342592592736 0.05699652777777784
34 0.5506018518518518 0.36925925925925923 0.04493055555555543 0.05621527777777775
19 0.6052719907407408 0.3640798611111111 0.048865740740740723 0.06032407407407412
9 0.6599479166666666 0.3596817129629629 0.04572916666666664 0.05859953703703695
4 0.7161805555555556 0.35442129629629626 0.048825231481481525 0.05485532407407412
18 0.7716493055555556 0.3515451388888889 0.05590277777777786 0.06146990740740747