15 0.8985416666666666 0.48654513888888895 0.05121527777777786 0.06009837962962976
23 0.8399305555555555 0.490625 0.055173611111111145 0.06724537037037041
21 0.7727488425925926 0.4918344907407407 0.04429976851851851 0.07551504629629627
11 0.7086863425925927 0.49373263888888885 0.04584490740740747 0.0732175925925926
37 0.6454050925925927 0.49560763888888887 0.04032407407407419 0.06602430555555543
41 0.5751215277777778 0.49378472222222225 0.043466435185185226 0.06846064814814809
39 0.5071469907407408 0.49657986111111113 0.04424768518518522 0.06848379629629626
35 0.4384085648148148 0.4970543981481482 0.04816550925925931 0.07016203703703709
39 0.3696527777777778 0.49987268518518524 0.056782407407407386 0.07354166666666657
37 0.2977951388888889 0.4996585648148148 0.05440972222222218 0.06956597222222224
40 0.2266840277777778 0.5041087962962962 0.06230324074074076 0.08073495370370373
40 0.15559027777777779 0.5062152777777778 0.06305555555555556 0.07685185185185191
36 0.08605902777777777 0.508275462962963 0.049687499999999996 0.06473958333333343