32 0.9165509259259259 0.4424768518518518 0.06001157407407405 0.10447916666666668
32 0.8540219907407408 0.44493634259259257 0.05931712962962976 0.10678240740740748
32 0.789988425925926 0.4490393518518518 0.06247106481481488 0.10772569444444446
23 0.727488425925926 0.4522800925925926 0.06328125 0.10854745370370367
23 0.664236111111111 0.4563425925925926 0.06331018518518512 0.10932870370370366
23 0.6017071759259259 0.45880208333333333 0.0625 0.10850694444444446
26 0.5375868055555555 0.46056134259259257 0.06316550925925916 0.10542245370370366
23 0.47595486111111107 0.466105324074074 0.06325231481481489 0.10776620370370367
20 0.4141493055555555 0.46696180555555555 0.06481481481481488 0.10784722222222225
15 0.3516782407407407 0.4709837962962963 0.065625 0.10866898148148145
10 0.2875578703703704 0.4727430555555555 0.06548032407407404 0.10476273148148145
5 0.22361111111111112 0.47918981481481476 0.06548032407407404 0.10476273148148145
0 0.1618923611111111 0.4823900462962962 0.05928819444444446 0.10600115740740748
0 0.09774305555555556 0.48336805555555556 0.05772569444444446 0.10592013888888889