41 0.11478009259259259 0.60390625 0.04388310185185187 0.09296875
41 0.16005208333333334 0.6046875 0.04096064814814815 0.096875
38 0.20289930555555555 0.60703125 0.04515046296296292 0.10234375
38 0.24977430555555555 0.60703125 0.043466435185185226 0.1
38 0.29524884259259265 0.60390625 0.043466435185185226 0.1
29 0.34154513888888893 0.6 0.04400462962962966 0.0953125
29 0.3880034722222222 0.59296875 0.041296296296296296 0.08828125
29 0.43479745370370376 0.59453125 0.044207175925926025 0.09921875
5 0.4816724537037037 0.59453125 0.03689236111111107 0.09375
5 0.5265277777777777 0.58828125 0.03541087962962965 0.0953125
5 0.5705208333333334 0.58359375 0.03845486111111107 0.09375
0 0.6173148148148148 0.58515625 0.0436805555555555 0.0890625
0 0.6649710648148148 0.58515625 0.04380208333333328 0.09140625
0 0.7111863425925925 0.5828125 0.041863425925926026 0.09921875
0 0.7559606481481482 0.578125 0.0428587962962963 0.08828125
9 0.8043576388888889 0.57890625 0.048113425925926025 0.09921875
4 0.8488888888888889 0.57890625 0.041741898148148236 0.096875