16 0.18321180555555555 0.5937152777777778 0.0559895833333333 0.08358217592592591
6 0.23949652777777777 0.5961631944444445 0.05282986111111114 0.08270833333333343
30 0.2958159722222222 0.599392361111111 0.051406249999999966 0.08578703703703709
30 0.3511458333333334 0.5979108796296296 0.053611111111111144 0.0827314814814816
33 0.4090625 0.6019675925925926 0.055486111111111035 0.08980902777777793
33 0.46602430555555563 0.6020949074074073 0.05062500000000014 0.08576388888888893
33 0.5229513888888888 0.6014409722222223 0.052899305555555644 0.08427083333333343
41 0.5801215277777778 0.606255787037037 0.05307291666666671 0.08817708333333343
41 0.6403125000000001 0.6088194444444445 0.052864583333333395 0.08348958333333326
41 0.7011458333333334 0.60828125 0.04831597222222221 0.08647569444444443
21 0.7623263888888889 0.6155555555555556 0.049097222222222216 0.08649884259259259
21 0.8239409722222222 0.6150405092592592 0.05137152777777772 0.0850057870370371
21 0.8840625 0.6160416666666666 0.05338541666666643 0.09520833333333342
4 0.9458159722222221 0.6186516203703704 0.051753472222222284 0.09359953703703709