3 0.9310416666666665 0.5346527777777779 0.05399305555555571 0.09243634259259252
34 0.867829861111111 0.5329340277777778 0.06166666666666672 0.08971643518518527
34 0.8068229166666667 0.5282118055555556 0.057795138888888785 0.09029513888888889
12 0.7459548611111111 0.5266145833333333 0.05296874999999997 0.08692708333333332
12 0.6857291666666667 0.5219328703703704 0.052586805555555574 0.0783333333333335
37 0.6239409722222222 0.5171701388888889 0.049496527777777646 0.07895254629629633
37 0.5636805555555556 0.511707175925926 0.0524131944444445 0.07442708333333332
38 0.5057986111111111 0.5071469907407408 0.04690972222222225 0.07336226851851854
38 0.44638888888888884 0.503287037037037 0.04704861111111107 0.07648726851851854
39 0.38381944444444444 0.49848379629629636 0.04762152777777775 0.07184027777777793
39 0.3259722222222222 0.49470486111111106 0.04467013888888882 0.07558449074074076
35 0.26890625 0.4909664351851852 0.05003472222222225 0.07352430555555553
35 0.20789930555555552 0.48624421296296294 0.04690972222222225 0.07336226851851854
36 0.1517534722222222 0.48567129629629624 0.053298611111111116 0.07681134259259252
36 0.09152777777777779 0.4809895833333334 0.04960069444444444 0.08129629629629634