40 0.9375 0.490625 0.059375 0.10703125
40 0.871875 0.490625 0.0578125 0.10546875
40 0.8078125 0.4921875 0.05703125 0.1078125
29 0.74140625 0.49140625 0.05625 0.1046875
29 0.67421875 0.4921875 0.06015625 0.109375
29 0.60703125 0.49453125 0.05390625 0.10546875
20 0.54140625 0.49375 0.05859375 0.103125
15 0.47421875 0.49375 0.06171875 0.103125
10 0.40546875 0.49453125 0.05859375 0.103125
5 0.33984375 0.49375 0.0578125 0.103125
5 0.26796875 0.4953125 0.05859375 0.10078125
5 0.2015625 0.496875 0.059375 0.10390625
0 0.13125 0.49609375 0.06328125 0.10859375
0 0.0578125 0.4953125 0.05546875 0.1