38 0.1408333333333333 0.4811805555555556 0.062135416666666644 0.10123263888888889
38 0.2033854166666667 0.4805729166666667 0.06536458333333339 0.1028645833333334
39 0.2641145833333333 0.4760937500000001 0.06307291666666667 0.10359374999999993
39 0.3275 0.47625 0.06786458333333334 0.10526041666666668
37 0.38994791666666667 0.4740798611111111 0.06473958333333325 0.10519097222222218
37 0.45166666666666666 0.4727083333333333 0.06546874999999996 0.10442708333333321
36 0.5141145833333333 0.47053819444444445 0.06625000000000014 0.10444444444444442
36 0.5765104166666667 0.4675868055555556 0.06536458333333321 0.10286458333333322
34 0.63984375 0.46696180555555555 0.06947916666666672 0.10607638888888893
34 0.7046354166666667 0.4647395833333333 0.07124999999999986 0.10923611111111117
28 0.7694270833333333 0.46251736111111114 0.07046875000000004 0.10921874999999996
28 0.83421875 0.4602951388888889 0.07015625000000014 0.10453124999999996
25 0.8996875 0.4564930555555556 0.065625 0.10677083333333322
25 0.9661458333333333 0.4557986111111111 0.06578124999999986 0.10911458333333339