28 0.76484375 0.490625 0.0484375 0.05703125
28 0.71015625 0.49296875 0.0484375 0.0671875
28 0.653125 0.49296875 0.05 0.06484375
25 0.59609375 0.49375 0.04296875 0.06640625
25 0.5421875 0.49375 0.04453125 0.0640625
25 0.48984375 0.4921875 0.04375 0.0625
17 0.4359375 0.4875 0.04375 0.0625
17 0.3796875 0.49453125 0.04375 0.0625
3 0.09140625 0.5171875 0.0578125 0.0671875
13 0.1515625 0.51640625 0.05703125 0.06875
38 0.20859375 0.503125 0.03359375 0.059375
38 0.2640625 0.50546875 0.040625 0.059375
38 0.31796875 0.50546875 0.03828125 0.059375
36 0.82109375 0.49140625 0.05234375 0.0640625
36 0.87890625 0.49453125 0.05234375 0.06640625
36 0.9375 0.4859375 0.04921875 0.06953125