34 0.2265625 0.53359375 0.0515625 0.06640625
34 0.27734375 0.5359375 0.0484375 0.059375
34 0.328125 0.53828125 0.05234375 0.06171875
12 0.38203125 0.54140625 0.0390625 0.0578125
12 0.43359375 0.54140625 0.0453125 0.059375
12 0.48515625 0.54296875 0.03984375 0.06015625
5 0.53984375 0.54453125 0.0390625 0.0578125
5 0.59296875 0.5453125 0.034375 0.05625
5 0.65 0.54921875 0.03828125 0.06015625
6 0.71015625 0.5515625 0.0421875 0.06015625
6 0.76640625 0.553125 0.046875 0.05703125
6 0.82421875 0.55625 0.04921875 0.059375
35 0.890625 0.5578125 0.046875 0.0578125
35 0.95 0.5625 0.0546875 0.06171875
3 0.034375 0.528125 0.04609375 0.06640625
13 0.0828125 0.53046875 0.0453125 0.0609375
18 0.13359375 0.53046875 0.04765625 0.05625
19 0.18125 0.53359375 0.0453125 0.05859375
40 0.6203125 0.28671875 0.04609375 0.021875
36 0.696875 0.27734375 0.04375 0.01875
27 0.7453125 0.2875 0.03828125 0.03125
30 0.50390625 0.30390625 0.04609375 0.03046875
30 0.4921875 0.21171875 0.02578125 0.0234375
0 0.53046875 0.17890625 0.03125 0.02578125
0 0.7625 0.1546875 0.0265625 0.01875
15 0.7640625 0.18359375 0.02578125 0.02421875
15 0.51640625 0.23046875 0.0328125 0.0265625
36 0.490625 0.14765625 0.02734375 0.01796875
20 0.53515625 0.26015625 0.04609375 0.03125
15 0.55 0.14921875 0.028125 0.021875
10 0.57890625 0.17734375 0.0328125 0.02421875
26 0.62734375 0.16328125 0.03046875 0.01953125
10 0.590625 0.2578125 0.03671875 0.025
1 0.5625 0.28515625 0.04140625 0.02578125
31 0.69140625 0.25234375 0.0421875 0.0234375
29 0.640625 0.25625 0.04375 0.01796875
32 0.60625 0.2109375 0.02734375 0.02734375
23 0.6640625 0.22578125 0.03203125 0.0234375
29 0.659375 0.12734375 0.021875 0.02265625
32 0.61640625 0.14140625 0.034375 0.02109375
33 0.671875 0.19453125 0.03125 0.0296875
7 0.56015625 0.2359375 0.028125 0.02109375
16 0.70234375 0.2234375 0.02734375 0.02421875
11 0.7484375 0.253125 0.0375 0.025
24 0.771875 0.31640625 0.05078125 0.02890625
21 0.8046875 0.2609375 0.03359375 0.03046875
24 0.840625 0.24296875 0.02734375 0.0296875
37 0.796875 0.23046875 0.0375 0.0234375
21 0.746875 0.22734375 0.04140625 0.0234375
27 0.71953125 0.2 0.0328125 0.0234375
5 0.83515625 0.17109375 0.03515625 0.01640625
22 0.728125 0.15625 0.02421875 0.01953125
20 0.69453125 0.15546875 0.025 0.0203125
26 0.72109375 0.18046875 0.034375 0.0171875
32 0.6796875 0.17109375 0.0375 0.0203125
33 0.75078125 0.13515625 0.02578125 0.01796875
28 0.6203125 0.2328125 0.04140625 0.015625