38 0.8609027777777778 0.4341145833333334 0.054947916666666784 0.09713541666666678
38 0.803125 0.43718749999999995 0.05583333333333336 0.09953125000000007
36 0.7453472222222223 0.44026041666666665 0.05899305555555543 0.10052083333333339
36 0.6876041666666667 0.44255208333333335 0.058993055555555604 0.10052083333333321
36 0.6282638888888888 0.4457291666666666 0.05906249999999993 0.10208333333333339
40 0.5688888888888889 0.4496875 0.05756944444444443 0.10354166666666664
40 0.511076388888889 0.4535416666666666 0.06052083333333336 0.09984375000000015
40 0.4517013888888889 0.4575 0.06065972222222218 0.10296874999999997
31 0.3923263888888889 0.4614583333333334 0.06137152777777777 0.10145833333333343
31 0.33142361111111107 0.4647395833333333 0.05987847222222218 0.10291666666666668
31 0.26902777777777775 0.46656250000000005 0.062013888888888855 0.09838541666666671
30 0.2072395833333333 0.4722395833333334 0.062291666666666676 0.10463541666666672
30 0.14484375 0.47406249999999994 0.05526041666666668 0.10416666666666678
30 0.08387152777777777 0.47890625 0.05923611111111109 0.10598958333333339