33 0.9409027777777779 0.5532986111111111 0.048287037037037094 0.08727430555555564
34 0.8853587962962962 0.5659201388888888 0.052204861111111 0.08901041666666672
39 0.8267708333333333 0.5677430555555556 0.042048611111111 0.08855902777777783
35 0.7704745370370369 0.5764930555555555 0.046695601851851974 0.08329861111111114
40 0.7119097222222222 0.5751909722222223 0.05455439814814813 0.08989583333333329
36 0.6528414351851852 0.5364236111111111 0.04122685185185197 0.08305555555555558
36 0.5962500000000001 0.5850173611111111 0.04279513888888893 0.08390625000000007
37 0.5391377314814815 0.5984895833333332 0.04746527777777772 0.08177083333333321
37 0.48204861111111114 0.6088368055555555 0.044357638888888926 0.08397569444444439
0 0.42030671296296296 0.6147048611111111 0.04672453703703709 0.08720486111111114
0 0.3608969907407408 0.62203125 0.05457175925925926 0.09223958333333329
0 0.2991608796296296 0.6271180555555556 0.051406249999999966 0.08663194444444447
32 0.2397337962962963 0.6367881944444445 0.05456018518518517 0.09067708333333328
32 0.17642361111111113 0.6435069444444445 0.05065393518518517 0.09050347222222221
32 0.11462384259259259 0.6571875 0.054623842592592585 0.09927083333333328
14 0.05212962962962962 0.6591840277777777 0.052262731481481486 0.09682291666666672