14 0.85703125 0.5631886574074074 0.0484375 0.07516782407407412
19 0.8078125 0.5606365740740741 0.04375 0.07492476851851855
13 0.9046875 0.5625347222222222 0.04375 0.07179976851851855
3 0.95 0.5633217592592592 0.03828125 0.0699537037037036
25 0.7625 0.561412037037037 0.03671875 0.0683101851851852
25 0.715625 0.5589814814814815 0.0375 0.07303819444444457
25 0.66796875 0.5549479166666667 0.03671875 0.07456018518518519
38 0.62109375 0.550954861111111 0.0375 0.06600694444444458
38 0.57265625 0.549224537037037 0.0328125 0.06732638888888882
38 0.52578125 0.5444502314814814 0.03359375 0.06267939814814802
38 0.47890625 0.5443634259259259 0.03828125 0.0676099537037036
40 0.4296875 0.5410300925925926 0.0375 0.07147569444444457
40 0.37890625 0.5399594907407408 0.04296875 0.07722800925925935
40 0.32890625 0.5373668981481481 0.0375 0.06835069444444457
28 0.278125 0.5323900462962963 0.04609375 0.07348379629629634
28 0.22734375 0.5313194444444445 0.05234375 0.07068287037037031
34 0.17578125 0.5309895833333333 0.0515625 0.0753298611111111
34 0.1234375 0.527494212962963 0.0546875 0.0739293981481481
34 0.0703125 0.5278645833333333 0.05390625 0.07545138888888889