31 0.535619212962963 0.4528645833333334 0.062447916666666714 0.09980902777777771
27 0.486417824074074 0.6625173611111111 0.06886574074074084 0.12260416666666671
11 0.2158854166666667 0.6982118055555555 0.07038773148148145 0.11717013888888897
33 0.6177430555555555 0.6494444444444445 0.07824652777777778 0.12359375000000003
6 0.15114004629629632 0.6863715277777778 0.0735185185185185 0.11802083333333328
32 0.7063773148148148 0.28347222222222224 0.06394097222222221 0.09046874999999996
37 0.917008101851852 0.4256423611111111 0.07417824074074061 0.1016319444444445
24 0.4184027777777778 0.6702777777777778 0.06884259259259266 0.11947916666666672
22 0.34885416666666663 0.46326388888888886 0.06400462962962958 0.09906249999999997
12 0.22620370370370368 0.46520833333333333 0.06712384259259263 0.09835069444444447
15 0.38299189814814816 0.28362847222222226 0.061574074074074135 0.08729166666666668
39 0.9059664351851853 0.6508506944444445 0.07979166666666657 0.12128472222222228
1 0.08238425925925925 0.6886805555555556 0.07350115740740741 0.11567708333333329
3 0.6629050925925926 0.14149305555555555 0.05526620370370381 0.07934027777777777
23 0.4993865740740741 0.28260416666666666 0.05687500000000014 0.08562500000000002
20 0.4415451388888889 0.2877951388888889 0.05687499999999997 0.08562500000000002
8 0.4417997685185185 0.14796875 0.05526620370370381 0.07934027777777777
35 0.8325868055555554 0.6446701388888888 0.08684027777777778 0.12378472222222214
2 0.10197916666666666 0.46875 0.07103587962962962 0.09921875
18 0.6074999999999999 0.13413194444444443 0.05449652777777771 0.08088541666666664
13 0.3863425925925926 0.14763888888888888 0.0552777777777778 0.08090277777777777
19 0.33250578703703704 0.13946180555555557 0.056053240740740765 0.0801388888888889
28 0.4731481481481481 0.45034722222222223 0.0624305555555555 0.09746527777777772
14 0.27696180555555555 0.15085069444444446 0.05682870370370372 0.07937500000000001
16 0.28315972222222224 0.6849999999999999 0.06806134259259258 0.1194618055555555
34 0.5996932870370371 0.4498784722222222 0.06402777777777775 0.10218749999999996
0 0.21185763888888892 0.2928993055555556 0.06313078703703709 0.08654513888888893
38 0.6614814814814816 0.4391319444444444 0.06872106481481488 0.10307291666666671
9 0.5535474537037037 0.14157986111111112 0.05449652777777771 0.08088541666666664
17 0.28794560185185186 0.4607118055555556 0.06556134259259264 0.09831597222222221
10 0.32515625 0.28803819444444445 0.06314236111111109 0.08810763888888892
36 0.7240219907407408 0.43227430555555557 0.07027777777777774 0.10232638888888879
29 0.6211805555555555 0.29083333333333333 0.06945601851851854 0.09684027777777775
26 0.5579861111111111 0.28052083333333333 0.059236111111111 0.0880208333333333
41 0.8490393518518518 0.4271527777777778 0.07338541666666672 0.10005208333333329
4 0.49810763888888887 0.13890625 0.053715277777777716 0.08086805555555551
7 0.16365740740740742 0.4728472222222223 0.07025462962962963 0.09920138888888878
40 0.7872858796296296 0.4332118055555555 0.07101851851851855 0.096875
21 0.3527719907407407 0.672517361111111 0.06962384259259266 0.11949652777777775
30 0.5543113425925925 0.6711631944444445 0.074357638888889 0.1258506944444445
5 0.26816550925925925 0.28383680555555557 0.06314814814814813 0.08888888888888893
25 0.41211226851851845 0.4649826388888888 0.062442129629629764 0.09902777777777771