10 0.16872106481481483 0.5346354166666666 0.07745949074074074 0.08751736111111122
2 0.8757233796296298 0.5079687500000001 0.07690972222222214 0.090625
11 0.6295717592592592 0.51265625 0.06568287037037042 0.08647569444444443
35 0.4578703703703704 0.5188194444444444 0.06741898148148132 0.08885416666666668
38 0.6921875 0.5128298611111111 0.06892361111111107 0.08810763888888892
7 0.9350405092592592 0.5058680555555556 0.08087384259259238 0.09149305555555572
8 0.8133969907407408 0.5117013888888888 0.07366898148148167 0.0889930555555555
15 0.22569444444444448 0.5325868055555556 0.075 0.08590277777777774
20 0.2825520833333333 0.5289756944444444 0.07271412037037042 0.08663194444444447
36 0.5139467592592594 0.5152256944444444 0.06574074074074084 0.08725694444444443
22 0.7522280092592593 0.5099305555555556 0.07288773148148149 0.08897569444444446
5 0.5754340277777777 0.5107291666666667 0.06412037037037041 0.08644097222222218
40 0.3993923611111111 0.5216840277777777 0.07037037037037033 0.086579861111111
32 0.29806134259259254 0.3791666666666667 0.05454282407407405 0.030850694444444392
31 0.5983796296296295 0.3662326388888889 0.043315972222222145 0.02670138888888891
6 0.5940104166666667 0.3389409722222222 0.043026620370370236 0.02279513888888891
30 0.47054398148148147 0.37298611111111113 0.04644097222222214 0.02677083333333332
12 0.6369791666666667 0.3379861111111111 0.0421875 0.021996527777777785
27 0.3418113425925926 0.3781944444444444 0.05034722222222223 0.026857638888888858
32 0.819675925925926 0.35348958333333336 0.059114583333333214 0.029392361111111143
29 0.38550347222222225 0.3764409722222222 0.05118634259259256 0.027656249999999983
3 0.3400752314814815 0.5237847222222223 0.07282986111111107 0.08819444444444446
37 0.5142361111111111 0.3712326388888889 0.042476851851851904 0.025902777777777785
0 0.6428530092592593 0.3644618055555556 0.04560185185185191 0.025972222222222195
37 0.07314814814814816 0.45928819444444446 0.07317708333333332 0.029704861111111213
28 0.5563657407407407 0.36951388888888886 0.0432581018518519 0.025920138888888822
23 0.4692997685185185 0.34562499999999996 0.04392361111111107 0.024375000000000036
18 0.687326388888889 0.3626909722222222 0.05335648148148149 0.025364583333333357
38 0.09638310185185187 0.48772569444444447 0.07711226851851852 0.040711805555555536
26 0.42751736111111105 0.3731597222222222 0.040306712962962975 0.02819444444444441
17 0.7316840277777777 0.3593576388888889 0.03411458333333339 0.0288368055555555
19 0.2544849537037037 0.3824826388888889 0.05057870370370363 0.029982638888888857
4 0.7752025462962963 0.3552604166666667 0.04108796296296298 0.028211805555555535
33 0.8013020833333334 0.32729166666666665 0.034056712962962976 0.02805555555555559
24 0.7608506944444444 0.33053819444444443 0.036400462962962975 0.028107638888888876
16 0.7172743055555555 0.3338541666666667 0.03735532407407405 0.03046875
1 0.677488425925926 0.3355208333333334 0.03784722222222214 0.026579861111111037
41 0.5536747685185185 0.34375 0.03778935185185191 0.025798611111111126
13 0.43185763888888895 0.3472395833333334 0.04192708333333321 0.02901041666666675
39 0.39140625 0.35048611111111116 0.039409722222222145 0.026614583333333285
25 0.34921875 0.3514236111111111 0.0432581018518519 0.025920138888888822
14 0.30943287037037037 0.35309027777777774 0.040740740740740744 0.023524305555555534
21 0.2665798611111111 0.3556076388888889 0.04415509259259256 0.027500000000000035