35 0.6661689814814815 0.5643402777777778 0.06565972222222224 0.11063657407407419
31 0.4795081018518519 0.555144675925926 0.06330439814814817 0.10905671296296297
14 0.7302025462962962 0.5687210648148149 0.06407986111111122 0.10828124999999993
28 0.4154571759259259 0.5531076388888889 0.06643518518518512 0.10986111111111115
22 0.28424189814814815 0.5474479166666667 0.06409143518518512 0.10984374999999993
12 0.1553587962962963 0.5433680555555556 0.06409722222222221 0.11062499999999993
17 0.21940972222222221 0.5454050925925926 0.06566550925925929 0.11141782407407419
19 0.8614467592592593 0.570474537037037 0.06722800925925938 0.11142939814814809
7 0.09052662037037038 0.5413252314814815 0.06645833333333333 0.11298611111111115
9 0.7973900462962963 0.5692187499999999 0.06722800925925938 0.11142939814814809
8 0.34671874999999996 0.5510358796296296 0.06644097222222226 0.11064236111111114
2 0.6029224537037037 0.5591840277777778 0.06721643518518512 0.1098668981481481
25 0.9231365740740742 0.574837962962963 0.06565972222222242 0.11063657407407419
34 0.5404340277777778 0.5571585648148148 0.06565972222222224 0.11063657407407401