11 0.24163194444444444 0.55234375 0.0833333333333333 0.12890625
35 0.7772395833333332 0.5671875 0.08486111111111114 0.12734375
27 0.5509027777777777 0.55703125 0.08249999999999993 0.1265625
33 0.7030729166666667 0.56484375 0.08647569444444443 0.1296875
6 0.16355902777777778 0.55 0.08493055555555555 0.13046875
1 0.08230902777777778 0.55 0.08887152777777776 0.13203125
16 0.32288194444444446 0.55234375 0.0817708333333333 0.12890625
39 0.8552430555555557 0.57265625 0.09039930555555528 0.13046875
21 0.3993576388888889 0.55625 0.08017361111111114 0.12734375
24 0.47592013888888884 0.55625 0.07859374999999993 0.1265625
30 0.6243055555555556 0.55859375 0.08249999999999993 0.1265625