40 0.4450520833333333 0.6316840277777779 0.16760416666666664 0.19718750000000007
40 0.7496354166666667 0.5998784722222222 0.15348958333333335 0.1843923611111112
24 0.31812500000000005 0.664236111111111 0.18265624999999996 0.18894097222222223
25 0.09833333333333334 0.313125 0.17432291666666666 0.30967013888888895
21 0.16989583333333336 0.6706597222222223 0.17520833333333333 0.1708333333333334
23 0.9174479166666668 0.3438541666666667 0.16510416666666644 0.25947916666666676
26 0.6102083333333332 0.6092361111111112 0.1419791666666665 0.17555555555555563
31 0.4490625 0.3632291666666666 0.17390624999999993 0.25661458333333337
39 0.6069791666666667 0.33781249999999996 0.19875000000000007 0.2665277777777778
17 0.88703125 0.5952604166666667 0.19046875000000013 0.18911458333333328
41 0.7806770833333333 0.34960069444444447 0.17453125000000008 0.2542881944444444
35 0.27531249999999996 0.3389236111111111 0.17692708333333335 0.27852430555555563