12 0.37362847222222223 0.3066782407407408 0.18772569444444445 0.2791666666666667
19 0.2245833333333333 0.31161458333333336 0.18628472222222223 0.26427662037037025
26 0.7958854166666667 0.6938483796296296 0.17793402777777773 0.1991087962962963
34 0.5308506944444444 0.31060763888888887 0.17185763888888878 0.27277199074074066
36 0.3942708333333333 0.6662210648148148 0.14008680555555558 0.1890740740740741
21 0.11223958333333332 0.6829340277777778 0.1579861111111111 0.18857638888888886
7 0.6663368055555555 0.6633449074074074 0.17026041666666672 0.2017708333333335
12 0.2671527777777778 0.6862210648148148 0.14619791666666665 0.18631944444444457
2 0.8718055555555555 0.26546875000000003 0.1867881944444445 0.293136574074074
15 0.6988020833333334 0.2835127314814815 0.17626736111111113 0.2667997685185185
16 0.5260763888888889 0.6810069444444444 0.131111111111111 0.17997106481481479
30 0.07141059027777777 0.3134780092592592 0.14282118055555554 0.2690914351851852