22 0.509375 0.52421875 0.06484375 0.06484375
2 0.78203125 0.51484375 0.0625 0.06484375
31 0.303125 0.52265625 0.0640625 0.06171875
30 0.290625 0.45390625 0.06484375 0.05703125
12 0.646875 0.51875 0.06484375 0.06328125
33 0.22265625 0.459375 0.065625 0.05703125
25 0.44296875 0.521875 0.065625 0.0625
11 0.62890625 0.45234375 0.06484375 0.05703125
34 0.23671875 0.52734375 0.06640625 0.06484375
28 0.3765625 0.52109375 0.065625 0.0609375
17 0.57578125 0.521875 0.06328125 0.06328125
7 0.7140625 0.51796875 0.06875 0.0625
27 0.35859375 0.4546875 0.0671875 0.059375
24 0.428125 0.45546875 0.0671875 0.06171875
21 0.4953125 0.45703125 0.0671875 0.06015625
16 0.56171875 0.45546875 0.06640625 0.06171875
6 0.69765625 0.453125 0.06953125 0.059375
1 0.76484375 0.45 0.07109375 0.06953125