34 0.21005208333333333 0.6553993055555555 0.18660300925925927 0.26552083333333343
35 0.14077546296296298 0.28399305555555554 0.17671874999999998 0.25671875
6 0.8723090277777779 0.2497916666666667 0.15630787037037025 0.24144097222222224
11 0.5793460648148148 0.24303819444444447 0.1532754629629629 0.24293402777777776
7 0.6327893518518518 0.7763020833333334 0.1727256944444445 0.26833333333333337
41 0.4899131944444445 0.7779166666666667 0.17267939814814817 0.26755208333333336
22 0.07512586805555556 0.6627951388888889 0.15025173611111112 0.2742881944444445
30 0.35756365740740736 0.6677256944444444 0.18306712962962965 0.2716840277777777
35 0.4380729166666667 0.25710069444444444 0.15079282407407407 0.24053819444444446
4 0.28186342592592595 0.27305555555555555 0.1809490740740741 0.26227430555555553
16 0.7804456018518519 0.7730208333333334 0.1696006944444445 0.26826388888888886
37 0.728292824074074 0.23114583333333333 0.14789351851851845 0.2311111111111111