33 0.315625 0.49453125 0.06328125 0.1140625
22 0.37578125 0.4765625 0.06171875 0.1125
11 0.134375 0.54140625 0.071875 0.11796875
11 0.0671875 0.55859375 0.07421875 0.121875
30 0.2546875 0.509375 0.06484375 0.11796875
25 0.54609375 0.4359375 0.053125 0.11640625
35 0.765625 0.37734375 0.05 0.10625
0 0.65859375 0.40390625 0.046875 0.09921875
24 0.1921875 0.528125 0.05546875 0.11796875
25 0.4328125 0.46796875 0.05390625 0.11484375
25 0.490625 0.45078125 0.05 0.10859375
0 0.60234375 0.4265625 0.05 0.11484375
5 0.71015625 0.39921875 0.04296875 0.1015625
35 0.8171875 0.36796875 0.04375 0.11171875
39 0.86953125 0.35546875 0.04609375 0.10234375
37 0.925 0.3390625 0.040625 0.10546875