1 0.14140625 0.68203125 0.0625 0.1890625
11 0.1890625 0.653125 0.04140625 0.171875
21 0.23671875 0.62109375 0.0453125 0.1578125
7 0.28046875 0.59921875 0.0390625 0.16328125
7 0.325 0.5625 0.034375 0.1796875
12 0.36640625 0.53203125 0.04296875 0.175
22 0.40859375 0.503125 0.03984375 0.1625
28 0.4484375 0.4796875 0.03984375 0.1609375
31 0.48984375 0.4546875 0.03671875 0.1640625
34 0.52890625 0.4265625 0.03828125 0.15390625
34 0.56796875 0.4015625 0.03671875 0.16015625
37 0.6046875 0.353125 0.03203125 0.16171875
37 0.64140625 0.3328125 0.03203125 0.13828125
23 0.67890625 0.315625 0.0359375 0.15234375
29 0.715625 0.296875 0.034375 0.16015625
36 0.7484375 0.27109375 0.02890625 0.14921875