1 0.17171875 0.6767939814814815 0.0709027777777778 0.19137731481481488
11 0.21809027777777779 0.6461226851851851 0.04904513888888893 0.17340856481481487
21 0.26432291666666663 0.6123263888888889 0.052326388888888874 0.15949074074074082
7 0.30710069444444443 0.5888310185185185 0.04631944444444445 0.16472800925925918
7 0.35 0.5504629629629629 0.04236111111111107 0.1809606481481481
12 0.3900520833333333 0.5184606481481481 0.05074652777777775 0.1765914351851851
22 0.43095486111111114 0.4879918981481481 0.04706597222222229 0.1639756944444443
28 0.46975694444444444 0.46307870370370374 0.04699652777777778 0.16241319444444446
31 0.5100520833333333 0.4365451388888889 0.04401041666666661 0.16542245370370381
34 0.5478645833333333 0.40697337962962965 0.04512152777777771 0.15532407407407406
34 0.5858159722222223 0.3805266203703704 0.04383680555555554 0.16151620370370373
37 0.6203819444444445 0.3307291666666667 0.03921874999999986 0.16290509259259256
37 0.6561979166666667 0.309056712962963 0.03817708333333343 0.13946759259259256
23 0.6929340277777778 0.29048032407407404 0.042708333333333216 0.15367476851851852
29 0.7288194444444445 0.27037037037037037 0.04149305555555553 0.1614293981481482
36 0.7604861111111111 0.24337384259259257 0.03553819444444439 0.1502893518518519