27 0.8019675925925925 0.45027777777777783 0.06550925925925917 0.10371527777777771
10 0.9054108796296297 0.2714756944444444 0.06385995370370381 0.10133680555555555
11 0.4351851851851851 0.26336805555555554 0.06380208333333322 0.09977430555555555
35 0.6110532407407407 0.2696180555555555 0.06302083333333339 0.09975694444444443
32 0.8613425925925926 0.45159722222222226 0.06472800925925917 0.10369791666666668
13 0.6924479166666667 0.6336284722222223 0.06391782407407405 0.10289930555555564
18 0.32633101851851853 0.44361111111111107 0.06388888888888893 0.10211805555555564
8 0.2557291666666667 0.265625 0.06542245370370363 0.1013715277777778
26 0.6819155092592593 0.45463541666666674 0.06148726851851851 0.10050347222222236
14 0.871267361111111 0.6352604166666667 0.06553819444444428 0.10449652777777771
33 0.15318287037037037 0.6161805555555555 0.06322337962962962 0.10522569444444443
31 0.4481770833333333 0.4455381944444444 0.062268518518518515 0.10052083333333339
2 0.19629629629629627 0.26274305555555555 0.06307870370370372 0.10131944444444443
28 0.5067708333333334 0.44684027777777774 0.062239583333333216 0.0997395833333334
24 0.21261574074074074 0.6190625000000001 0.06553819444444446 0.10449652777777771
20 0.7883391203703705 0.2719965277777778 0.06218171296296297 0.09817708333333339
22 0.31820023148148147 0.2662326388888889 0.062268518518518515 0.10052083333333331
19 0.9199074074074074 0.45211805555555556 0.06626157407407404 0.10295138888888893
38 0.37364004629629627 0.2666840277777778 0.06302083333333339 0.09975694444444443
15 0.8468460648148148 0.2709548611111111 0.06458333333333358 0.09979166666666668
9 0.5743344907407407 0.6271006944444444 0.06394675925925934 0.10368055555555564
29 0.742824074074074 0.4552083333333334 0.062297453703703806 0.10130208333333321
23 0.632175925925926 0.6291666666666667 0.062413194444444466 0.10442708333333321
37 0.566869212962963 0.4466145833333333 0.060677083333333395 0.09970486111111114
16 0.27520254629629626 0.6227951388888889 0.06319444444444447 0.10444444444444442
17 0.26938657407407407 0.4446875 0.06313657407407405 0.10288194444444443
21 0.931423611111111 0.6365972222222223 0.06394675925925952 0.10368055555555564
3 0.7298611111111111 0.27381944444444445 0.062152777777777855 0.0973958333333333
6 0.4539641203703704 0.6228645833333333 0.0630787037037038 0.10131944444444443
39 0.7518229166666667 0.6349479166666667 0.06397569444444447 0.10446180555555565
12 0.3939814814814815 0.6262152777777777 0.06235532407407405 0.1028645833333334
36 0.5515914351851852 0.2659548611111111 0.062239583333333216 0.0997395833333333
41 0.5126157407407408 0.6257291666666667 0.06151620370370363 0.10128472222222236
30 0.6239583333333334 0.4494444444444444 0.06232638888888893 0.10208333333333339
40 0.6703993055555555 0.27015625 0.062152777777777855 0.0973958333333333
0 0.3895833333333333 0.44423611111111116 0.06232638888888893 0.10208333333333322
34 0.14907407407407408 0.44201388888888893 0.06238425925925926 0.10364583333333321
1 0.33446180555555555 0.6209895833333333 0.06313657407407405 0.10288194444444443
7 0.1384548611111111 0.2606770833333333 0.06310763888888889 0.10210069444444443
25 0.8104166666666668 0.6362500000000001 0.06553819444444428 0.10449652777777771
4 0.2067997685185185 0.4409548611111111 0.06385995370370372 0.10133680555555565
5 0.49383680555555554 0.2662326388888889 0.062239583333333216 0.0997395833333333