15 0.6859953703703704 0.1702488425925926 0.06316550925925916 0.1024537037037037
11 0.6231018518518519 0.3668865740740741 0.06401620370370367 0.10480902777777779
35 0.4243865740740741 0.5654166666666667 0.06394675925925916 0.10246527777777778
27 0.33369791666666665 0.37743634259259257 0.06408564814814817 0.10715277777777779
13 0.7167824074074074 0.5767766203703704 0.0647743055555555 0.10403935185185187
23 0.8071585648148147 0.17438657407407407 0.06304976851851833 0.0985474537037037
17 0.6938946759259259 0.7794733796296296 0.06247685185185183 0.10556712962962962
26 0.867361111111111 0.17684027777777778 0.06318865740740734 0.1032349537037037
38 0.2184201388888889 0.1765972222222222 0.0639930555555556 0.10402777777777779
33 0.4517824074074074 0.3830902777777777 0.06401620370370367 0.10480902777777779
8 0.7744328703703703 0.5721643518518518 0.06309606481481485 0.10010995370370371
10 0.6259780092592593 0.1740451388888889 0.06323495370370366 0.1047974537037037
28 0.34148148148148144 0.7719097222222222 0.06247685185185183 0.10556712962962962
20 0.7444965277777778 0.16799189814814816 0.062291666666666676 0.09931712962962962
32 0.1621238425925926 0.17420138888888886 0.06311921296296293 0.1008912037037037
16 0.6819965277777778 0.37791087962962966 0.0632118055555555 0.10401620370370371
1 0.5071122685185185 0.379224537037037 0.06089120370370367 0.10476273148148145
31 0.40370370370370373 0.7634606481481482 0.06089120370370367 0.10476273148148145
9 0.3091550925925926 0.5769849537037037 0.0647743055555555 0.10403935185185187
24 0.27763310185185186 0.3828530092592593 0.06472800925925926 0.10247685185185187
14 0.2507928240740741 0.5839293981481481 0.06325810185185184 0.1055787037037037
21 0.7412094907407407 0.37332175925925926 0.0639930555555555 0.10402777777777779
30 0.39188078703703705 0.3907928240740741 0.0624305555555555 0.10400462962962961
37 0.4520138888888889 0.18005787037037035 0.06318865740740734 0.1032349537037037
39 0.48160300925925925 0.572511574074074 0.06162615740740733 0.10321180555555554
34 0.4601157407407407 0.7697627314814814 0.06252314814814816 0.10712962962962962
6 0.5651967592592593 0.36290509259259257 0.0639930555555555 0.10402777777777779
2 0.5194907407407408 0.7706423611111111 0.06171875 0.10633680555555572
29 0.9266493055555557 0.20114583333333336 0.05918981481481467 0.10005208333333329
0 0.5103067129629629 0.17076967592592593 0.06410879629629633 0.10793402777777779
25 0.2876215277777778 0.7726736111111111 0.061695601851851835 0.10555555555555554
7 0.5772106481481482 0.7683738425925926 0.06167245370370367 0.10477430555555571
12 0.635162037037037 0.7739178240740741 0.06167245370370367 0.10477430555555553
36 0.27965856481481477 0.18765625 0.06635995370370366 0.10484375000000004
19 0.36632523148148144 0.5825173611111112 0.06160300925925925 0.10243055555555554
40 0.3342071759259259 0.1837789351851852 0.06408564814814817 0.10715277777777779
41 0.3944328703703704 0.18701388888888887 0.06489004629629633 0.10794560185185183
18 0.6580960648148148 0.5727835648148148 0.0639930555555555 0.10402777777777779
5 0.56828125 0.17709490740740738 0.06505208333333332 0.11341435185185186
22 0.7502777777777778 0.7584432870370371 0.06238425925925917 0.10244212962962962
3 0.5980555555555556 0.5757986111111111 0.060017361111111 0.10162615740740737
4 0.5402199074074074 0.5741608796296296 0.061533564814814666 0.10008680555555571