29 0.5772858796296296 0.5198263888888889 0.055208333333333214 0.13594328703703695
22 0.7337673611111111 0.430150462962963 0.05251736111111107 0.13113425925925917
31 0.6547453703703704 0.47502893518518513 0.049392361111111074 0.13097222222222235
33 0.8067708333333332 0.38872106481481483 0.04855324074074048 0.13015046296296298
26 0.4932002314814815 0.5704571759259259 0.05538194444444446 0.13828703703703696
32 0.6171875 0.4973668981481481 0.05627893518518512 0.13989004629629634
17 0.6939236111111111 0.4533912037037037 0.05292245370370381 0.13660300925925917
10 0.4526909722222222 0.5953009259259259 0.054774305555555534 0.14059027777777774
36 0.8440104166666668 0.3726736111111111 0.046788194444444285 0.11682870370370368
27 0.7693287037037038 0.4126215277777778 0.04976851851851851 0.12554398148148138
26 0.5352719907407407 0.5455324074074074 0.05280671296296298 0.13504050925925917
36 0.8754918981481481 0.3530034722222222 0.04560185185185191 0.11131944444444439
36 0.9116608796296296 0.3330902777777778 0.04560185185185191 0.11131944444444448
30 0.9475983796296298 0.31005208333333334 0.04586226851851834 0.1253414351851852
38 0.3624131944444445 0.20236689814814812 0.05066550925925926 0.04309606481481483
16 0.06122685185185186 0.3395428240740741 0.07662037037037037 0.0677893518518518
21 0.38891782407407405 0.09433449074074074 0.05138888888888893 0.1053935185185185