10 0.97578125 0.05859375 0.0359375 0.08828125
12 0.53203125 0.5078125 0.0390625 0.11015625
21 0.6296875 0.43359375 0.034375 0.10390625
7 0.5015625 0.53515625 0.0359375 0.11875
26 0.7765625 0.32421875 0.0296875 0.10234375
0 0.85234375 0.2625 0.02578125 0.103125
1 0.72109375 0.3671875 0.0265625 0.09609375
32 0.74765625 0.3453125 0.028125 0.10703125
5 0.80546875 0.30234375 0.02734375 0.09765625
6 0.68984375 0.38515625 0.03125 0.10234375
5 0.8296875 0.2875 0.025 0.0984375
16 0.66171875 0.4109375 0.03359375 0.1015625
17 0.56796875 0.48203125 0.03359375 0.10390625
24 0.5984375 0.45390625 0.028125 0.1125