21 0.578125 0.5015625 0.0421875 0.096875
25 0.49765625 0.5484375 0.04609375 0.1203125
17 0.45390625 0.56640625 0.046875 0.1234375
2 0.37578125 0.60703125 0.053125 0.11796875
27 0.65703125 0.47734375 0.04296875 0.1109375
28 0.5390625 0.52265625 0.04375 0.10078125
27 0.69375 0.4625 0.03828125 0.11171875
26 0.765625 0.43359375 0.0390625 0.1109375
20 0.728125 0.4484375 0.040625 0.11328125
7 0.41875 0.5875 0.04609375 0.12109375
24 0.61796875 0.49375 0.04140625 0.11171875
36 0.8 0.4203125 0.03515625 0.10078125
36 0.8390625 0.40546875 0.0328125 0.09765625
2 0.865625 0.8890625 0.06875 0.14453125