10 0.505179398148148 0.609201388888889 0.042876157407407335 0.10381944444444428
11 0.5366319444444445 0.6299189814814815 0.04209490740740733 0.10379050925925917
39 0.34640046296296295 0.5039930555555555 0.035520833333333356 0.09262152777777785
34 0.22667824074074075 0.4268229166666667 0.0340046296296296 0.09412615740740744
6 0.02248263888888889 0.05949074074074075 0.03779513888888889 0.09036458333333335
23 0.37555555555555553 0.5230613425925925 0.038969907407407425 0.1036747685185185
15 0.4368518518518519 0.5660011574074074 0.040486111111111 0.10217013888888893
28 0.2573726851851852 0.44673032407407404 0.03313078703703702 0.09097222222222215
23 0.40847800925925926 0.5469618055555555 0.03968171296296301 0.1013599537037038
15 0.46979745370370374 0.5891203703703705 0.04050925925925917 0.10295138888888893
6 0.5803993055555556 0.657349537037037 0.05471064814814817 0.10815972222222214
25 0.28429976851851857 0.4618055555555555 0.03641782407407401 0.09655671296296298
35 0.20069444444444445 0.4063078703703704 0.029131944444444446 0.08770254629629619
1 0.9362210648148148 0.5266203703703705 0.06545138888888893 0.04924768518518512
39 0.31425925925925924 0.4801215277777778 0.032210648148148203 0.08625578703703703