16 0.446875 0.45625 0.0453125 0.11875
16 0.4890625 0.4328125 0.04609375 0.12265625
15 0.36484375 0.51875 0.0453125 0.13046875
17 0.2359375 0.61796875 0.0546875 0.14140625
12 0.18671875 0.653125 0.05234375 0.125
30 0.59765625 0.34609375 0.03515625 0.115625
11 0.40703125 0.490625 0.0484375 0.12734375
5 0.32265625 0.55234375 0.04296875 0.128125
5 0.2796875 0.58671875 0.04375 0.1296875
24 0.5265625 0.4046875 0.040625 0.11640625
27 0.5640625 0.37890625 0.0375 0.11640625
36 0.66875 0.3015625 0.03203125 0.1078125
34 0.2328125 0.225 0.071875 0.0421875
36 0.63203125 0.32265625 0.03203125 0.10390625
36 0.97734375 0.0578125 0.034375 0.0875
31 0.328125 0.1 0.0546875 0.0359375
2 0.18515625 0.3 0.06484375 0.0421875