29 0.45234375 0.45390625 0.04453125 0.12421875
16 0.53203125 0.39453125 0.0421875 0.115625
29 0.4140625 0.484375 0.04453125 0.125
27 0.6046875 0.34609375 0.03984375 0.11328125
15 0.371875 0.51328125 0.04296875 0.12734375
24 0.56640625 0.3703125 0.0375 0.11328125
30 0.6375 0.31875 0.03515625 0.11328125
12 0.19453125 0.64921875 0.05234375 0.125
5 0.28828125 0.57734375 0.03828125 0.12734375
17 0.2453125 0.61171875 0.04921875 0.13984375
5 0.33203125 0.5453125 0.0421875 0.1265625
11 0.49296875 0.42578125 0.03984375 0.1203125
36 0.6734375 0.296875 0.03203125 0.1078125
36 0.70703125 0.275 0.0296875 0.109375
34 0.23515625 0.22734375 0.06796875 0.04296875
36 0.975 0.05859375 0.03359375 0.08203125