21 0.35976851851851854 0.35578125 0.03662615740740742 0.10571180555555557
22 0.5559259259259259 0.4907638888888889 0.04366319444444446 0.11936342592592589
38 0.4843981481481482 0.44796296296296295 0.039016203703703664 0.10663194444444457
37 0.4560763888888889 0.41984953703703703 0.034184027777777716 0.0907754629629629
7 0.5201157407407407 0.4685821759259259 0.03704282407407398 0.11274305555555557
15 0.3923611111111111 0.37658564814814816 0.03759259259259258 0.1088831018518519
37 0.4219212962962963 0.39913773148148146 0.03331018518518505 0.08916666666666666
6 0.30156828703703703 0.31297453703703704 0.0324421296296296 0.10079282407407408
6 0.3311284722222222 0.3355266203703704 0.03487847222222218 0.1024942129629629
25 0.5914178240740741 0.520804398148148 0.04325231481481477 0.12556712962962954
1 0.2701273148148148 0.2983738425925926 0.032349537037037024 0.09923032407407409
35 0.21771990740740738 0.26071180555555556 0.030190972222222178 0.10221643518518517
39 0.24543981481481483 0.27866898148148145 0.029774305555555537 0.09518518518518518
36 0.028975694444444443 0.052378472222222215 0.03845486111111111 0.08402199074074075