28 0.55 0.42734375 0.0421875 0.121875
10 0.2578125 0.64765625 0.04453125 0.128125
12 0.50625 0.45546875 0.04609375 0.11484375
2 0.4328125 0.5125 0.04375 0.121875
7 0.4703125 0.48515625 0.0390625 0.12734375
34 0.61796875 0.36953125 0.04453125 0.11953125
31 0.5828125 0.39921875 0.04375 0.11953125
17 0.18671875 0.3046875 0.07421875 0.04921875
29 0.1828125 0.2546875 0.07109375 0.04453125
0 0.16328125 0.7234375 0.0609375 0.14609375
21 0.3890625 0.54140625 0.03671875 0.12734375
12 0.24296875 0.10625 0.040625 0.040625
1 0.30390625 0.6125 0.0375 0.1203125
5 0.21484375 0.68203125 0.04609375 0.1375
31 0.27421875 0.1203125 0.05625 0.040625
38 0.5546875 0.215625 0.053125 0.046875
5 0.3453125 0.575 0.03515625 0.12734375
24 0.65546875 0.3375 0.0265625 0.115625