16 0.61953125 0.46953125 0.05 0.12734375
11 0.57890625 0.48984375 0.05078125 0.128125
1 0.44453125 0.546875 0.05390625 0.1265625
1 0.48984375 0.5265625 0.0515625 0.12734375
27 0.39921875 0.5703125 0.0515625 0.13046875
1 0.534375 0.50546875 0.05234375 0.12578125
0 0.8546875 0.36484375 0.04609375 0.121875
41 0.6984375 0.43515625 0.046875 0.1203125
30 0.3484375 0.58984375 0.059375 0.13515625
0 0.78046875 0.403125 0.0484375 0.125
41 0.74609375 0.41875 0.0484375 0.1203125
41 0.66171875 0.45234375 0.046875 0.12109375
0 0.81953125 0.3828125 0.0453125 0.12421875
22 0.3765625 0.1125 0.04921875 0.10234375
39 0.21328125 0.0453125 0.0609375 0.0390625