16 0.7265625 0.45390625 0.046875 0.1140625
25 0.5671875 0.528125 0.0484375 0.125
28 0.6109375 0.5078125 0.04921875 0.11796875
27 0.80625 0.42421875 0.04453125 0.11640625
21 0.76875 0.4375 0.046875 0.1203125
39 0.65 0.49375 0.0453125 0.11484375
39 0.68984375 0.471875 0.0453125 0.1125
7 0.44453125 0.58125 0.05234375 0.1296875
7 0.5296875 0.5453125 0.05078125 0.125
7 0.4890625 0.56484375 0.05234375 0.12734375
30 0.84140625 0.40625 0.0453125 0.11484375
33 0.87890625 0.3953125 0.03828125 0.11875
26 0.91328125 0.37890625 0.03671875 0.1171875
35 0.865625 0.88828125 0.06328125 0.13671875
37 0.6203125 0.25546875 0.05234375 0.0421875