11 0.5795486111111112 0.5232523148148148 0.04292824074074062 0.10663194444444457
16 0.5423611111111111 0.5423611111111111 0.04773726851851841 0.10921875000000014
21 0.5120428240740742 0.5587094907407407 0.04785879629629619 0.11156249999999997
39 0.6781944444444445 0.4722685185185185 0.037835648148148236 0.098576388888889
12 0.826741898148148 0.39192708333333337 0.03561342592592567 0.10079861111111113
39 0.71015625 0.4575636574074074 0.03701388888888886 0.09775462962962962
1 0.6440509259259259 0.48997685185185186 0.04252314814814824 0.09881944444444439
34 0.04097222222222222 0.5046759259259259 0.035804398148148155 0.11950810185185183
10 0.7412152777777777 0.440474537037037 0.03976273148148159 0.1056886574074074
2 0.8531134259259261 0.3745949074074074 0.037511574074073906 0.09232638888888882
1 0.6120891203703704 0.5046817129629629 0.04182291666666664 0.1003414351851852
24 0.4725520833333333 0.5784780092592593 0.052870370370370345 0.11805555555555554
31 0.06578703703703703 0.5324537037037038 0.033634259259259246 0.10770833333333343
5 0.7675462962962963 0.42236111111111113 0.03487268518518523 0.10153935185185184
7 0.8805497685185184 0.3627719907407408 0.03483217592592567 0.10075810185185183
0 0.7988078703703704 0.4091782407407408 0.03631365740740744 0.09927662037037041
28 0.09126157407407406 0.5579282407407408 0.03910300925925925 0.1079918981481482
2 0.1836400462962963 0.8969733796296296 0.06149305555555555 0.1340856481481481