22 0.4265914351851851 0.4941724537037038 0.05800347222222228 0.12262731481481488
38 0.16541666666666668 0.3677546296296296 0.046649305555555555 0.11543402777777771
17 0.5045949074074073 0.5327951388888889 0.05726851851851862 0.1233969907407408
31 0.3507928240740741 0.4532407407407407 0.0538657407407408 0.11866319444444447
20 0.2365277777777778 0.40861689814814817 0.052442129629629616 0.1209837962962963
22 0.46593750000000006 0.5127083333333333 0.05781828703703695 0.11950231481481488
15 0.19957175925925927 0.3908969907407408 0.04844328703703704 0.11936342592592589
31 0.31300925925925926 0.43472800925925925 0.05308449074074071 0.11865162037037039
28 0.38476273148148155 0.4732581018518518 0.04908564814814813 0.11703125000000014
23 0.2739872685185185 0.4216608796296296 0.055937500000000015 0.12728009259259263
2 0.592662037037037 0.5700057870370371 0.06255208333333329 0.12035300925925937
7 0.5509722222222222 0.5514351851851853 0.06048611111111111 0.12500578703703696
39 0.13255208333333332 0.3532175925925926 0.04554398148148149 0.10995370370370372
17 0.18876157407407407 0.8934201388888889 0.0751099537037037 0.1478587962962962
31 0.251099537037037 0.3120428240740741 0.05811921296296294 0.07189236111111112
12 0.312650462962963 0.24426504629629625 0.06826388888888886 0.045503472222222285