2 0.30994791666666666 0.4546875 0.03254629629629626 0.0893518518518519
25 0.5180787037037037 0.6038599537037037 0.0397743055555555 0.10304976851851855
22 0.5861458333333334 0.6540277777777778 0.04224537037037042 0.11178240740740737
27 0.335474537037037 0.47340277777777773 0.03179976851851851 0.09164930555555557
7 0.27975694444444443 0.4341319444444444 0.028721064814814845 0.09458912037037041
28 0.48557870370370376 0.5808217592592593 0.037384259259259166 0.09978587962962955
36 0.3950636574074074 0.5152488425925925 0.033327546296296265 0.08939814814814824
10 0.45538773148148143 0.5602662037037037 0.035017361111111 0.09808449074074073
25 0.5512789351851852 0.6324131944444444 0.0398321759259261 0.10695601851851855
7 0.25498842592592597 0.417025462962963 0.02711226851851851 0.09137152777777775
21 0.36097800925925927 0.4936805555555555 0.032615740740740765 0.0940393518518519
20 0.4259895833333333 0.5389756944444445 0.03584490740740733 0.10125578703703705
12 0.22795717592592596 0.3943113425925926 0.02706597222222218 0.08824652777777775
36 0.02179976851851852 0.05915509259259259 0.03723379629629629 0.08962962962962964