31 0.25775462962962964 0.42773726851851845 0.049403935185185155 0.11832175925925928
2 0.5277662037037036 0.5555324074074074 0.054907407407407405 0.12070601851851848
29 0.21808449074074074 0.41572337962962963 0.05023148148148149 0.1214525462962964
31 0.2903472222222222 0.44282407407407404 0.047060185185185156 0.11830439814814823
22 0.3663194444444445 0.4832349537037037 0.05250578703703699 0.11678240740740745
17 0.44472800925925926 0.5174131944444444 0.050266203703703737 0.12379629629629622
22 0.4020023148148148 0.5006886574074074 0.053298611111111074 0.1175694444444444
38 0.5743402777777777 0.5761921296296296 0.05964120370370374 0.12386574074074072
20 0.14664930555555555 0.38550347222222225 0.04629050925925924 0.1190798611111111
28 0.32991319444444445 0.4618692129629629 0.053310185185185155 0.11835069444444457
15 0.11180555555555556 0.3641493055555556 0.03851273148148149 0.12136574074074077
41 0.18236689814814816 0.40061342592592597 0.041452546296296335 0.10888888888888885
7 0.4842592592592593 0.5388020833333333 0.05341435185185191 0.12538194444444456
1 0.6751157407407408 0.31362847222222223 0.04741898148148156 0.03706597222222223
12 0.29487268518518517 0.24283564814814812 0.0645833333333333 0.03563078703703706
37 0.8283159722222223 0.2569444444444445 0.04432870370370381 0.03938657407407416