10 0.97578125 0.05859375 0.0359375 0.0890625
5 0.60859375 0.465625 0.0359375 0.1109375
7 0.446875 0.60234375 0.03984375 0.1171875
23 0.775 0.325 0.0265625 0.1078125
26 0.7984375 0.30546875 0.02265625 0.103125
6 0.72109375 0.36640625 0.03046875 0.09921875
5 0.571875 0.48828125 0.0421875 0.1109375
12 0.478125 0.571875 0.03671875 0.109375
23 0.0546875 0.1 0.05859375 0.0390625
21 0.66484375 0.40859375 0.02578125 0.10625
16 0.69609375 0.390625 0.02890625 0.096875
23 0.0890625 0.0828125 0.05234375 0.034375
17 0.51328125 0.54296875 0.034375 0.1265625
34 0.3890625 0.1796875 0.059375 0.0390625
24 0.640625 0.440625 0.03359375 0.1046875
1 0.74453125 0.3484375 0.02890625 0.09921875
15 0.82421875 0.2796875 0.02421875 0.10546875