24 0.4109375 0.6390625 0.03828125 0.1015625
29 0.55390625 0.55546875 0.03359375 0.1015625
26 0.5203125 0.57578125 0.03359375 0.103125
32 0.5828125 0.53359375 0.0328125 0.10234375
11 0.9765625 0.05859375 0.0359375 0.08828125
30 0.4484375 0.62109375 0.0375 0.1015625
15 0.73515625 0.44140625 0.03125 0.09609375
32 0.64921875 0.49375 0.03359375 0.1
15 0.7671875 0.425 0.02890625 0.09609375
32 0.61640625 0.51484375 0.03359375 0.1015625
5 0.70859375 0.45625 0.028125 0.0953125
5 0.67734375 0.47421875 0.03125 0.096875
30 0.79296875 0.40390625 0.02734375 0.0921875
16 0.371875 0.66640625 0.03984375 0.10625
12 0.034375 0.88515625 0.065625 0.0703125