11 0.5860937500000001 0.5446180555555555 0.05386574074074062 0.12144097222222214
22 0.3492766203703704 0.4719328703703704 0.05266782407407407 0.1143518518518519
27 0.5450636574074074 0.5282118055555556 0.05538194444444446 0.12077546296296297
17 0.4216898148148148 0.4969039351851851 0.05363425925925931 0.11753472222222214
26 0.2082175925925926 0.42404513888888895 0.04627893518518515 0.11154513888888892
12 0.4662152777777778 0.5068287037037037 0.058229166666666644 0.11631944444444446
25 0.3126099537037037 0.4606481481481482 0.0519328703703704 0.1150752314814815
1 0.6287789351851851 0.5593460648148147 0.0584143518518518 0.11944444444444446
7 0.509224537037037 0.516087962962963 0.052025462962962975 0.11663773148148149
23 0.16989583333333333 0.41443865740740743 0.048258101851851844 0.11869212962962958
17 0.38364583333333335 0.48260995370370363 0.05276041666666664 0.11591435185185191
31 0.2762210648148148 0.444675925925926 0.047106481481481485 0.11238425925925917
17 0.0826099537037037 0.876707175925926 0.08154513888888888 0.15538194444444428
15 0.24414930555555556 0.4346064814814815 0.050601851851851884 0.11886574074074066