10 0.9792028356481481 0.03344184027777778 0.04159432870370381 0.06688368055555556
20 0.7614004629629629 0.3587962962962963 0.051128472222222145 0.15381944444444445
5 0.6565104166666667 0.4762731481481481 0.051417824074074046 0.15772569444444445
27 0.6196759259259259 0.5183738425925926 0.04699074074074083 0.1505497685185185
6 0.5121527777777778 0.6531828703703704 0.05564236111111107 0.1726851851851851
25 0.4719328703703704 0.7024594907407408 0.057957175925925954 0.18289930555555553
12 0.3439525462962963 0.825491898148148 0.05954861111111107 0.1307581018518519
38 0.7956886574074075 0.3246238425925926 0.04085648148148131 0.15188078703703703
25 0.43087384259259254 0.7509837962962963 0.059085648148148096 0.18761574074074067
33 0.10760995370370371 0.4691840277777778 0.09027777777777776 0.06177662037037042
16 0.5522858796296296 0.6133101851851851 0.058854166666666784 0.16345486111111107
15 0.7302083333333333 0.40303819444444444 0.04383680555555554 0.16056134259259255
16 0.5873553240740741 0.557957175925926 0.05147569444444446 0.15850694444444446
34 0.12647569444444445 0.3642939814814815 0.10567129629629628 0.059230324074074046
1 0.8662326388888889 0.2405381944444444 0.03752893518518512 0.1385127314814815
22 0.3904224537037037 0.7971354166666667 0.056365740740740654 0.17193287037037042