32 0.20390625 0.3484375 0.0359375 0.1015625
25 0.2609375 0.38515625 0.034375 0.10234375
34 0.1703125 0.33203125 0.03515625 0.10078125
32 0.45078125 0.49765625 0.03984375 0.10859375
25 0.23203125 0.36953125 0.03359375 0.09921875
27 0.3234375 0.421875 0.03515625 0.1015625
10 0.14140625 0.32109375 0.03203125 0.09765625
11 0.41640625 0.478125 0.0375 0.1015625
15 0.1140625 0.303125 0.0328125 0.1015625
36 0.521875 0.54453125 0.0484375 0.10703125
33 0.4859375 0.52109375 0.03671875 0.1046875
33 0.3515625 0.4390625 0.0359375 0.1046875
37 0.3859375 0.45703125 0.03828125 0.08828125
35 0.28984375 0.40390625 0.0359375 0.10078125