21 0.40309027777777773 0.39262152777777776 0.04119791666666668 0.10350115740740744
22 0.6232465277777777 0.49623842592592593 0.04953125000000007 0.11579861111111107
16 0.3702256944444445 0.37624421296296295 0.04123263888888893 0.10428240740740743
24 0.43680555555555556 0.4105034722222222 0.0453125 0.10847800925925917
30 0.5056597222222223 0.4430266203703703 0.04776041666666657 0.11099537037037041
11 0.3075173611111111 0.3409143518518518 0.037968750000000016 0.10092592592592595
2 0.5489930555555556 0.4656828703703703 0.04677083333333325 0.10625
6 0.24345486111111114 0.31038773148148147 0.03619791666666661 0.09612268518518521
27 0.4726215277777778 0.4227430555555555 0.04314236111111107 0.1122106481481481
16 0.3387847222222222 0.3566261574074074 0.039565972222222266 0.1018229166666667
17 0.8989583333333334 0.8269675925925926 0.08401041666666664 0.15572916666666678
6 0.27390625 0.3253761574074074 0.03864583333333336 0.09864004629629627
12 0.5817534722222222 0.47971643518518514 0.046510416666666644 0.11791087962962976
39 0.1771875 0.28315972222222224 0.030659722222222196 0.09415509259259255
20 0.20980902777777777 0.294068287037037 0.03807291666666668 0.10326967592592595
34 0.803125 0.22268518518518515 0.07307291666666664 0.04979745370370372