24 0.3705671296296297 0.5434027777777778 0.051012731481481485 0.12565972222222221
29 0.6846585648148148 0.32131944444444444 0.04237847222222228 0.12475115740740739
24 0.3290625 0.57484375 0.052453703703703704 0.12333912037037038
23 0.64734375 0.347349537037037 0.04295717592592592 0.12085648148148147
11 0.9735243055555557 0.07306134259259259 0.039733796296296475 0.08880208333333332
23 0.6115509259259259 0.3741840277777778 0.045462962962962906 0.12401620370370373
11 0.23663773148148146 0.6383680555555555 0.055486111111111125 0.13665509259259262
11 0.2804861111111111 0.6069618055555555 0.05454282407407405 0.13351851851851854
20 0.5726736111111111 0.4001909722222222 0.048385416666666715 0.12015624999999996
25 0.49089120370370376 0.45449074074074075 0.047968750000000074 0.1271759259259259
12 0.4488888888888889 0.4804513888888889 0.04974537037037034 0.11627314814814813
15 0.5314525462962962 0.4261631944444444 0.04558449074074069 0.12635995370370381
7 0.41211226851851845 0.5111805555555555 0.04237847222222228 0.12475115740740747
6 0.18925925925925927 0.6775405092592592 0.06354166666666665 0.1414583333333333
38 0.15024884259259258 0.26883680555555556 0.04906250000000001 0.042881944444444466
34 0.06315393518518518 0.36527777777777776 0.07273148148148148 0.06274884259259261
6 0.42383101851851845 0.3002546296296297 0.07265046296296304 0.06118634259259252
36 0.07055555555555555 0.31300347222222225 0.04828125000000001 0.04287037037037038