20 0.24776041666666665 0.42453124999999997 0.04415509259259256 0.1630208333333334
23 0.2136516203703704 0.3863020833333334 0.03712962962962969 0.16333333333333327
33 0.4291145833333333 0.63359375 0.03322916666666664 0.1638541666666667
16 0.650162037037037 0.865625 0.052731481481481525 0.16125000000000006
25 0.319056712962963 0.5074479166666667 0.03560185185185185 0.16791666666666671
22 0.35311921296296295 0.5519270833333334 0.03953125000000002 0.17130208333333333
24 0.6034895833333334 0.83515625 0.045063657407407476 0.1802604166666665
27 0.515925925925926 0.7323958333333334 0.034774305555555426 0.16161458333333342
16 0.6999710648148149 0.8947395833333335 0.044479166666666715 0.10135416666666686
27 0.5569907407407408 0.78125 0.03865162037037031 0.15796874999999985
30 0.47173032407407406 0.6841145833333333 0.03861111111111111 0.15250000000000002
17 0.39194444444444443 0.5865625 0.0372106481481481 0.1742708333333333
15 0.2850231481481481 0.45906250000000004 0.030086805555555606 0.16130208333333335