22 0.44921875 0.59453125 0.0328125 0.11953125
22 0.4828125 0.5625 0.03046875 0.1203125
17 0.51328125 0.53359375 0.03046875 0.115625
10 0.59921875 0.45234375 0.028125 0.1125
27 0.7578125 0.30859375 0.01953125 0.096875
38 0.571875 0.48125 0.021875 0.10703125
31 0.41640625 0.6234375 0.02890625 0.11484375
35 0.709375 0.35703125 0.02265625 0.0953125
37 0.653125 0.4 0.025 0.096875
26 0.625 0.43125 0.0265625 0.11015625
12 0.54453125 0.50703125 0.028125 0.10078125
37 0.67890625 0.375 0.0265625 0.09453125
36 0.9796875 0.05390625 0.03984375 0.0859375
41 0.7328125 0.33203125 0.02109375 0.084375