26 0.7519444444444445 0.8610069444444445 0.0444212962962963 0.06496527777777779
30 0.5871006944444443 0.8646701388888889 0.04262731481481481 0.06102430555555571
23 0.6676620370370371 0.8644444444444443 0.04428240740740748 0.06262152777777778
30 0.5036458333333333 0.8688715277777778 0.041018518518518475 0.06020833333333329
23 0.7090682870370371 0.8635243055555556 0.04271990740740748 0.06258680555555571
16 0.4209722222222222 0.8730555555555555 0.042766203703703806 0.06336805555555572
24 0.4647222222222222 0.8720833333333333 0.041157407407407476 0.06255208333333329
20 0.6263020833333334 0.8661458333333332 0.043454861111111145 0.061822916666666575
30 0.5426620370370371 0.8672222222222221 0.04023726851851848 0.06019097222222243
37 0.8298842592592592 0.8561458333333334 0.04561342592592581 0.05874999999999986
1 0.33535300925925926 0.8671354166666667 0.04418981481481481 0.06105902777777779
11 0.3777256944444444 0.8693229166666667 0.04432870370370372 0.06340277777777778
22 0.7901793981481482 0.859375 0.04510995370370363 0.063420138888889
5 0.21978009259259262 0.35574652777777777 0.046383101851851904 0.03223958333333332