21 0.4734375 0.53046875 0.0375 0.1609375
7 0.221875 0.8046875 0.04296875 0.1828125
27 0.51171875 0.4890625 0.034375 0.14921875
17 0.2640625 0.75234375 0.04453125 0.190625
10 0.6578125 0.34140625 0.0359375 0.1515625
33 0.5890625 0.4140625 0.0328125 0.15546875
15 0.69140625 0.30390625 0.0328125 0.15703125
5 0.62265625 0.37890625 0.03203125 0.15390625
28 0.30625 0.7109375 0.0421875 0.171875
11 0.3921875 0.6125 0.0375 0.165625
30 0.55 0.45390625 0.03828125 0.15546875
36 0.9765625 0.06015625 0.0359375 0.0875
28 0.3484375 0.6640625 0.04375 0.16953125
11 0.43359375 0.56953125 0.0390625 0.16328125