32 0.48206597222222225 0.571875 0.042297453703703705 0.12265625
20 0.5830902777777778 0.67265625 0.04804976851851848 0.128125
6 0.02134259259259259 0.05546875 0.03969328703703704 0.0875
29 0.5155208333333332 0.6046875 0.04328125000000007 0.1265625
7 0.21620370370370373 0.3203125 0.029768518518518583 0.10703125
12 0.23932870370370368 0.34140625 0.028541666666666642 0.0984375
25 0.31224537037037037 0.41171875 0.03371527777777779 0.1078125
22 0.2876388888888889 0.3890625 0.03195023148148142 0.10390625
27 0.4531770833333333 0.54140625 0.03984375 0.10546875
26 0.5433854166666666 0.63984375 0.0399537037037037 0.12265625
11 0.39203125 0.48515625 0.03910300925925929 0.10625
22 0.25982638888888887 0.36796875 0.033350694444444426 0.10078125
1 0.3675868055555555 0.459375 0.03499421296296301 0.10234375
24 0.42087962962962966 0.51640625 0.040584490740740796 0.1046875
1 0.3401793981481481 0.43046875 0.028784722222222215 0.103125