16 0.34116319444444443 0.5345081018518518 0.053350694444444444 0.1182581018518519
31 0.42614583333333333 0.48708333333333337 0.05177083333333332 0.11739583333333332
23 0.62328125 0.3830034722222222 0.04864583333333332 0.11723379629629634
2 0.5822916666666667 0.40390046296296295 0.0461631944444445 0.11086226851851855
22 0.6212500000000001 0.08041666666666666 0.0485069444444445 0.11098379629629629
30 0.24680555555555558 0.5824189814814815 0.059670138888888856 0.12170717592592588
2 0.546701388888889 0.42138888888888887 0.05015624999999986 0.11497106481481474
17 0.4655555555555555 0.46548611111111116 0.053402777777777646 0.1206018518518519
30 0.2978472222222222 0.5563078703703704 0.05494791666666661 0.1199016203703703
7 0.5065104166666666 0.44302662037037044 0.04944444444444436 0.11805555555555554
11 0.38520833333333326 0.5103240740740741 0.051718750000000036 0.1150520833333335
10 0.6997395833333334 0.33914930555555556 0.045364583333333285 0.11004050925925926
15 0.6611111111111111 0.3607060185185185 0.046232638888889 0.11398726851851855
5 0.7321701388888888 0.3202604166666666 0.042204861111111214 0.10831597222222218
17 0.26753472222222224 0.3537384259259259 0.05913194444444443 0.06237268518518517