29 0.615162037037037 0.47517361111111106 0.054299768518518476 0.12918402777777765
27 0.45460069444444445 0.3653298611111111 0.048263888888888926 0.11812499999999995
16 0.5315740740740741 0.4168055555555556 0.04908564814814813 0.11892361111111108
15 0.6572048611111111 0.5016145833333333 0.04965277777777786 0.12986111111111107
24 0.49401620370370375 0.38635416666666667 0.04427662037037052 0.1164756944444445
30 0.41552083333333334 0.3356944444444444 0.04020833333333336 0.11326388888888897
11 0.5697511574074074 0.44411458333333337 0.0485069444444445 0.12281250000000003
5 0.7003125000000001 0.5335069444444445 0.04961226851851848 0.12907986111111108
17 0.7887905092592593 0.5956770833333334 0.05869212962962962 0.13864583333333336
12 0.8429166666666668 0.6288888888888888 0.05656250000000007 0.1276736111111111
5 0.7450636574074074 0.5669270833333333 0.04734953703703706 0.1305902777777778
36 0.3807523148148148 0.3137847222222222 0.03848379629629628 0.11010416666666663
36 0.34368055555555554 0.29270833333333335 0.03605902777777779 0.10848958333333333
34 0.7772916666666667 0.20798611111111112 0.07085648148148138 0.04215277777777775
29 0.862824074074074 0.30385416666666665 0.07739004629629634 0.04776041666666666
36 0.02314814814814815 0.05423611111111112 0.0444212962962963 0.08916666666666669
2 0.8191377314814815 0.27588541666666666 0.06793402777777757 0.04598958333333334