28 0.62421875 0.43671875 0.03671875 0.10546875
10 0.97578125 0.05859375 0.03671875 0.090625
7 0.53125 0.5125 0.0328125 0.1171875
12 0.5578125 0.48984375 0.03671875 0.1171875
32 0.7671875 0.328125 0.02578125 0.10546875
21 0.68671875 0.3921875 0.03359375 0.1
5 0.8171875 0.290625 0.0234375 0.10234375
26 0.79296875 0.3109375 0.028125 0.103125
24 0.65546875 0.41796875 0.0375 0.10625
36 0.49375 0.5453125 0.0390625 0.109375
6 0.73828125 0.3484375 0.02734375 0.09921875
16 0.7125 0.36953125 0.03203125 0.096875
17 0.5921875 0.46328125 0.03046875 0.1015625
0 0.84375 0.26796875 0.028125 0.09296875