16 0.4916666666666667 0.55859375 0.04296875 0.10706597222222225
29 0.42484374999999996 0.6206597222222222 0.04343749999999993 0.12578125
6 0.9719270833333333 0.10118055555555557 0.04098958333333336 0.0890625
7 0.7450520833333333 0.34262152777777777 0.02755208333333332 0.10949652777777778
7 0.7183854166666667 0.36651041666666667 0.028958333333333287 0.10722222222222229
12 0.6958854166666667 0.3866666666666666 0.026822916666666606 0.09855902777777778
26 0.39192708333333337 0.6560243055555556 0.04343750000000002 0.12578125
11 0.5268229166666667 0.5366493055555556 0.04296875 0.10706597222222225
32 0.46130208333333333 0.5909375 0.04703125000000004 0.12126736111111107
25 0.6119791666666667 0.4581597222222221 0.03531250000000004 0.10906249999999992
22 0.6416145833333333 0.43675347222222227 0.03442708333333329 0.10746527777777785
1 0.5523958333333333 0.5056597222222223 0.037968749999999926 0.10217013888888893
1 0.5838020833333333 0.4811979166666667 0.03057291666666657 0.10807291666666678
22 0.6684374999999999 0.41052083333333333 0.028229166666666573 0.10796875000000003