16 0.5280381944444444 0.46819444444444447 0.04804976851851848 0.12072916666666664
27 0.49129050925925927 0.4392534722222223 0.04239583333333332 0.11423611111111107
29 0.31302083333333336 0.2947916666666667 0.040399305555555556 0.1258506944444445
15 0.6966087962962962 0.6013020833333333 0.053177083333333285 0.13578125000000013
11 0.5695891203703705 0.50125 0.045063657407407476 0.12527777777777782
38 0.3849768518518518 0.3533854166666667 0.036215277777777735 0.11630208333333333
24 0.6543229166666666 0.5697743055555555 0.049681712962962976 0.12314236111111114
12 0.8446990740740741 0.7015104166666667 0.05756365740740747 0.1258333333333333
5 0.7428703703703704 0.6353472222222223 0.051545138888888786 0.13336805555555564
6 0.6094155092592592 0.5287673611111112 0.04731481481481481 0.12225694444444457
30 0.4575752314814815 0.40732638888888884 0.04556712962962965 0.11593750000000007
5 0.7923726851851851 0.6734375 0.05237268518518512 0.13496527777777773
30 0.41857638888888893 0.38140625 0.040121527777777645 0.11647569444444442
35 0.9663657407407407 0.38390625 0.06561342592592609 0.055190972222222176
36 0.025885416666666668 0.05732638888888888 0.03765625 0.0859375
6 0.700144675925926 0.16765625 0.05828124999999993 0.0447222222222222