20 0.42789351851851853 0.43090277777777775 0.03587962962962958 0.10509259259259256
23 0.39947916666666666 0.40098379629629627 0.03761574074074074 0.10983796296296297
5 0.5425925925925925 0.5365740740740741 0.038570601851851904 0.11455439814814809
10 0.02638888888888889 0.05949074074074075 0.03926504629629629 0.09117476851851851
7 0.6450231481481481 0.6269675925925926 0.03576388888888893 0.12303240740740726
12 0.615017361111111 0.5962094907407407 0.03845486111111107 0.11142939814814809
5 0.5141493055555555 0.5058738425925926 0.03527199074074083 0.10975115740740726
15 0.4551793981481481 0.45141782407407405 0.03530092592592595 0.11053240740740744
24 0.3397569444444445 0.34728009259259257 0.03272569444444447 0.10419560185185191
21 0.31177662037037035 0.3290798611111111 0.030121527777777768 0.09707754629629628
34 0.6191550925925926 0.2023726851851852 0.055208333333333214 0.03715277777777777
15 0.4835648148148149 0.4805555555555555 0.04236111111111107 0.11157407407407405
23 0.3681423611111111 0.3764178240740741 0.03443287037037042 0.10815972222222223
17 0.5778935185185186 0.5628472222222223 0.039901620370370414 0.10836226851851852
16 0.28828125 0.30558449074074073 0.027893518518518512 0.10011574074074074