11 0.64375 0.478125 0.040625 0.11328125
16 0.6828125 0.46015625 0.0421875 0.11171875
25 0.4875 0.546875 0.0453125 0.12109375
30 0.759375 0.43515625 0.04296875 0.1078125
6 0.60390625 0.4921875 0.04375 0.1109375
31 0.56640625 0.50234375 0.03984375 0.1046875
33 0.796875 0.41953125 0.0375 0.11171875
27 0.71875 0.44609375 0.0421875 0.11171875
29 0.86640625 0.3890625 0.034375 0.11796875
12 0.44765625 0.5640625 0.046875 0.1171875
35 0.86640625 0.88984375 0.06015625 0.1359375
28 0.5296875 0.52421875 0.0453125 0.10859375
12 0.40625 0.58671875 0.04921875 0.11796875
23 0.83203125 0.40703125 0.0359375 0.11484375
32 0.29375 0.28671875 0.0640625 0.03984375
34 0.27890625 0.3265625 0.06875 0.0421875