16 0.44371527777777775 0.6234085648148149 0.05291087962962955 0.11987847222222214
22 0.6729571759259259 0.543142361111111 0.048559027777777784 0.11099537037037024
25 0.7081828703703703 0.5292824074074074 0.04950231481481495 0.11417824074074083
17 0.5971180555555555 0.5688946759259259 0.049664351851851765 0.11730324074074083
11 0.3993171296296296 0.6326678240740741 0.05365162037037034 0.11915509259259274
23 0.8157175925925927 0.49725115740740744 0.046215277777777786 0.11082175925925916
12 0.5572858796296296 0.5808449074074075 0.05168402777777779 0.11122685185185191
27 0.48292824074074076 0.608275462962963 0.05060763888888893 0.12048611111111107
17 0.6362905092592592 0.5545428240740741 0.04789930555555557 0.11328125
7 0.5221006944444444 0.593923611111111 0.049583333333333354 0.11574074074074084
26 0.853125 0.48668981481481477 0.04226851851851841 0.10975115740740744
15 0.7464120370370371 0.5179976851851852 0.048680555555555574 0.11333912037037042
17 0.8202256944444445 0.9390480324074074 0.07488425925925916 0.12190393518518512
15 0.782957175925926 0.5089409722222222 0.04555555555555557 0.11310763888888893