7 0.6640625 0.3921875 0.02734375 0.1078125
7 0.63515625 0.41796875 0.0296875 0.10546875
30 0.57890625 0.465625 0.0359375 0.10234375
30 0.5515625 0.49453125 0.03828125 0.1
21 0.52265625 0.5203125 0.040625 0.10546875
11 0.45546875 0.57578125 0.040625 0.1109375
28 0.746875 0.33125 0.03046875 0.1
16 0.48828125 0.5453125 0.0390625 0.1078125
30 0.6078125 0.44140625 0.0375 0.10234375
1 0.7734375 0.3046875 0.02578125 0.096875
6 0.41953125 0.60703125 0.0515625 0.115625
22 0.690625 0.36953125 0.02578125 0.1109375
25 0.71953125 0.34296875 0.025 0.10703125