15 0.7967592592592593 0.671875 0.05917245370370363 0.1421875
30 0.5711226851851852 0.50703125 0.05760995370370381 0.12109375
25 0.40899884259259256 0.390625 0.05280671296296298 0.11796875
33 0.5239293981481482 0.47734375 0.04618055555555554 0.12890625
25 0.4483796296296296 0.4203125 0.04979745370370381 0.12109375
28 0.37372685185185184 0.36640625 0.05350115740740744 0.115625
31 0.33752893518518523 0.33828125 0.04409722222222214 0.11484375
27 0.6097800925925926 0.53828125 0.05769675925925917 0.1234375
10 0.02638888888888889 0.05859375 0.04004629629629629 0.08984375
21 0.6971643518518519 0.5984375 0.05789930555555571 0.12890625
24 0.6492476851851852 0.5703125 0.053761574074074045 0.12265625
34 0.827662037037037 0.071875 0.06629050925925917 0.0390625
11 0.74765625 0.6328125 0.0627893518518519 0.134375
2 0.6730613425925925 0.053125 0.054340277777777855 0.0328125
22 0.4815104166666667 0.45 0.046875 0.1265625
29 0.8601851851851852 0.275 0.07352430555555571 0.04453125
31 0.30049189814814814 0.30859375 0.03885995370370372 0.12109375
26 0.8206018518518519 0.303125 0.07294560185185191 0.05