6 0.97578125 0.11407407407407408 0.034375 0.08719328703703706
31 0.76796875 0.41191550925925924 0.03203125 0.15580439814814823
34 0.8046875 0.38049768518518523 0.034375 0.16922453703703705
5 0.58515625 0.594832175925926 0.0390625 0.1710648148148149
30 0.5015625 0.6695659722222222 0.04375 0.16274884259259254
7 0.7015625 0.4845428240740741 0.03125 0.1635706018518519
26 0.621875 0.5532581018518519 0.040625 0.16412615740740738
17 0.7328125 0.4457696759259259 0.03671875 0.1506134259259259
24 0.45859375 0.7162384259259259 0.03984375 0.1609548611111112
21 0.4171875 0.7544097222222221 0.03359375 0.17855324074074092
21 0.37265625 0.7955208333333333 0.040625 0.17818865740740755
11 0.32578125 0.8318055555555557 0.04375 0.17212384259259253
0 0.5421875 0.6297858796296296 0.03828125 0.15929976851851854
32 0.659375 0.511730324074074 0.03828125 0.17023726851851856