34 0.72578125 0.472193287037037 0.04609375 0.11733217592592596
27 0.76640625 0.4604166666666666 0.04296875 0.11643518518518511
26 0.496875 0.5668402777777778 0.0421875 0.11796875
22 0.653125 0.5046585648148147 0.0421875 0.11015625
29 0.53671875 0.5456597222222223 0.04375 0.11568287037037042
22 0.61484375 0.5196469907407407 0.0421875 0.1125
12 0.57421875 0.527517361111111 0.04375 0.09927662037037024
28 0.69140625 0.48576388888888894 0.04296875 0.11331018518518512
33 0.8015625 0.4484375 0.040625 0.11166087962962959
23 0.4125 0.6004340277777778 0.046875 0.12829861111111107
17 0.8625 0.9217881944444445 0.0625 0.14840856481481488
23 0.4546875 0.5832465277777777 0.04453125 0.12274305555555554
39 0.84296875 0.4398148148148149 0.0328125 0.09887152777777786
39 0.87109375 0.4221064814814815 0.0296875 0.10344328703703702