21 0.45625 0.471875 0.0421875 0.10546875
25 0.4234375 0.4515625 0.0375 0.10546875
32 0.290625 0.3796875 0.03515625 0.10234375
25 0.38984375 0.43203125 0.0375 0.10234375
32 0.32421875 0.396875 0.0359375 0.103125
27 0.49140625 0.4890625 0.03984375 0.1015625
27 0.52578125 0.50703125 0.04140625 0.10703125
15 0.23359375 0.34375 0.0328125 0.10234375
20 0.2078125 0.328125 0.03046875 0.09765625
10 0.265625 0.3578125 0.03125 0.1
17 0.86484375 0.88671875 0.06796875 0.14609375
32 0.35546875 0.4171875 0.0375 0.10703125
33 0.56328125 0.53046875 0.04453125 0.10703125
7 0.98671875 0.521875 0.0265625 0.109375
2 0.9625 0.5453125 0.03203125 0.0984375
33 0.60078125 0.55390625 0.04921875 0.1125