20 0.7038194444444444 0.413119212962963 0.05248842592592595 0.1613599537037036
10 0.9714409722222221 0.08750578703703703 0.04265046296296297 0.0916898148148148
12 0.320775462962963 0.7642824074074074 0.06168981481481488 0.1592939814814816
10 0.6253472222222223 0.47891203703703705 0.05338541666666661 0.16294560185185175
29 0.22057291666666665 0.8591840277777777 0.07008101851851851 0.18838541666666658
25 0.45477430555555554 0.6359317129629629 0.05257523148148149 0.1730555555555556
25 0.4100694444444445 0.6792361111111112 0.05353009259259256 0.17542245370370377
23 0.7445023148148149 0.37126157407407406 0.04534143518518512 0.15958912037037037
22 0.36837384259259254 0.7241956018518518 0.05549768518518512 0.18093749999999992
10 0.8145543981481481 0.30287037037037035 0.054947916666666784 0.1629918981481481
15 0.6676793981481481 0.44649884259259254 0.05254629629629619 0.1621412037037036
5 0.5826099537037036 0.5167939814814815 0.052604166666666785 0.1629224537037036
34 0.11490162037037037 0.34086226851851853 0.10214120370370372 0.05291666666666668
34 0.06956018518518518 0.3716203703703703 0.10410879629629628 0.05843171296296301
27 0.27543402777777776 0.8161805555555555 0.05844907407407405 0.17868634259259258
16 0.5416666666666667 0.5515972222222223 0.05280671296296298 0.15513310185185175
16 0.5023726851851852 0.5958449074074074 0.05717592592592595 0.1614988425925926
33 0.07745949074074074 0.44467013888888884 0.09751157407407407 0.05355902777777786