16 0.47421875 0.58828125 0.04765625 0.11640625
22 0.69921875 0.49140625 0.04296875 0.10859375
17 0.6234375 0.52265625 0.04375 0.1140625
11 0.43046875 0.6015625 0.04765625 0.115625
25 0.734375 0.475 0.04375 0.1109375
23 0.83828125 0.434375 0.03984375 0.10859375
12 0.58515625 0.5375 0.046875 0.10703125
26 0.8734375 0.42265625 0.0359375 0.10625
17 0.6625 0.50546875 0.0421875 0.11015625
27 0.51328125 0.56953125 0.04453125 0.11640625
7 0.55078125 0.553125 0.04375 0.11171875
15 0.76953125 0.46015625 0.04296875 0.11171875
15 0.803125 0.4484375 0.03984375 0.1109375
17 0.86640625 0.890625 0.06953125 0.15