15 0.2518576388888889 0.7020138888888889 0.06185763888888891 0.1462152777777778
10 0.9783854166666668 0.10196180555555556 0.03907986111111086 0.08984375
24 0.46772569444444445 0.5416319444444444 0.05225694444444447 0.1231770833333334
28 0.6456770833333334 0.4052951388888889 0.051302083333333214 0.11923611111111114
22 0.5786458333333334 0.4584548611111111 0.046927083333333286 0.12605902777777783
25 0.6164930555555556 0.43284722222222227 0.048420138888888783 0.12456597222222214
1 0.29859375 0.6658854166666666 0.0651041666666667 0.13154513888888886
12 0.54140625 0.4801909722222222 0.04864583333333332 0.11210069444444457
31 0.6842013888888889 0.37737847222222226 0.043489583333333214 0.11888888888888882
11 0.3828298611111111 0.5963368055555556 0.05963541666666661 0.1313020833333333
24 0.5092708333333333 0.5115104166666666 0.053003472222222216 0.12243055555555564
26 0.749201388888889 0.33114583333333336 0.03907986111111121 0.1249305555555555
6 0.3399305555555555 0.631076388888889 0.06251736111111103 0.1259722222222223
11 0.4244791666666667 0.5685590277777777 0.05729166666666661 0.13119791666666672
31 0.7157986111111111 0.35149305555555554 0.037413194444444284 0.12251736111111108