1 0.4249131944444445 0.47564814814814815 0.04499999999999993 0.09873842592592581
39 0.3217361111111111 0.4209953703703704 0.037864583333333354 0.09634259259259252
12 0.19894097222222223 0.3466724537037037 0.033489583333333336 0.10333912037037037
16 0.4955034722222222 0.5175636574074074 0.04925347222222225 0.1065798611111111
39 0.356875 0.4384374999999999 0.03864583333333336 0.09634837962962965
11 0.45934027777777775 0.49464699074074076 0.0453125 0.10576967592592598
10 0.29131944444444446 0.40436921296296297 0.04052083333333325 0.10339120370370374
1 0.38796875000000003 0.4527256944444444 0.04269097222222218 0.09950231481481495
24 0.5730208333333333 0.5571875000000001 0.055920138888888894 0.11600115740740727
21 0.532986111111111 0.5350231481481481 0.0484375 0.10579282407407398
31 0.9976128472222221 0.5159085648148147 0.004774305555555714 0.10721643518518534
5 0.25906250000000003 0.3814814814814815 0.03651041666666668 0.10101851851851844
28 0.984904513888889 0.5423032407407408 0.030190972222222 0.10883680555555557
2 0.16869791666666667 0.33395254629629634 0.032222222222222194 0.09239583333333332
28 0.9622222222222223 0.5631944444444444 0.03668402777777757 0.10492476851851862
0 0.22953125000000002 0.3672048611111111 0.037256944444444426 0.10024305555555557
2 0.9013368055555556 0.8977893518518517 0.06361111111111128 0.1308969907407409