1 0.4858680555555555 0.5389351851851851 0.042048611111111 0.10193865740740744
16 0.55671875 0.5855266203703703 0.04469328703703699 0.11216435185185177
39 0.3909317129629629 0.46977430555555555 0.03726851851851851 0.09867476851851861
21 0.5200636574074075 0.5602430555555555 0.0406944444444445 0.10892361111111111
10 0.35528935185185184 0.4523263888888889 0.040625 0.1065798611111111
23 0.26839699074074075 0.39120949074074074 0.0366493055555555 0.10412037037037036
1 0.4524537037037037 0.517650462962963 0.03651041666666668 0.09943287037037045
24 0.5909606481481482 0.6083969907407407 0.04788773148148149 0.11460069444444443
28 0.9814814814814815 0.5637673611111111 0.03598379629629633 0.10800347222222229
31 0.9952358217592593 0.5394386574074075 0.00952835648148138 0.1084837962962963
39 0.42126736111111107 0.4925289351851852 0.034050925925926026 0.09545717592592595
0 0.2986168981481481 0.4100578703703704 0.03499421296296301 0.10094907407407412
28 0.9564178240740742 0.5872222222222222 0.034351851851851835 0.10561342592592596
12 0.2095196759259259 0.35355902777777776 0.03269675925925926 0.10244212962962962
5 0.32741319444444444 0.4335474537037037 0.029594907407407424 0.10313078703703696
23 0.23739583333333333 0.37233796296296295 0.03499421296296301 0.10094907407407412
2 0.8896238425925926 0.9146412037037038 0.060138888888888783 0.13291666666666657
2 0.18010416666666668 0.3355150462962963 0.02676504629629628 0.08665509259259263