16 0.43168402777777776 0.4792071759259259 0.03434027777777775 0.10438078703703706
16 0.40105902777777774 0.4506192129629629 0.03194444444444446 0.10200231481481481
11 0.021354166666666667 0.05892939814814815 0.037899305555555554 0.08881365740740739
23 0.5525694444444444 0.5958796296296296 0.03947916666666664 0.12476273148148138
27 0.3205555555555556 0.3806539351851852 0.02880208333333334 0.10117476851851856
20 0.522795138888889 0.5641782407407407 0.037673611111111074 0.11380208333333339
31 0.21456597222222223 0.29702546296296295 0.025624999999999964 0.09878472222222223
21 0.37652777777777774 0.4291550925925926 0.028854166666666715 0.10351851851851848
12 0.2937326388888889 0.3568113425925926 0.027083333333333393 0.09412037037037031
17 0.26916666666666667 0.3369097222222222 0.02887152777777775 0.10429976851851848
28 0.24078125 0.3130439814814815 0.02876736111111109 0.09961226851851848
28 0.19086805555555558 0.2732291666666667 0.024791666666666677 0.09642939814814815
39 0.4615277777777778 0.5077835648148148 0.031093749999999965 0.09886574074074073
39 0.49288194444444444 0.5387268518518519 0.031076388888888928 0.09808449074074073
27 0.34661458333333334 0.40370370370370373 0.02880208333333334 0.10117476851851848
35 0.62703125 0.19919560185185184 0.03993055555555554 0.03964120370370372