16 0.4796875 0.58515625 0.0484375 0.11796875
17 0.66640625 0.5015625 0.04140625 0.11328125
31 0.77109375 0.45703125 0.040625 0.10703125
22 0.70390625 0.4890625 0.0421875 0.10703125
27 0.5203125 0.5671875 0.0453125 0.1171875
11 0.434375 0.59921875 0.0515625 0.1171875
7 0.55625 0.55078125 0.04375 0.11328125
17 0.63203125 0.51875 0.0421875 0.1171875
25 0.73671875 0.4734375 0.04453125 0.1109375
12 0.59296875 0.5359375 0.0453125 0.109375
23 0.8734375 0.41640625 0.0375 0.109375
17 0.86640625 0.890625 0.06796875 0.14921875
26 0.8375 0.4296875 0.0375 0.10625
15 0.80703125 0.44453125 0.0390625 0.1109375
12 0.64375 0.1265625 0.03125 0.06171875