32 0.53671875 0.5683333333333334 0.03515625 0.12890625
20 0.61171875 0.6321875 0.04140625 0.13309027777777765
6 0.02421875 0.05907986111111111 0.034375 0.08824652777777778
27 0.5046875 0.5369444444444444 0.02578125 0.10583333333333336
24 0.47109375 0.51265625 0.0265625 0.10274305555555543
11 0.4421875 0.4850347222222222 0.0296875 0.10600694444444443
26 0.571875 0.5995833333333334 0.02890625 0.12237847222222235
29 0.22109375 0.3050173611111111 0.02578125 0.10973958333333336
22 0.26875 0.34899305555555554 0.0296875 0.10522569444444443
12 0.24375 0.32354166666666667 0.025 0.09329861111111111
25 0.325 0.3871180555555555 0.0265625 0.1089930555555556
1 0.41015625 0.45833333333333337 0.0265625 0.10743055555555543
22 0.2953125 0.36578125 0.028125 0.10750000000000001
1 0.38046875 0.4330902777777778 0.02421875 0.10263888888888886
36 0.3515625 0.41015625 0.028125 0.08953124999999992
35 0.75703125 0.22026041666666668 0.03671875 0.043038194444444414
31 0.72265625 0.20225694444444448 0.0453125 0.044201388888888894
5 0.6890625 0.18656250000000002 0.03984375 0.04161458333333332