28 0.39453125 0.56875 0.04921875 0.12421875
34 0.47734375 0.5296875 0.05078125 0.12578125
31 0.4390625 0.54765625 0.04140625 0.1234375
20 0.75390625 0.4078125 0.0421875 0.11875
20 0.78828125 0.3953125 0.04296875 0.115625
24 0.825 0.37734375 0.0390625 0.11171875
27 0.85703125 0.36015625 0.034375 0.11328125
5 0.52578125 0.509375 0.04375 0.11953125
10 0.60546875 0.47421875 0.04375 0.12109375
10 0.64140625 0.46015625 0.04140625 0.12109375
20 0.71875 0.4296875 0.03984375 0.11875
15 0.68046875 0.4421875 0.040625 0.12109375
5 0.5625 0.49296875 0.04296875 0.121875
34 0.66640625 0.246875 0.06875 0.04296875
2 0.8625 0.88984375 0.05703125 0.1375