16 0.7467361111111112 0.49157986111111107 0.05038194444444457 0.11641203703703695
25 0.5906944444444445 0.5583159722222222 0.05395833333333329 0.1267303240740741
21 0.7874479166666667 0.47810185185185183 0.05065972222222222 0.12266203703703696
28 0.6335069444444444 0.5394907407407408 0.054427083333333216 0.11973958333333332
7 0.4695833333333333 0.6042592592592593 0.058107638888888855 0.13240162037037032
39 0.671875 0.5258912037037037 0.05123263888888889 0.11801504629629633
39 0.7100347222222222 0.5076041666666666 0.04793402777777782 0.11394675925925916
7 0.5507638888888888 0.5718344907407408 0.05786458333333329 0.12693287037037032
30 0.8554861111111112 0.44811342592592596 0.05031249999999972 0.11484953703703696
35 0.9059895833333333 0.9318185763888888 0.06796875 0.13636284722222242
7 0.5126388888888889 0.5909027777777778 0.057968750000000034 0.1292766203703703
27 0.8203819444444445 0.465 0.048107638888888714 0.11785300925925916
26 0.9222743055555555 0.42507523148148146 0.04114583333333357 0.11905092592592581
33 0.8915451388888889 0.43517361111111114 0.041892361111111144 0.11831018518518518
37 0.6326215277777778 0.29157986111111106 0.04786458333333332 0.04223379629629633