10 0.5368402777777778 0.5962615740740741 0.042204861111111214 0.10654513888888886
28 0.5013194444444444 0.5772453703703704 0.04284722222222222 0.10030092592592599
10 0.022135416666666668 0.05876736111111112 0.037135416666666664 0.08932291666666665
31 0.46743055555555557 0.5551157407407408 0.04281249999999996 0.09873842592592581
30 0.43421875 0.5376793981481482 0.047395833333333214 0.09408564814814824
6 0.3434201388888889 0.47449652777777784 0.038715277777777765 0.09011574074074069
11 0.3132986111111111 0.4586458333333333 0.03489583333333339 0.09399305555555557
30 0.4058159722222222 0.5148090277777777 0.047361111111111145 0.09252314814814824
1 0.37425347222222227 0.49347800925925933 0.041024305555555605 0.08857060185185191
0 0.5739756944444444 0.6129456018518519 0.045451388888889 0.11203703703703702
16 0.28411458333333334 0.43576967592592586 0.031145833333333338 0.10099537037037046
36 0.25560763888888893 0.4175868055555556 0.028559027777777857 0.09004050925925924