11 0.1943460648148148 0.4048379629629629 0.041707175925925946 0.11789351851851855
6 0.23148148148148148 0.41672453703703705 0.0432696759259259 0.11798611111111121
17 0.6275925925925926 0.5787326388888889 0.050694444444444466 0.13168402777777785
34 0.4938020833333333 0.527181712962963 0.054461805555555645 0.12722800925925917
22 0.582505787037037 0.5626215277777777 0.05209490740740748 0.12630787037037033
16 0.16079282407407408 0.3817824074074074 0.03865162037037036 0.12005208333333339
34 0.454988425925926 0.5114814814814815 0.05053240740740748 0.12621527777777786
29 0.3011805555555555 0.444681712962963 0.04425925925925931 0.12506365740740738
32 0.2647800925925926 0.43118634259259264 0.04497106481481481 0.1227662037037037
34 0.5388194444444444 0.5409490740740741 0.05857638888888879 0.13449074074074083
23 0.41537037037037033 0.49504629629629626 0.048993055555555644 0.1269039351851852
23 0.3780266203703704 0.4761284722222222 0.04510995370370363 0.1274537037037037
26 0.3399710648148148 0.45960069444444446 0.043362268518518474 0.12111111111111103
35 0.15986689814814814 0.8788020833333334 0.06590856481481482 0.14506365740740748