23 0.5921875 0.4125 0.03125 0.109375
7 0.38046875 0.6 0.03671875 0.121875
26 0.62109375 0.38671875 0.02890625 0.1078125
10 0.97578125 0.05859375 0.03671875 0.08984375
1 0.73125 0.30234375 0.02265625 0.10234375
12 0.41328125 0.5703125 0.03359375 0.11015625
15 0.56484375 0.4359375 0.0296875 0.1109375
5 0.50703125 0.4875 0.0296875 0.10859375
15 0.53828125 0.46328125 0.0328125 0.11015625
5 0.4765625 0.51640625 0.03046875 0.1140625
21 0.6765625 0.33984375 0.02578125 0.0984375
23 0.08984375 0.0828125 0.05234375 0.0375
2 0.3125 0.059375 0.0484375 0.0296875
17 0.44375 0.5359375 0.0296875 0.121875
24 0.65078125 0.36171875 0.025 0.096875
16 0.70390625 0.3203125 0.0265625 0.0953125