11 0.9765625 0.05859375 0.0359375 0.08828125
25 0.2796875 0.80703125 0.0453125 0.184375
25 0.32265625 0.76015625 0.04453125 0.1875
20 0.68203125 0.38125 0.03515625 0.15546875
23 0.7171875 0.346875 0.03359375 0.1625
1 0.36640625 0.7078125 0.04296875 0.16953125
22 0.23125 0.86015625 0.0484375 0.1859375
6 0.41015625 0.66328125 0.03984375 0.165625
6 0.45234375 0.6171875 0.04296875 0.16015625
21 0.578125 0.4953125 0.0328125 0.16015625
11 0.49453125 0.5765625 0.04296875 0.16953125
10 0.61875 0.4578125 0.0375 0.15625
11 0.54453125 0.54140625 0.04296875 0.16796875
29 0.09453125 0.2640625 0.0890625 0.05625
27 0.7515625 0.3109375 0.0265625 0.15546875
10 0.65546875 0.4265625 0.03125 0.16640625