10 0.9723090277777778 0.07304976851851852 0.039560185185185046 0.08800925925925926
33 0.5233738425925927 0.5762210648148148 0.04791087962962948 0.16306712962962955
20 0.6818981481481481 0.42140046296296296 0.042708333333333216 0.14113425925925932
34 0.7516898148148148 0.35206018518518517 0.04556712962962965 0.16303240740740738
33 0.5685185185185185 0.5401388888888888 0.051174768518518474 0.16545717592592588
16 0.4391435185185185 0.6648958333333332 0.06078124999999997 0.16950231481481487
25 0.2979976851851852 0.8035532407407407 0.057939814814814826 0.18741319444444465
12 0.24669560185185185 0.8379803240740742 0.06283564814814815 0.13831018518518548
27 0.4839236111111111 0.6217708333333334 0.050023148148148164 0.1591956018518518
32 0.7158275462962963 0.38984375 0.04786458333333332 0.16228587962962954
6 0.39289351851851856 0.7064351851851851 0.05655671296296294 0.1772453703703704
5 0.6076446759259259 0.5000578703703704 0.05075810185185183 0.1584259259259259
25 0.34990162037037037 0.7589699074074074 0.05380208333333334 0.18344907407407404
16 0.6508101851851851 0.4709837962962963 0.05222800925925917 0.15688657407407405