25 0.73671875 0.33515625 0.0609375 0.15546875
25 0.83984375 0.29296875 0.059375 0.1546875
6 0.684375 0.35390625 0.05625 0.15234375
25 0.7890625 0.31484375 0.05859375 0.1546875
34 0.1828125 0.54921875 0.07109375 0.1796875
1 0.88828125 0.2734375 0.053125 0.1484375
27 0.11328125 0.57578125 0.0703125 0.18515625
6 0.390625 0.46796875 0.0640625 0.1671875
34 0.25703125 0.51875 0.0703125 0.1765625
5 0.63203125 0.3765625 0.06328125 0.16171875
15 0.51484375 0.4265625 0.06171875 0.1640625
16 0.32578125 0.49453125 0.065625 0.17265625
11 0.45234375 0.44765625 0.06328125 0.159375
5 0.571875 0.40234375 0.06015625 0.159375
1 0.9375 0.25 0.0484375 0.14921875