31 0.3038946759259259 0.42798611111111107 0.0678182870370371 0.2970659722222223
7 0.6065335648148148 0.6035821759259259 0.07336226851851854 0.30730324074074067
34 0.2369849537037037 0.38949074074074075 0.07791666666666668 0.2894039351851852
1 0.9441724537037036 0.800792824074074 0.08743055555555586 0.3082928240740742
6 0.853125 0.7510011574074074 0.08277777777777792 0.3129108796296297
11 0.7691550925925925 0.6950636574074075 0.07185185185185183 0.3143113425925925
11 0.6867418981481481 0.6399305555555556 0.06942708333333343 0.3033391203703705
22 0.5303414351851853 0.5524479166666667 0.06686342592592602 0.2736168981481482
25 0.4564409722222223 0.5083796296296297 0.06311342592592588 0.29465277777777776
31 0.3825 0.4697800925925926 0.06296874999999993 0.27512152777777776
37 0.17084490740740738 0.35256944444444444 0.05270254629629632 0.2601273148148149
37 0.10242476851851852 0.30701967592592594 0.0581076388888889 0.2516145833333333
41 0.03234375 0.2747280092592593 0.05255208333333333 0.2398148148148148