0 0.05113425925925926 0.5736111111111111 0.09789930555555555 0.7738252314814815
5 0.12532407407407406 0.567505787037037 0.09472800925925924 0.7674826388888889
10 0.2026736111111111 0.5659953703703704 0.09237268518518515 0.7658506944444445
20 0.27684606481481483 0.5575462962962964 0.09002893518518515 0.7657812500000001
23 0.3510358796296297 0.5514409722222222 0.08846643518518515 0.7657349537037039
29 0.4267650462962963 0.5421643518518519 0.08769675925925924 0.7672743055555558
12 0.49857060185185187 0.5306597222222222 0.08222800925925924 0.7671122685185185
1 0.5727141203703704 0.5183043981481481 0.08219328703703717 0.7624247685185184
6 0.6468865740740741 0.509855324074074 0.08296875000000004 0.7616666666666667
11 0.7234490740740741 0.5075868055555556 0.08460648148148149 0.7718692129629628
21 0.7992129629629628 0.5029976851851852 0.08774305555555557 0.7735243055555555
21 0.8742303240740741 0.5031192129629629 0.09171875000000007 0.7830150462962964
33 0.9520688657407408 0.5008043981481481 0.09586226851851834 0.7870601851851852