0 0.05078125 0.67890625 0.075 0.428125
15 0.12734375 0.70703125 0.07265625 0.43125
6 0.20625 0.6484375 0.06875 0.40078125
16 0.27890625 0.64140625 0.07109375 0.38671875
21 0.35390625 0.66015625 0.07421875 0.390625
21 0.428125 0.653125 0.06875 0.39296875
24 0.49921875 0.6328125 0.071875 0.39609375
7 0.57109375 0.596875 0.0671875 0.384375
12 0.64140625 0.56484375 0.06015625 0.3890625
28 0.71171875 0.55859375 0.06796875 0.39375
34 0.7875 0.5453125 0.0734375 0.375
35 0.85859375 0.53828125 0.0625 0.42109375
38 0.925 0.51328125 0.06328125 0.415625