21 0.49921875 0.334375 0.090625 0.203125
20 0.68515625 0.27421875 0.0984375 0.20625
16 0.40546875 0.371875 0.09375 0.2109375
23 0.76484375 0.24375 0.0984375 0.20859375
33 0.1921875 0.446875 0.09609375 0.21796875
25 0.9359375 0.18671875 0.09453125 0.2
20 0.59140625 0.30859375 0.09765625 0.203125
31 0.85625 0.21640625 0.096875 0.2046875
30 0.09140625 0.48671875 0.11484375 0.21875
18 0.41953125 0.79453125 0.15546875 0.2265625
6 0.30546875 0.41640625 0.10390625 0.21171875
41 0.52890625 0.74609375 0.14140625 0.19765625
41 0.62890625 0.7078125 0.13828125 0.190625
41 0.73671875 0.66796875 0.13359375 0.184375