0 0.4289583333333333 0.4568402777777778 0.06596643518518519 0.15373842592592588
0 0.3668171296296296 0.4333680555555556 0.06817129629629637 0.15151620370370367
36 0.2548958333333333 0.38472800925925926 0.06656250000000004 0.15065393518518508
36 0.3091319444444444 0.4062326388888889 0.0641724537037037 0.14975115740740746
38 0.20203703703703707 0.36017939814814814 0.06803240740740737 0.14917245370370366
26 0.7646238425925926 0.5879571759259259 0.0870717592592591 0.18131365740740737
20 0.6919560185185185 0.5577083333333334 0.08031249999999997 0.1723958333333334
5 0.4918344907407407 0.47957175925925927 0.0710243055555555 0.16023148148148145
31 0.9279282407407408 0.6493865740740741 0.07930555555555543 0.1816898148148148
10 0.6243460648148148 0.5339525462962962 0.07677083333333332 0.1652025462962964
27 0.09811342592592591 0.31506944444444446 0.06936921296296297 0.15858796296296296
5 0.5565509259259259 0.5070717592592593 0.07833333333333332 0.16528356481481482
28 0.8514467592592592 0.6204976851851851 0.0828877314814818 0.176423611111111
11 0.14945601851851853 0.34031828703703704 0.07212384259259261 0.15250000000000002
7 0.050266203703703695 0.2962326388888889 0.0644039351851852 0.15365740740740746