27 0.2707928240740741 0.5089814814814815 0.0607581018518518 0.14652777777777787
10 0.6482175925925926 0.4117881944444445 0.05046296296296297 0.1370775462962964
25 0.32762731481481483 0.4961226851851852 0.061400462962962976 0.1371585648148148
33 0.14858796296296298 0.5385416666666667 0.06311342592592592 0.14732638888888888
30 0.20930555555555555 0.5241493055555555 0.06383680555555556 0.143425925925926
29 0.8435821759259259 0.3640219907407407 0.052737268518518475 0.13240740740740745
33 0.09023726851851852 0.554513888888889 0.06777777777777776 0.14579861111111114
11 0.5969212962962963 0.429375 0.05206018518518505 0.1394328703703703
34 0.8902372685185185 0.34952546296296294 0.05981481481481481 0.13558449074074072
17 0.38516203703703705 0.47780092592592593 0.05665509259259256 0.13321759259259255
7 0.4917881944444445 0.45125000000000004 0.05200231481481481 0.1355266203703703
7 0.4412152777777778 0.4649363425925926 0.05279513888888889 0.13631365740740745
26 0.7960648148148148 0.3730439814814815 0.052025462962962975 0.1370891203703704
15 0.6956886574074075 0.3996412037037037 0.05278356481481481 0.13553240740740743
6 0.5455555555555556 0.4422743055555555 0.04960069444444439 0.13160300925925927
20 0.7439409722222222 0.3875 0.046521990740740725 0.1347048611111111