22 0.6998900462962963 0.31442708333333336 0.07239004629629626 0.13192708333333325
25 0.6274363425925926 0.31671875 0.07028935185185184 0.13656249999999998
7 0.8472106481481483 0.32628472222222227 0.09141203703703696 0.15263888888888885
38 0.4890740740740741 0.3120833333333334 0.06630208333333343 0.13491319444444444
38 0.3201099537037037 0.3192534722222222 0.07924768518518518 0.14378472222222224
2 0.9238541666666666 0.3295486111111111 0.10292824074074076 0.14899305555555556
31 0.701875 0.1420138888888889 0.0844444444444445 0.12361111111111112
12 0.7735706018518519 0.3207465277777778 0.06432291666666679 0.14189236111111114
28 0.558605324074074 0.31362847222222223 0.06642361111111121 0.13725694444444442
38 0.23416087962962964 0.3321701388888889 0.10879629629629628 0.11166666666666672
31 0.6339062500000001 0.1405034722222222 0.0789756944444445 0.12348958333333337
1 0.4380902777777778 0.09635416666666666 0.07486689814814813 0.11949652777777778
4 0.7680671296296296 0.1544097222222222 0.09053240740740734 0.12062499999999998
1 0.37312500000000004 0.09256944444444445 0.06755208333333336 0.11387152777777779
1 0.507181712962963 0.13456597222222222 0.06364583333333336 0.11378472222222222
31 0.5732523148148149 0.14461805555555557 0.062285879629629545 0.11765624999999998
20 0.40427083333333336 0.22670138888888886 0.09063657407407408 0.09253472222222223
20 0.40661458333333333 0.3321006944444444 0.09865162037037045 0.09661458333333339