26 0.75390625 0.365625 0.071875 0.26875
32 0.88828125 0.29453125 0.06171875 0.253125
6 0.05 0.7890625 0.09765625 0.29453125
26 0.68359375 0.4015625 0.065625 0.23515625
21 0.2265625 0.6546875 0.08046875 0.24765625
16 0.13984375 0.71171875 0.08359375 0.2796875
21 0.30625 0.62265625 0.06875 0.24140625
21 0.38515625 0.58046875 0.06875 0.25390625
24 0.46328125 0.5546875 0.06875 0.2390625
20 0.53828125 0.49609375 0.065625 0.28046875
20 0.609375 0.45 0.07109375 0.2859375
29 0.825 0.34375 0.0546875 0.22578125
25 0.95546875 0.25625 0.06484375 0.25078125