2 0.02322916666666667 0.8174074074074074 0.04645833333333334 0.3151851851851852
30 0.9228125 0.2627083333333333 0.08791666666666664 0.2661458333333334
24 0.8538020833333334 0.3037384259259259 0.08989583333333329 0.27244212962962966
1 0.7140104166666668 0.3655787037037037 0.09192708333333321 0.2912152777777778
6 0.7869791666666667 0.3236516203703704 0.0880208333333334 0.30279513888888887
2 0.08109374999999999 0.760150462962963 0.09651041666666667 0.2664004629629629
7 0.17119791666666667 0.6951041666666666 0.08671875 0.3066550925925927
12 0.2572395833333333 0.6442129629629629 0.09255208333333335 0.2888946759259259
17 0.3353645833333333 0.5951157407407408 0.08765625000000003 0.28563078703703704
31 0.4139583333333333 0.5623784722222223 0.08494791666666668 0.3034837962962964
5 0.49234375 0.49767939814814816 0.08463541666666678 0.2987962962962962
10 0.5727604166666667 0.4492939814814815 0.09348958333333339 0.3146527777777777
15 0.64359375 0.41600694444444447 0.07927083333333336 0.30019675925925926