27 0.653125 0.26640625 0.0796875 0.1125
27 0.50390625 0.2953125 0.084375 0.11875
27 0.578125 0.27890625 0.08203125 0.11640625
12 0.34921875 0.52265625 0.0828125 0.1546875
34 0.18125 0.55390625 0.09140625 0.1578125
2 0.353125 0.3171875 0.0875 0.12265625
16 0.675 0.45859375 0.07734375 0.15703125
34 0.09765625 0.575 0.1 0.16328125
38 0.825 0.42578125 0.0875 0.15546875
1 0.51484375 0.49609375 0.08046875 0.15078125
2 0.27890625 0.33046875 0.0859375 0.11640625
21 0.596875 0.48203125 0.08046875 0.15625
1 0.434375 0.509375 0.08359375 0.153125
7 0.26875 0.54140625 0.08515625 0.16015625
19 0.1171875 0.33046875 0.07265625 0.1140625
36 0.7546875 0.43984375 0.0765625 0.15859375
2 0.2 0.3484375 0.08046875 0.1140625
14 0.43203125 0.3046875 0.084375 0.1171875