5 0.6585069444444445 0.2432638888888889 0.05218749999999996 0.2542013888888889
37 0.7843113425925926 0.7695486111111112 0.079548611111111 0.30869791666666674
0 0.7203182870370369 0.24814236111111115 0.05681712962962955 0.2503993055555556
21 0.8976157407407408 0.24107638888888888 0.06443287037037031 0.23729166666666668
5 0.5999363425925927 0.24612847222222226 0.055931712962962975 0.2433506944444444
5 0.5413888888888889 0.25055555555555553 0.05525462962962955 0.25036458333333333
15 0.4811979166666667 0.2495486111111111 0.05936921296296305 0.2645138888888889
16 0.9572106481481482 0.25460069444444444 0.06570023148148145 0.2701215277777777
27 0.8390914351851851 0.2470659722222222 0.06489583333333329 0.2685416666666667
27 0.7790856481481482 0.25855902777777773 0.05986111111111114 0.24499999999999994
23 0.42265046296296294 0.25397569444444446 0.056932870370370384 0.2582118055555555
23 0.3611284722222222 0.2686284722222222 0.06034722222222229 0.2778124999999999
26 0.3010185185185185 0.2730902777777778 0.06496527777777779 0.2732291666666667
32 0.2392534722222222 0.27133680555555556 0.06887152777777779 0.2733159722222222
2 0.1775462962962963 0.27348958333333334 0.06782407407407409 0.2553298611111111
12 0.11328703703703705 0.2616319444444445 0.06788194444444447 0.2592361111111111
34 0.05395833333333333 0.2660763888888889 0.07386574074074075 0.24140625
35 0.708587962962963 0.7751388888888888 0.07474537037037035 0.30078125
39 0.6412847222222222 0.7688194444444444 0.07060763888888885 0.2850694444444445
37 0.57328125 0.7679861111111111 0.07071180555555542 0.2921006944444445
38 0.5053587962962963 0.7726215277777777 0.06837962962962969 0.292829861111111
18 0.7108738425925927 0.7711805555555555 0.227204861111111 0.3119791666666668