38 0.27019675925925923 0.516423611111111 0.07649884259259263 0.133454861111111
40 0.2640625 0.30222800925925924 0.060682870370370345 0.09987268518518518
0 0.6760995370370371 0.29646412037037034 0.060543981481481525 0.09518518518518518
34 0.565480324074074 0.5284143518518519 0.07907407407407412 0.1413888888888888
40 0.3327199074074074 0.30178819444444444 0.062268518518518515 0.10073495370370367
29 0.6426157407407407 0.5314351851851852 0.07987847222222229 0.14221064814814816
40 0.19473958333333333 0.29880208333333336 0.06217592592592593 0.09760995370370366
0 0.7446643518518519 0.2991493055555555 0.06056712962962969 0.09596643518518518
34 0.492986111111111 0.5267129629629629 0.07599537037037045 0.142789351851852
32 0.46941550925925923 0.2954803240740741 0.0663368055555555 0.10640625000000004
29 0.7189699074074074 0.5344965277777778 0.08470486111111111 0.14714120370370373
0 0.6042476851851852 0.2994097222222222 0.06049768518518519 0.09362268518518527
32 0.5349710648148148 0.2944212962962963 0.06553240740740733 0.10558449074074075
39 0.3435648148148148 0.5149594907407408 0.07351273148148145 0.137980324074074
39 0.42063078703703705 0.5203240740740741 0.07029513888888897 0.13469328703703703
32 0.4028240740740741 0.3051736111111111 0.06792245370370367 0.10726851851851853