23 0.19124421296296296 0.5296875 0.12416666666666662 0.2934201388888889
12 0.42737847222222225 0.28348958333333335 0.15274884259259255 0.17843749999999997
11 0.3248668981481481 0.2469444444444444 0.15424189814814823 0.1761631944444444
22 0.6459143518518518 0.36498263888888893 0.15231481481481488 0.19012152777777783
3 0.8758680555555556 0.4368402777777778 0.14730902777777785 0.20550347222222226
17 0.5402083333333334 0.32595486111111105 0.15212962962962956 0.18387152777777782
20 0.2979861111111111 0.57734375 0.13110532407407405 0.29060763888888896
13 0.7590856481481482 0.39263888888888887 0.14342013888888888 0.17958333333333326
21 0.11449074074074073 0.1775173611111111 0.15369212962962964 0.18394097222222222
6 0.5353414351851852 0.6620138888888889 0.1337962962962962 0.3024305555555557
11 0.41616898148148146 0.6161458333333334 0.12492476851851855 0.2926736111111111
16 0.22143518518518518 0.20567708333333332 0.1181886574074074 0.17065972222222223
1 0.654375 0.7031944444444445 0.11835648148148152 0.30798611111111107
41 0.7801215277777778 0.7602777777777778 0.11598379629629622 0.28057291666666656
41 0.904050925925926 0.8086979166666666 0.12435185185185205 0.2996701388888887