17 0.06612847222222222 0.5175925925925926 0.10073495370370371 0.8427488425925926
22 0.12331597222222221 0.4960706018518518 0.09791087962962966 0.8528819444444444
25 0.18225694444444446 0.507355324074074 0.09301504629629634 0.8458159722222222
34 0.23919560185185187 0.5038078703703703 0.09161458333333332 0.8512731481481481
0 0.3004513888888889 0.48772569444444447 0.09336226851851848 0.8575347222222222
0 0.36125 0.48258680555555555 0.09331597222222224 0.8559722222222221
5 0.4174768518518518 0.4813888888888889 0.08876736111111114 0.8606250000000001
15 0.47853009259259255 0.48484375 0.08665509259259245 0.8684201388888889
20 0.5382002314814814 0.4679918981481482 0.08568865740740747 0.8621643518518518
26 0.5971585648148148 0.45348958333333333 0.08821759259259246 0.868431712962963
26 0.6548553240740741 0.4491550925925926 0.08902199074074062 0.8692187499999999
29 0.7163483796296296 0.46745370370370376 0.09249421296296312 0.8809606481481481
1 0.8412152777777777 0.4884085648148148 0.09720486111111129 0.8817766203703703
24 0.901255787037037 0.484056712962963 0.0980787037037036 0.8849074074074075
24 0.956574074074074 0.5031192129629629 0.08685185185185204 0.8716724537037036
29 0.7781134259259259 0.4685590277777778 0.09407986111111129 0.8817534722222222