24 0.6738715277777778 0.6537152777777778 0.10477430555555553 0.3743229166666667
20 0.09204282407407408 0.4831655092592593 0.09461805555555558 0.37379629629629624
26 0.15876736111111112 0.5140740740740741 0.08940972222222224 0.36652199074074066
1 0.8974247685185185 0.7484375 0.09348958333333321 0.36906828703703703
1 0.8228009259259259 0.7288831018518518 0.10011574074074084 0.40598958333333324
6 0.7460358796296296 0.6958854166666667 0.09979745370370381 0.3911863425925926
27 0.5951967592592593 0.6253240740740742 0.09241898148148149 0.38613425925925926
2 0.5232349537037037 0.612181712962963 0.0934606481481481 0.3581712962962964
17 0.4488136574074074 0.600480324074074 0.09739583333333321 0.3692708333333332
28 0.3767071759259259 0.5787037037037037 0.09777199074074075 0.384855324074074
34 0.3057581018518518 0.5413020833333333 0.09415509259259255 0.3675462962962962
10 0.03253761574074074 0.4756944444444445 0.06507523148148148 0.3848668981481481
26 0.23304398148148148 0.5383159722222223 0.09094328703703702 0.3767187499999999