28 0.9095949074074074 0.18799768518518517 0.11964120370370353 0.2266550925925926
31 0.6224594907407408 0.7694965277777778 0.1373495370370371 0.2970949074074074
8 0.054765625 0.32853587962962966 0.10953125 0.2773842592592593
25 0.3769849537037037 0.7895543981481481 0.13428240740740743 0.3048842592592592
34 0.742175925925926 0.7453819444444445 0.13812500000000014 0.29631944444444436
34 0.8602199074074074 0.7360995370370371 0.1389293981481483 0.2994502314814815
12 0.12600694444444444 0.8142592592592592 0.13338541666666667 0.2892534722222223
17 0.24800925925925926 0.797974537037037 0.12477430555555555 0.2868460648148147
28 0.4997164351851852 0.7803067129629631 0.13815393518518526 0.30022569444444436
19 0.15943287037037038 0.3097916666666667 0.11981481481481478 0.2500925925925926
4 0.26740162037037035 0.2894965277777778 0.09932291666666666 0.22572337962962957
36 0.37764467592592593 0.27859375000000003 0.09697916666666666 0.22570601851851854
36 0.48564236111111114 0.2543923611111111 0.09221643518518512 0.2155150462962963
36 0.5919791666666667 0.24346064814814813 0.09218171296296304 0.2108275462962963
22 0.7007986111111111 0.21379629629629632 0.1054282407407408 0.20623842592592592
25 0.8079629629629629 0.1966203703703704 0.0923148148148151 0.2287962962962963