0 0.5015625 0.59453125 0.06953125 0.5234375
0 0.57578125 0.59296875 0.07109375 0.528125
0 0.65 0.59140625 0.07421875 0.5390625
10 0.428125 0.609375 0.07109375 0.53984375
28 0.35234375 0.628125 0.07109375 0.5484375
25 0.27734375 0.653125 0.0734375 0.5203125
22 0.1984375 0.66484375 0.06640625 0.53671875
2 0.1265625 0.65390625 0.0734375 0.48046875
2 0.05078125 0.665625 0.07421875 0.48203125
6 0.7234375 0.5796875 0.06953125 0.5296875
11 0.79921875 0.57734375 0.06875 0.53984375
16 0.8765625 0.58203125 0.06875 0.53515625
24 0.95390625 0.5921875 0.06953125 0.54765625