25 0.4728877314814815 0.21376736111111114 0.07217592592592599 0.11715277777777774
25 0.4131712962962963 0.19758680555555555 0.07458912037037031 0.11954861111111112
5 0.38424189814814813 0.5143402777777778 0.07686921296296294 0.14380208333333327
25 0.21200231481481482 0.17982638888888888 0.0967650462962963 0.13019097222222223
5 0.3190798611111111 0.4972569444444444 0.0783854166666667 0.1422743055555557
21 0.802488425925926 0.6197916666666667 0.07478009259259259 0.15234375
24 0.8800868055555556 0.6129166666666667 0.07868634259259259 0.15243055555555554
11 0.5214814814814815 0.5525694444444444 0.08881944444444442 0.15187500000000007
16 0.5900694444444444 0.5595659722222222 0.08550925925925927 0.14555555555555558
10 0.8425868055555557 0.29546875 0.06530671296296298 0.1224652777777778
5 0.7160763888888889 0.2645138888888889 0.06195023148148149 0.1145833333333333
6 0.45252893518518517 0.5314930555555556 0.07443287037037045 0.140625
0 0.7790335648148148 0.27685763888888887 0.0602256944444445 0.10907986111111115
21 0.7280671296296296 0.59859375 0.07875578703703709 0.1547743055555557
21 0.6582407407407407 0.5806250000000001 0.07866319444444443 0.15164930555555572
5 0.25171296296296297 0.47543402777777777 0.08008680555555561 0.14699652777777777
9 0.6538773148148149 0.25296875 0.06734953703703717 0.11236111111111109
18 0.5342824074074074 0.2260763888888889 0.06739583333333332 0.11392361111111109
4 0.5902314814814815 0.23748263888888888 0.07063657407407398 0.11789930555555558