18 0.14511574074074074 0.1740914351851852 0.0753761574074074 0.09973958333333335
27 0.46906250000000005 0.4152951388888889 0.05681712962962955 0.11791087962962958
37 0.612482638888889 0.25992476851851853 0.048246527777777715 0.08801504629629626
27 0.41054976851851854 0.41199652777777784 0.05858217592592592 0.12186342592592592
30 0.5042650462962962 0.2645428240740741 0.05123842592592602 0.10058449074074076
30 0.45150462962962956 0.25593750000000004 0.05280092592592602 0.1006307870370371
22 0.2903530092592593 0.24020833333333336 0.06862847222222221 0.10500000000000007
6 0.2905613425925926 0.402181712962963 0.05669560185185185 0.11556712962962976
30 0.5580497685185184 0.26848379629629626 0.05123842592592602 0.10058449074074076
22 0.39796296296296296 0.24730902777777777 0.05391782407407408 0.09208333333333334
1 0.2295023148148148 0.40271990740740743 0.061828703703703705 0.1242997685185184
22 0.3480844907407407 0.2434837962962963 0.06135416666666664 0.10010416666666666
11 0.35047453703703707 0.40865162037037034 0.0610474537037037 0.12427662037037042
37 0.7288599537037037 0.1733912037037037 0.06016782407407408 0.0922685185185185
20 0.5261342592592593 0.41620370370370363 0.06166666666666672 0.12117476851851841
19 0.2551388888888889 0.16483217592592594 0.0630902777777778 0.08845486111111112
23 0.5887152777777778 0.41649305555555555 0.06667824074074069 0.1275636574074074
37 0.6743344907407407 0.16864583333333333 0.05741898148148152 0.08438657407407409
14 0.1902199074074074 0.2247222222222222 0.05328703703703708 0.110005787037037