16 0.39913194444444444 0.4765625 0.0866493055555555 0.1390625
17 0.5319270833333334 0.21328125 0.07928819444444439 0.1140625
10 0.7450694444444445 0.56796875 0.07878472222222221 0.15546875
11 0.4696006944444445 0.490625 0.08689236111111107 0.14453125
38 0.6549305555555556 0.240625 0.07225694444444439 0.1140625
24 0.26546875000000003 0.44296875 0.08246527777777776 0.1328125
17 0.3645833333333333 0.1640625 0.06612847222222218 0.09921875
15 0.6076909722222222 0.5125 0.07953124999999997 0.11953125
38 0.7759201388888888 0.278125 0.06736111111111107 0.109375
27 0.19972222222222222 0.428125 0.08324652777777777 0.1328125
17 0.2981770833333333 0.1640625 0.06364583333333336 0.09609375
30 0.3328125 0.45703125 0.08647569444444443 0.13515625
38 0.7153472222222221 0.25234375 0.06722222222222207 0.10625
6 0.5376909722222223 0.50546875 0.077204861111111 0.1375
5 0.67359375 0.54140625 0.0797569444444445 0.1421875
1 0.24145833333333333 0.15703125 0.06559027777777775 0.1046875
9 0.8460763888888888 0.29921875 0.06998263888888871 0.115625
14 0.5932812500000001 0.2390625 0.07164930555555564 0.11796875