35 0.9669748263888888 0.5228125 0.06605034722222243 0.5152951388888889
35 0.8994965277777777 0.5244270833333333 0.06602430555555543 0.5113715277777778
35 0.8305729166666665 0.5150868055555555 0.07369791666666643 0.5052951388888889
5 0.7627604166666667 0.5206076388888888 0.07446180555555557 0.5748090277777778
5 0.6942881944444445 0.5315798611111111 0.07199652777777779 0.5341493055555556
5 0.6269270833333334 0.5222743055555555 0.06928819444444442 0.5528298611111111
0 0.5527604166666666 0.52296875 0.07458333333333336 0.545138888888889
0 0.4863194444444444 0.5199305555555556 0.07111111111111121 0.5645833333333332
0 0.41694444444444445 0.5605555555555556 0.0803993055555555 0.5608854166666667
23 0.3484722222222222 0.5363888888888889 0.07230902777777777 0.5482118055555556
23 0.2809375 0.5544097222222222 0.07348958333333329 0.5310590277777777
23 0.20776041666666667 0.5644965277777778 0.07647569444444446 0.5600173611111112
10 0.13883680555555555 0.55515625 0.06980902777777778 0.5059895833333334
10 0.07114583333333332 0.5661458333333333 0.07633680555555555 0.5537673611111111