0 0.04324074074074074 0.7276215277777778 0.08648148148148148 0.3409722222222221
5 0.12210648148148148 0.7240798611111112 0.08343171296296296 0.31423611111111105
10 0.2049421296296296 0.7196180555555556 0.07982060185185187 0.2976909722222224
29 0.2827025462962963 0.7021180555555555 0.0816608796296296 0.30713541666666677
20 0.35788773148148145 0.6925347222222222 0.06766782407407401 0.3088541666666666
32 0.4338310185185185 0.6836979166666667 0.07614583333333336 0.30532986111111116
39 0.5067650462962963 0.67109375 0.07278935185185169 0.29737847222222236
39 0.5818344907407408 0.6654166666666667 0.0666261574074074 0.27369791666666676
39 0.6498958333333333 0.6592708333333334 0.06467013888888892 0.2603472222222223
25 0.7193807870370371 0.6577430555555556 0.06467592592592589 0.28687500000000005
25 0.7883854166666666 0.64609375 0.06168981481481488 0.29142361111111104
28 0.8580787037037038 0.6375347222222223 0.07453125000000008 0.2771701388888889
41 0.927517361111111 0.6375694444444445 0.06145254629629626 0.2570833333333333