37 0.6765625 0.4078125 0.090625 0.128125
28 0.31796875 0.415625 0.09296875 0.13359375
16 0.4953125 0.42109375 0.0890625 0.1296875
9 0.409375 0.4125 0.0921875 0.1328125
7 0.771875 0.41484375 0.0953125 0.13046875
26 0.39375 0.56875 0.10078125 0.1546875
6 0.77890625 0.74296875 0.11953125 0.1875
10 0.865625 0.403125 0.1015625 0.13671875
21 0.85546875 0.56171875 0.10078125 0.15625
1 0.58359375 0.4140625 0.08984375 0.13359375
14 0.203125 0.55859375 0.10546875 0.14765625
23 0.29609375 0.5625 0.1046875 0.15078125
18 0.23046875 0.41484375 0.09296875 0.12734375
8 0.7421875 0.5625 0.10546875 0.15390625
19 0.3078125 0.74140625 0.1140625 0.17890625
13 0.5796875 0.56484375 0.09140625 0.1484375