28 0.29386574074074073 0.5781481481481482 0.09782986111111107 0.1340046296296297
16 0.4690972222222222 0.5667129629629629 0.09311342592592595 0.1330844907407407
7 0.747800925925926 0.5639178240740741 0.10422453703703702 0.13809606481481468
1 0.5600405092592593 0.5765046296296296 0.09476273148148148 0.13547453703703702
18 0.2046585648148148 0.584693287037037 0.10086805555555553 0.13175347222222217
37 0.6527488425925926 0.58078125 0.09629629629629619 0.13473958333333336
26 0.37688078703703703 0.42273148148148143 0.10720486111111108 0.15535300925925916
10 0.8448784722222221 0.5766493055555555 0.10902777777777786 0.14135995370370366
8 0.7252604166666666 0.4139699074074074 0.11206597222222214 0.16017939814814816
19 0.29484953703703703 0.25659722222222225 0.11663773148148149 0.17826388888888892
23 0.2782986111111111 0.4295543981481481 0.11189236111111107 0.15549189814814818
21 0.8322337962962963 0.41236111111111107 0.10671296296296298 0.1631423611111112
6 0.7646412037037036 0.23565393518518518 0.12482638888888893 0.1886516203703704
14 0.18752893518518515 0.43614583333333334 0.1140625 0.15087384259259268
9 0.38810763888888894 0.5831597222222222 0.09609375 0.12927083333333336
13 0.559519675925926 0.4220023148148148 0.10182291666666679 0.15753472222222217