28 0.29765625 0.4433506944444444 0.12692708333333336 0.1625173611111112
1 0.5280729166666667 0.6110590277777778 0.1405034722222222 0.17638888888888893
9 0.37600694444444444 0.4999652777777778 0.1357465277777777 0.17305555555555543
37 0.6047395833333333 0.6732118055555556 0.14585069444444443 0.1711631944444445
10 0.7596527777777777 0.7966666666666666 0.15536458333333325 0.17782986111111115
26 0.4253472222222222 0.35182291666666665 0.14696180555555555 0.18604166666666666
7 0.6919270833333334 0.7185069444444444 0.14894097222222236 0.1697395833333335
16 0.4545659722222222 0.5472048611111111 0.13484374999999993 0.16755208333333335
6 0.822482638888889 0.42782986111111115 0.18935763888888885 0.2324131944444444
14 0.26612847222222225 0.24651041666666665 0.13828125 0.18175347222222218
19 0.4213715277777778 0.14439236111111112 0.15869791666666658 0.22246527777777775
8 0.7202083333333335 0.5697395833333333 0.16826388888888885 0.1963541666666666
23 0.3399131944444444 0.2978645833333333 0.14468750000000002 0.1890625
18 0.22565972222222222 0.38177083333333334 0.11307291666666668 0.17126736111111115
21 0.8146006944444444 0.6420312499999999 0.1649131944444445 0.18605902777777777
13 0.5811284722222222 0.47133680555555557 0.1479861111111111 0.19701388888888882