35 0.6770486111111111 0.4952719907407408 0.10501736111111111 0.12182870370370366
38 0.7499131944444445 0.5199652777777778 0.11302083333333321 0.1305381944444445
30 0.4907638888888889 0.4785069444444444 0.11784722222222221 0.136857638888889
0 0.6154861111111112 0.45401041666666664 0.10347222222222215 0.1225868055555555
17 0.30647569444444445 0.33675347222222224 0.125 0.14243055555555556
36 0.8279687499999999 0.5570775462962964 0.12331597222222221 0.1369386574074074
34 0.6385763888888889 0.6098668981481481 0.11965277777777779 0.14781828703703717
2 0.9077951388888887 0.6199363425925926 0.143246527777778 0.1551967592592593
15 0.4844618055555555 0.3403645833333333 0.11215277777777785 0.1266203703703704
24 0.5443402777777777 0.3871180555555555 0.11223958333333321 0.1305266203703704
41 0.7475173611111112 0.6629224537037037 0.1266840277777778 0.14792245370370374
22 0.34560763888888885 0.22761574074074073 0.11776041666666667 0.1329513888888889
27 0.4140451388888889 0.27580439814814817 0.11861111111111118 0.1360879629629629
40 0.5755729166666667 0.5631597222222222 0.11947916666666672 0.14000578703703698
12 0.23689236111111112 0.1644039351851852 0.11921875000000001 0.12828703703703698
3 0.4025173611111111 0.40796296296296297 0.12177083333333343 0.13769675925925923