35 0.68828125 0.50546875 0.10234375 0.1203125
38 0.76171875 0.53125 0.11015625 0.12890625
30 0.5015625 0.4859375 0.11484375 0.13515625
0 0.62578125 0.46328125 0.10078125 0.12109375
17 0.3140625 0.34140625 0.121875 0.140625
36 0.840625 0.56953125 0.1203125 0.13515625
34 0.65234375 0.61953125 0.11640625 0.14609375
2 0.921875 0.63359375 0.13984375 0.153125
15 0.4921875 0.34765625 0.109375 0.125
24 0.553125 0.3953125 0.109375 0.12890625
41 0.7625 0.67421875 0.1234375 0.14609375
22 0.35078125 0.2328125 0.11484375 0.13125
27 0.4203125 0.28203125 0.115625 0.134375
40 0.58828125 0.571875 0.11640625 0.13828125
12 0.240625 0.16796875 0.11640625 0.1265625
3 0.41171875 0.4140625 0.11875 0.1359375