34 0.5459895833333334 0.7144733796296296 0.14684027777777775 0.15103009259259254
35 0.6241377314814814 0.6392418981481482 0.12440972222222228 0.12509259259259267
36 0.7234722222222223 0.7884722222222222 0.14503472222222236 0.14633101851851843
22 0.45934027777777775 0.1698726851851852 0.11943865740740733 0.11958912037037032
41 0.6189409722222222 0.8299016203703704 0.15177083333333333 0.15575231481481494
40 0.5160300925925926 0.6290625000000001 0.13505208333333343 0.1345428240740741
38 0.6761631944444444 0.7060590277777777 0.1359548611111112 0.13689236111111108
2 0.7629513888888889 0.9013078703703703 0.1467071759259259 0.16352430555555558
0 0.5955787037037037 0.5569675925925927 0.12178240740740734 0.11960648148148145
24 0.5598842592592593 0.4465046296296296 0.11623263888888893 0.11800347222222225
12 0.4029571759259259 0.05144097222222223 0.10814814814814824 0.0976388888888889
17 0.38760416666666664 0.24202546296296296 0.1291782407407407 0.12668981481481484
30 0.4815509259259259 0.4951620370370371 0.12757523148148148 0.12589699074074084
15 0.5339930555555557 0.3579976851851852 0.11216435185185177 0.11484953703703704
27 0.49752893518518515 0.2623784722222222 0.1172569444444445 0.1226967592592592
3 0.43523148148148144 0.3635185185185185 0.12921875000000008 0.12747106481481474