34 0.678125 0.50234375 0.078125 0.1203125
0 0.5953125 0.38515625 0.06953125 0.1125
41 0.7921875 0.48203125 0.0875 0.13203125
27 0.34765625 0.3609375 0.08125 0.11171875
2 0.915625 0.33359375 0.09609375 0.11953125
35 0.66484375 0.3796875 0.06953125 0.1140625
36 0.8171875 0.33828125 0.08984375 0.13203125
22 0.2703125 0.36796875 0.0765625 0.10859375
24 0.5046875 0.37421875 0.0734375 0.11171875
15 0.43203125 0.36953125 0.07734375 0.1109375
12 0.15390625 0.384375 0.08203125 0.10703125
40 0.603125 0.5046875 0.06953125 0.1140625
38 0.73828125 0.35546875 0.08203125 0.1203125
30 0.49296875 0.49453125 0.0734375 0.12109375
17 0.28046875 0.4875 0.0796875 0.11796875
3 0.384375 0.48046875 0.075 0.11484375