34 0.6409143518518519 0.5324826388888889 0.08703703703703702 0.12378472222222214
0 0.5667824074074075 0.41161458333333334 0.07786458333333321 0.11559027777777775
41 0.7564814814814815 0.5172395833333333 0.09728009259259274 0.1359201388888888
27 0.3209201388888889 0.3763888888888889 0.08952546296296297 0.11532986111111106
2 0.8909143518518519 0.3742881944444444 0.10494791666666643 0.12380208333333335
35 0.63671875 0.4092361111111111 0.07798032407407404 0.11715277777777774
36 0.7921296296296296 0.3746006944444445 0.09962384259259274 0.13602430555555553
22 0.24305555555555552 0.37998263888888884 0.08460648148148149 0.11199652777777783
24 0.4769675925925926 0.39664930555555555 0.08171296296296297 0.11498263888888882
15 0.40465856481481477 0.38873263888888887 0.08556134259259256 0.11437500000000007
12 0.12543402777777776 0.39121527777777776 0.08995949074074075 0.1106770833333333
40 0.5657407407407408 0.5314930555555556 0.07798032407407404 0.11715277777777774
38 0.7119502314814815 0.38828125 0.09094328703703702 0.12395833333333339
30 0.45633680555555556 0.5164409722222223 0.08240740740740744 0.124357638888889
17 0.2443576388888889 0.4999652777777778 0.08842592592592595 0.12151041666666665
3 0.34878472222222223 0.49755208333333334 0.08350694444444447 0.11817708333333332