29 0.465625 0.68671875 0.0859375 0.10546875
31 0.3671875 0.8046875 0.096875 0.1140625
11 0.52578125 0.65 0.08828125 0.10625
32 0.61171875 0.5390625 0.08359375 0.1046875
25 0.6578125 0.49453125 0.07578125 0.09609375
33 0.70078125 0.446875 0.06953125 0.09453125
20 0.7546875 0.4171875 0.06953125 0.1015625
5 0.5625 0.5890625 0.078125 0.08984375
30 0.21171875 0.95 0.1125 0.1
17 0.7984375 0.37578125 0.06484375 0.09609375
39 0.30546875 0.8671875 0.1 0.12109375
4 0.42578125 0.7515625 0.0921875 0.11875
3 0.8578125 0.303125 0.065625 0.10078125