34 0.437037037037037 0.4876388888888889 0.13792824074074073 0.1642939814814815
38 0.7730208333333333 0.37840277777777775 0.2015046296296296 0.2046064814814815
39 0.5332581018518519 0.2602141203703704 0.13394097222222215 0.15332754629629627
37 0.3360474537037037 0.7259664351851851 0.13170138888888888 0.16737268518518533
1 0.3924363425925926 0.6021585648148149 0.1403645833333333 0.1768113425925925
33 0.48865740740740743 0.3747337962962963 0.1409953703703703 0.15650462962962966
32 0.6421990740740741 0.31961805555555556 0.1606481481481481 0.1730555555555556
31 0.5364756944444444 0.5641608796296296 0.17168402777777772 0.186417824074074
21 0.5873784722222222 0.44265625000000003 0.16769097222222218 0.17467013888888888
15 0.4134953703703704 0.8179513888888887 0.1687673611111112 0.21451967592592566
10 0.49021990740740745 0.6911689814814814 0.1260532407407407 0.14311342592592596