34 0.44453125 0.5029050925925926 0.09375 0.13211805555555553
38 0.68984375 0.8479108796296296 0.16015625 0.19855324074074082
32 0.56171875 0.8082870370370371 0.13203125 0.16719907407407392
37 0.44609375 0.22409143518518518 0.0953125 0.1353356481481482
39 0.440625 0.7675173611111111 0.103125 0.150642361111111
21 0.55625 0.6556192129629629 0.11484375 0.14821180555555563
1 0.44453125 0.3669675925925926 0.0953125 0.1337731481481482
15 0.5609375 0.21995949074074073 0.11640625 0.16471064814814812
10 0.5515625 0.3623726851851852 0.11484375 0.14430555555555563
31 0.5546875 0.5141203703703704 0.11640625 0.1443981481481483
24 0.4453125 0.6318576388888889 0.09375 0.13368055555555572