32 0.5581134259259259 0.7666956018518519 0.1725752314814816 0.20798032407407413
1 0.49550925925925926 0.33695601851851853 0.13675925925925939 0.16292824074074072
24 0.5980497685185184 0.5626446759259259 0.1384027777777778 0.1684201388888889
37 0.4343634259259259 0.21654513888888888 0.1388946759259259 0.14890046296296297
38 0.45998842592592587 0.8881105324074074 0.20494212962962965 0.22377893518518518
34 0.5456481481481481 0.4525173611111112 0.13686342592592596 0.16995949074074074
31 0.4505613425925926 0.5190625 0.17156249999999992 0.19234375000000004
39 0.6473611111111112 0.6750694444444444 0.14005787037037046 0.17469328703703707
15 0.3335532407407408 0.2658217592592592 0.17133101851851854 0.17671875000000004
21 0.5094560185185185 0.6456886574074074 0.16460069444444442 0.19692708333333328
10 0.3918171296296296 0.4025925925925925 0.11437500000000007 0.12822916666666656