34 0.4836168981481482 0.54515625 0.15269097222222214 0.17359374999999985
31 0.4301793981481482 0.42265625 0.16938657407407404 0.20583333333333337
15 0.22983796296296294 0.5861979166666667 0.18082754629629633 0.20192708333333337
21 0.5309432870370371 0.3505729166666667 0.1685590277777777 0.20500000000000007
32 0.6225694444444445 0.26197916666666665 0.16622106481481486 0.21807291666666667
10 0.3386979166666667 0.4956770833333334 0.17223379629629632 0.20135416666666667
37 0.29302662037037036 0.6885937500000001 0.15135416666666668 0.16416666666666657
1 0.3913078703703704 0.6190104166666667 0.15595486111111115 0.17614583333333336
24 0.563425925925926 0.4721354166666667 0.1513599537037038 0.17739583333333328
38 0.5854224537037037 0.10838541666666668 0.18025462962962954 0.21677083333333336
39 0.6522395833333332 0.4047395833333334 0.14865162037037044 0.18421874999999996