34 0.434375 0.530619212962963 0.09561342592592599 0.12647569444444445
37 0.4294270833333334 0.811863425925926 0.09492476851851847 0.13271990740740733
38 0.6844907407407408 0.2082175925925926 0.16609374999999993 0.19105324074074073
32 0.5512268518518518 0.23770254629629628 0.1320601851851851 0.1611168981481482
31 0.5429340277777778 0.5337673611111111 0.12082175925925931 0.1407233796296296
15 0.5385706018518519 0.828298611111111 0.11937500000000015 0.1485243055555557
1 0.43240740740740746 0.663431712962963 0.09568287037037031 0.13116319444444446
39 0.43898726851851855 0.27203125 0.10524305555555565 0.14373263888888888
10 0.5431365740740741 0.6783159722222223 0.11689236111111115 0.1391319444444445
24 0.43483796296296295 0.3938888888888889 0.09640624999999989 0.12726273148148143
21 0.5450868055555556 0.3884548611111111 0.11684606481481481 0.13600694444444442