35 0.41267361111111106 0.47847222222222224 0.1239293981481481 0.1451215277777777
2 0.39701967592592596 0.7109722222222222 0.1390046296296296 0.15203124999999992
20 0.3276909722222222 0.49112847222222217 0.11325231481481488 0.130607638888889
29 0.308130787037037 0.7657118055555555 0.13946759259259256 0.14347222222222236
17 0.5664641203703704 0.38279513888888894 0.13854166666666679 0.13953125000000002
40 0.47378472222222223 0.4131076388888889 0.12225115740740744 0.1419270833333332
26 0.501099537037037 0.6897743055555555 0.13764467592592594 0.15743055555555543
7 0.676417824074074 0.5410590277777778 0.13136574074074084 0.17743055555555554
13 0.25980902777777776 0.5702777777777778 0.12884837962962967 0.13052083333333328
9 0.6034143518518519 0.63171875 0.14126157407407405 0.17085069444444442
3 0.16938657407407406 0.6241666666666668 0.12740162037037037 0.1335763888888888