40 0.6074074074074074 0.5894675925925925 0.08947337962962969 0.10541087962962976
2 0.43442129629629633 0.347974537037037 0.09537037037037024 0.13929398148148148
20 0.6128761574074074 0.3798611111111111 0.08938078703703703 0.10384837962962967
35 0.5892997685185185 0.480787037037037 0.08800347222222218 0.10685763888888893
17 0.5920659722222222 0.7112268518518519 0.0672974537037037 0.15121527777777785
29 0.4294502314814815 0.22471064814814817 0.09739004629629626 0.13399884259259257
7 0.4369907407407407 0.7588541666666666 0.10111689814814824 0.14438657407407404
9 0.40071759259259265 0.6192708333333333 0.09229166666666658 0.13984375
3 0.5842766203703704 0.13350694444444447 0.09003472222222228 0.12800925925925927
13 0.5878703703703703 0.2597800925925926 0.07478587962962954 0.1463252314814815
26 0.404837962962963 0.47879050925925926 0.09775462962962962 0.12702546296296297