9 0.15914351851851852 0.43849537037037034 0.1036747685185185 0.1261921296296297
7 0.06131365740740741 0.4373958333333333 0.11559606481481481 0.13235532407407397
29 0.3392071759259259 0.5658275462962963 0.10190972222222223 0.1416782407407407
20 0.3636574074074074 0.45531249999999995 0.12285879629629629 0.09692708333333329
28 0.49739583333333337 0.5861631944444444 0.09565972222222215 0.14130787037037038
26 0.2503472222222222 0.4493807870370371 0.10607638888888893 0.12789351851851852
10 0.8328993055555556 0.5332291666666666 0.0861400462962962 0.11579861111111107
15 0.7468171296296295 0.5320428240740741 0.08993055555555571 0.11290509259259256
3 0.5848090277777778 0.5091319444444444 0.08929398148148149 0.1167650462962964
18 0.6626736111111111 0.5207928240740741 0.08680555555555572 0.11271990740740741
13 0.47890625 0.4723206018518519 0.11808449074074083 0.09430555555555546