28 0.42609375 0.5548958333333334 0.14651041666666664 0.16463541666666667
20 0.5941145833333333 0.5498263888888889 0.14442708333333343 0.1333854166666665
26 0.6858854166666667 0.6306944444444444 0.14578124999999992 0.15369791666666668
10 0.19005208333333334 0.26388888888888895 0.11984375000000003 0.12684027777777782
3 0.4005208333333334 0.4213368055555556 0.12645833333333342 0.13258680555555546
29 0.5627604166666667 0.65578125 0.14234375000000005 0.16055555555555562
7 0.8409895833333334 0.7606076388888889 0.1499479166666667 0.1694618055555555
18 0.3244270833333333 0.37564236111111116 0.12645833333333334 0.13258680555555555
15 0.25854166666666667 0.31786458333333334 0.12302083333333336 0.12776041666666665
9 0.76734375 0.6899479166666667 0.14541666666666658 0.15991319444444443
13 0.4969270833333333 0.46793402777777776 0.14624999999999985 0.13736111111111118