7 0.11796875 0.43359375 0.08203125 0.11953125
1 0.23984375 0.37578125 0.09453125 0.1203125
34 0.128125 0.54765625 0.08125 0.11875
16 0.58359375 0.71484375 0.0796875 0.0765625
41 0.8453125 0.78515625 0.0921875 0.09453125
8 0.23046875 0.64609375 0.09375 0.10625
27 0.20234375 0.7140625 0.090625 0.10234375
31 0.440625 0.53203125 0.07734375 0.1203125
32 0.940625 0.55703125 0.0953125 0.121875
9 0.1703125 0.4125 0.0796875 0.1171875
36 0.46171875 0.3828125 0.08046875 0.0890625
35 0.78046875 0.50234375 0.08984375 0.12109375
10 0.59765625 0.61484375 0.09609375 0.1078125
15 0.5 0.46484375 0.0640625 0.10703125
22 0.65546875 0.70234375 0.059375 0.10390625
2 0.8859375 0.64453125 0.09609375 0.103125
38 0.85546875 0.5609375 0.09765625 0.1078125
29 0.5203125 0.79375 0.07890625 0.07734375
20 0.24140625 0.48203125 0.0890625 0.0984375
12 0.4359375 0.72265625 0.05703125 0.10859375
0 0.646875 0.56015625 0.096875 0.115625
24 0.81953125 0.3296875 0.084375 0.11953125
40 0.5046875 0.63828125 0.075 0.07578125
18 0.20859375 0.54296875 0.0875 0.10078125
33 0.2828125 0.5859375 0.09453125 0.103125
26 0.8140625 0.70390625 0.08828125 0.09140625
21 0.071875 0.5140625 0.08984375 0.11796875
5 0.8359375 0.46953125 0.08828125 0.11953125
17 0.60390625 0.79140625 0.08046875 0.07578125
25 0.78125 0.615625 0.1 0.11171875
11 0.890625 0.33984375 0.08125 0.1203125
30 0.50546875 0.71640625 0.078125 0.07734375
19 0.9171875 0.46171875 0.09765625 0.11328125
14 0.7328125 0.7140625 0.084375 0.08515625
28 0.5953125 0.478125 0.08828125 0.12421875
37 0.57421875 0.35546875 0.08359375 0.12265625
6 0.6546875 0.38125 0.0875 0.09296875
13 0.90859375 0.734375 0.075 0.11484375
23 0.52109375 0.55625 0.08125 0.08515625
39 0.49296875 0.29453125 0.078125 0.0828125
4 0.15625 0.6328125 0.08203125 0.11484375
3 0.675 0.4953125 0.09609375 0.11484375