2 0.10711805555555556 0.36578125000000006 0.10416087962962961 0.1249305555555555
19 0.14715277777777777 0.1955208333333333 0.09324652777777778 0.12625000000000003
35 0.2477025462962963 0.3188888888888889 0.09855324074074075 0.11543402777777771
12 0.459375 0.7487326388888889 0.09323495370370374 0.12546874999999993
38 0.1640277777777778 0.3225 0.09632523148148149 0.12319444444444443
22 0.27903935185185186 0.5774826388888888 0.09316550925925923 0.12078124999999992
17 0.2875289351851852 0.6902083333333333 0.10322916666666675 0.11475694444444447
25 0.20407986111111112 0.4148263888888889 0.09633680555555557 0.12397569444444442
16 0.3359490740740741 0.6397048611111111 0.10165509259259257 0.11394097222222221
41 0.09304976851851851 0.5241145833333334 0.10804398148148149 0.12345486111111104
21 0.8592881944444445 0.816232638888889 0.0759317129629629 0.11727430555555571
18 0.7297685185185185 0.7492708333333333 0.08246527777777786 0.08383680555555557
8 0.6653877314814814 0.8220833333333333 0.07925925925925928 0.07829861111111107
29 0.3592824074074074 0.7527604166666666 0.0992881944444445 0.11232638888888893
33 0.648587962962963 0.7427777777777778 0.08483217592592603 0.08545138888888885
5 0.2190335648148148 0.2494791666666667 0.1008622685185185 0.11314236111111117
10 0.364693287037037 0.54578125 0.08634837962962968 0.08236111111111111
34 0.7945717592592592 0.8061979166666667 0.05859375 0.10673611111111114
40 0.43542245370370375 0.6247222222222222 0.09696759259259266 0.11383680555555564
11 0.22038194444444442 0.10571180555555555 0.10340277777777782 0.12647569444444443
31 0.5330266203703704 0.5776562500000001 0.09706018518518515 0.12008680555555565
32 0.09382523148148147 0.2607638888888889 0.10245949074074075 0.11552083333333334
20 0.7183912037037038 0.6732118055555556 0.08012152777777785 0.08378472222222229
36 0.5671296296296297 0.43852430555555555 0.09318865740740741 0.12234374999999993
15 0.5024305555555555 0.4800694444444444 0.09317708333333333 0.12156249999999993
1 0.7618750000000001 0.5866493055555555 0.09448495370370366 0.10440972222222236
23 0.45380208333333333 0.5446354166666667 0.09543981481481474 0.11614583333333339
26 0.14934027777777778 0.46987847222222223 0.10412615740740741 0.1225868055555555
13 0.053732638888888885 0.43493055555555554 0.10567708333333332 0.12184027777777776
28 0.42033564814814817 0.4297916666666667 0.06495949074074066 0.11468749999999997
27 0.6634953703703703 0.8970659722222223 0.08159143518518519 0.07756944444444472
24 0.2886458333333334 0.14005208333333333 0.10095486111111107 0.1193923611111111
6 0.40805555555555556 0.3091666666666667 0.0947511574074074 0.12237847222222217
30 0.4070949074074074 0.6905208333333334 0.10321759259259267 0.11397569444444447
0 0.3440104166666667 0.4648263888888889 0.08084490740740743 0.07989583333333332
39 0.5771122685185185 0.34496527777777775 0.09238425925925924 0.12076388888888889
37 0.481099537037037 0.3373611111111111 0.05782407407407408 0.10749999999999993
14 0.2092013888888889 0.5438888888888889 0.10251736111111116 0.11942708333333343
4 0.7328587962962964 0.8571875 0.05769675925925917 0.09890624999999993
7 0.8427662037037036 0.7181770833333333 0.09540509259259267 0.11380208333333339
9 0.8115914351851853 0.6596527777777779 0.09230324074074048 0.11529513888888872
3 0.3428587962962963 0.38430555555555557 0.08089120370370369 0.08302083333333332