16 0.66015625 0.38671875 0.06171875 0.10703125
5 0.4765625 0.0546875 0.0953125 0.10703125
29 0.72109375 0.4734375 0.0578125 0.10546875
0 0.546875 0.3046875 0.0890625 0.12109375
22 0.6515625 0.29296875 0.078125 0.08203125
10 0.5859375 0.37109375 0.08671875 0.11796875
41 0.7125 0.053125 0.07421875 0.10546875
17 0.7203125 0.35625 0.05703125 0.10546875
24 0.37109375 0.07109375 0.0953125 0.109375
27 0.66015625 0.89921875 0.0875 0.121875
33 0.5640625 0.7953125 0.08359375 0.121875
28 0.484375 0.37578125 0.09453125 0.115625
26 0.653125 0.08515625 0.078125 0.125
30 0.6625 0.49765625 0.06015625 0.1046875
36 0.41484375 0.5515625 0.065625 0.109375
38 0.5453125 0.04140625 0.0875 0.0828125
20 0.48515625 0.8421875 0.078125 0.11953125
40 0.603125 0.4953125 0.05625 0.103125
39 0.35234375 0.5125 0.05859375 0.109375
25 0.58671875 0.12421875 0.090625 0.12734375
35 0.49921875 0.125 0.096875 0.1125
8 0.60703125 0.8625 0.08203125 0.11953125
12 0.6671875 0.5875 0.078125 0.0765625
18 0.5359375 0.8953125 0.078125 0.115625
6 0.41640625 0.3046875 0.07265625 0.1171875
1 0.40859375 0.846875 0.0921875 0.125
23 0.5421875 0.47578125 0.06171875 0.10625
37 0.3953125 0.40546875 0.09296875 0.109375
14 0.6640625 0.19375 0.06640625 0.11328125
31 0.52421875 0.578125 0.090625 0.1046875
9 0.4328125 0.93984375 0.090625 0.10703125
4 0.5953125 0.9515625 0.09609375 0.09375
15 0.4765625 0.49921875 0.08125 0.084375
3 0.49375 0.2640625 0.08671875 0.121875
34 0.53671875 0.9734375 0.0890625 0.053125