40 0.3015625 0.58359375 0.23203125 0.18671875
41 0.20390625 0.46484375 0.23828125 0.18828125
29 0.8046875 0.4859375 0.17734375 0.1625
28 0.44140625 0.4515625 0.225 0.18359375
14 0.5671875 0.3265625 0.2 0.171875
17 0.92265625 0.92890625 0.1453125 0.1421875
10 0.5984375 0.4875 0.2140625 0.1765625
6 0.51953125 0.615625 0.2296875 0.1875
17 0.71484375 0.62578125 0.19921875 0.17578125
0 0.33359375 0.36640625 0.2234375 0.18046875
24 0.42890625 0.71328125 0.23125 0.1921875
0 0.08515625 0.04296875 0.1703125 0.0859375