27 0.2214236111111111 0.2545486111111111 0.05772569444444446 0.10320601851851859
16 0.42034722222222226 0.6926967592592593 0.09493055555555543 0.12616898148148153
25 0.5867708333333334 0.8644444444444446 0.10501736111111111 0.12334490740740733
29 0.33675347222222224 0.659994212962963 0.09562500000000007 0.1222858796296297
30 0.3784895833333334 0.6032523148148148 0.09560763888888886 0.12150462962962968
29 0.07102430555555557 0.8742534722222223 0.09715277777777778 0.12076967592592602
22 0.46345486111111106 0.7680324074074074 0.09940972222222229 0.11693287037037052
35 0.6613715277777777 0.8090740740740741 0.09347222222222218 0.1308101851851852
17 0.37807291666666665 0.7603993055555556 0.09567708333333336 0.12462962962962969
18 0.3322569444444444 0.17621527777777776 0.06331597222222225 0.10883680555555557
16 0.06364583333333333 0.9643750000000001 0.0859027777777778 0.07124999999999986
10 0.48984375 0.6538946759259259 0.06890625000000003 0.11446759259259257
11 0.8186458333333334 0.8505381944444445 0.10124999999999992 0.12947916666666687
12 0.33460069444444446 0.5279398148148149 0.10329861111111108 0.116267361111111
33 0.34069444444444447 0.2744675925925926 0.065625 0.10734375000000007
36 0.5674305555555555 0.38110532407407405 0.09328125000000007 0.12221643518518518
40 0.4298958333333333 0.5595138888888889 0.09562500000000007 0.1222858796296297
17 0.11975694444444444 0.9564583333333333 0.10336805555555557 0.08425925925925917
1 0.45390625 0.12726851851851853 0.06645833333333329 0.10971064814814815
38 0.6607118055555555 0.9201041666666667 0.10331597222222229 0.117048611111111
20 0.39026041666666667 0.18309606481481483 0.0625694444444445 0.1103761574074074
26 0.5476909722222223 0.9351793981481482 0.10531250000000014 0.1014930555555555
14 0.4921527777777778 0.8633391203703702 0.09800347222222214 0.12391782407407419
5 0.7115104166666667 0.8490219907407408 0.09333333333333335 0.12456018518518519
19 0.7508680555555556 0.9315046296296297 0.10520833333333321 0.0968055555555555
23 0.4872916666666667 0.539050925925926 0.09475694444444435 0.11835648148148152
31 0.4630208333333333 0.43188657407407405 0.09255208333333335 0.12453703703703703
0 0.5506597222222223 0.6817997685185185 0.06423611111111108 0.11510995370370374
6 0.6675520833333334 0.5946875 0.09411458333333336 0.12458333333333335
15 0.5302083333333334 0.4650752314814815 0.09307291666666657 0.11284143518518519
34 0.29039930555555554 0.08677083333333334 0.07824652777777778 0.07804976851851853
24 0.7915972222222222 0.7590914351851852 0.09815972222222218 0.13094907407407402
9 0.39932291666666664 0.0632175925925926 0.08616319444444454 0.11810185185185185
7 0.35713541666666665 0.035214120370370375 0.08927083333333333 0.07042824074074075
3 0.6069444444444445 0.6816956018518519 0.0617881944444445 0.11035300925925924
8 0.276875 0.2521238425925926 0.060104166666666715 0.104837962962963
39 0.6367534722222222 0.3696701388888889 0.08859375000000007 0.12207754629629627
2 0.617829861111111 0.960462962962963 0.09234375000000003 0.04489583333333336
37 0.6442881944444444 0.49765625 0.08215277777777778 0.0781655092592592
4 0.24909722222222222 0.16304398148148147 0.07654513888888888 0.07175347222222221
28 0.5749479166666667 0.5786689814814815 0.07743055555555571 0.07646412037037038