26 0.9678428819444445 0.5081076388888889 0.064314236111111 0.6346701388888889
26 0.9072222222222223 0.5665277777777777 0.07682291666666644 0.6473090277777779
15 0.837673611111111 0.49845486111111115 0.07406250000000014 0.6284548611111112
20 0.7714583333333334 0.51 0.0725868055555555 0.6322916666666668
23 0.7066319444444444 0.5136631944444444 0.07397569444444443 0.6596701388888888
26 0.6395659722222222 0.5221180555555556 0.07340277777777793 0.6338888888888888
29 0.575954861111111 0.5100868055555556 0.07852430555555542 0.6536284722222222
29 0.3765104166666667 0.5087847222222222 0.06996527777777777 0.6196875000000001
26 0.44567708333333333 0.5244791666666666 0.06977430555555557 0.6462152777777778
32 0.5086979166666666 0.5451388888888888 0.07385416666666664 0.6190798611111111
32 0.31475694444444446 0.5099652777777777 0.07357638888888882 0.6417013888888888
0 0.24734375000000003 0.5379861111111112 0.07151041666666665 0.6540972222222223
5 0.18484375 0.5759548611111112 0.06991319444444444 0.6875868055555555
10 0.11921875 0.5788715277777777 0.07303819444444444 0.6877256944444443
14 0.048038194444444446 0.5077430555555555 0.07588541666666668 0.6753645833333334