16 0.47265625 0.62109375 0.05234375 0.071875
23 0.84921875 0.54296875 0.0640625 0.06640625
20 0.22734375 0.628125 0.06484375 0.07578125
32 0.3484375 0.57578125 0.05 0.0671875
23 0.80546875 0.54921875 0.0640625 0.06640625
20 0.16875 0.62421875 0.0671875 0.07578125
20 0.28984375 0.6265625 0.05703125 0.075
32 0.40234375 0.56875 0.05078125 0.065625
41 0.35234375 0.31015625 0.0390625 0.02890625
30 0.453125 0.3375 0.04375 0.04609375
29 0.46796875 0.27890625 0.0375 0.0359375
35 0.43046875 0.27578125 0.03671875 0.03515625
38 0.39296875 0.2453125 0.03828125 0.034375
36 0.89140625 0.653125 0.0609375 0.07421875
38 0.61484375 0.209375 0.04609375 0.02265625
26 0.5125 0.15078125 0.04453125 0.02265625
36 0.83203125 0.6546875 0.065625 0.0765625
15 0.41171875 0.33984375 0.04453125 0.04609375
26 0.27109375 0.31171875 0.0421875 0.03671875
6 0.32109375 0.24140625 0.03828125 0.03359375
38 0.446875 0.0890625 0.02578125 0.02265625
10 0.3546875 0.27265625 0.03984375 0.03671875
1 0.2765625 0.24140625 0.0390625 0.03125
29 0.35390625 0.06640625 0.02890625 0.01953125
11 0.3671875 0.34453125 0.0453125 0.04609375
15 0.4109375 0.06796875 0.02578125 0.0203125
21 0.43125 0.24375 0.0359375 0.03125
10 0.19765625 0.18984375 0.04375 0.0265625
16 0.528125 0.6015625 0.0609375 0.07265625
37 0.35859375 0.2390625 0.0390625 0.0296875
35 0.39609375 0.30546875 0.0390625 0.02890625
15 0.46796875 0.24375 0.03515625 0.034375
28 0.315625 0.2734375 0.03828125 0.034375
32 0.60703125 0.4859375 0.04765625 0.0546875
24 0.60546875 0.17109375 0.046875 0.02265625
35 0.56796875 0.2078125 0.04609375 0.0203125
39 0.35859375 0.0859375 0.02578125 0.0203125
5 0.38828125 0.08828125 0.02734375 0.02421875
36 0.95390625 0.65390625 0.0640625 0.05078125
0 0.3921875 0.27421875 0.03203125 0.03125
0 0.3140625 0.30859375 0.03671875 0.03515625
21 0.2734375 0.271875 0.0375 0.03671875
37 0.52421875 0.2046875 0.04375 0.0203125
31 0.609375 0.18828125 0.0453125 0.02109375
35 0.51953125 0.18359375 0.0421875 0.0203125
2 0.56328125 0.18203125 0.040625 0.0234375
0 0.5578125 0.1625 0.0375 0.0171875
5 0.5546875 0.14609375 0.0390625 0.01796875
7 0.55 0.1296875 0.03828125 0.015625
31 0.5484375 0.11171875 0.0390625 0.0171875
27 0.509375 0.11171875 0.0390625 0.015625
2 0.51015625 0.1296875 0.0375 0.0171875
40 0.5171875 0.1671875 0.04375 0.01875
1 0.3265625 0.0671875 0.0234375 0.021875
35 0.38125 0.06640625 0.02265625 0.01953125
31 0.44296875 0.07109375 0.03359375 0.01640625
0 0.47578125 0.090625 0.025 0.02265625
37 0.41640625 0.0890625 0.02578125 0.02421875
30 0.33203125 0.08984375 0.02265625 0.028125
11 0.24453125 0.18828125 0.04296875 0.025
10 0.24921875 0.1671875 0.0421875 0.02265625
29 0.25703125 0.14921875 0.04296875 0.02265625
15 0.26015625 0.13125 0.0421875 0.02109375
1 0.2640625 0.11328125 0.03984375 0.01796875
5 0.2671875 0.09765625 0.03984375 0.01640625
7 0.2046875 0.1671875 0.04296875 0.0203125
17 0.2109375 0.14765625 0.04375 0.0234375
28 0.2171875 0.13046875 0.04140625 0.01953125
22 0.2234375 0.1125 0.04375 0.01875
24 0.228125 0.0953125 0.0375 0.0203125
12 0.18515625 0.0890625 0.0390625 0.0203125
38 0.1796875 0.109375 0.034375 0.0234375
24 0.171875 0.128125 0.03828125 0.015625
2 0.1640625 0.1453125 0.03984375 0.02734375
21 0.475 0.06953125 0.0296875 0.02421875