27 0.4086226851851852 0.5655150462962963 0.07489583333333324 0.5582002314814816
29 0.5918981481481481 0.6153182870370371 0.08409143518518505 0.5252546296296294
26 0.5331018518518518 0.6079398148148148 0.078125 0.5303530092592593
23 0.469212962962963 0.5924710648148148 0.08301504629629619 0.5345370370370371
11 0.17279513888888892 0.4635300925925926 0.08278356481481479 0.6201967592592593
21 0.23496527777777781 0.5209548611111111 0.08748842592592591 0.5457060185185185
22 0.7740046296296297 0.6876388888888888 0.08673032407407408 0.5160648148148148
24 0.35234375 0.5466030092592592 0.07678240740740741 0.564542824074074
17 0.7142650462962964 0.6770891203703704 0.08080439814814824 0.5219444444444445
24 0.2941782407407407 0.5213483796296297 0.08622106481481477 0.5362847222222221
17 0.6521122685185186 0.6500405092592592 0.0821412037037037 0.5477256944444445
28 0.8350925925925925 0.7091724537037036 0.08153356481481495 0.5360069444444445
28 0.8946296296296297 0.7158159722222223 0.0861400462962962 0.5347222222222221