0 0.05703125 0.5609375 0.06015625 0.56015625
0 0.2625 0.565625 0.059375 0.5546875
5 0.12578125 0.56640625 0.06484375 0.56328125
5 0.3265625 0.55625 0.06484375 0.5921875
10 0.19453125 0.54765625 0.0640625 0.575
10 0.39765625 0.55078125 0.06484375 0.5875
20 0.465625 0.55625 0.0625 0.60625
20 0.5328125 0.5765625 0.06484375 0.61796875
20 0.59921875 0.5734375 0.0640625 0.61953125
23 0.66796875 0.584375 0.0625 0.62734375
23 0.80703125 0.61015625 0.06328125 0.60078125
26 0.73671875 0.58671875 0.0671875 0.61796875
26 0.875 0.6 0.0609375 0.58125
29 0.9421875 0.58671875 0.0578125 0.58203125