23 0.05078125 0.515625 0.0578125 0.6609375
23 0.1171875 0.52265625 0.04453125 0.57265625
15 0.56796875 0.528125 0.03984375 0.58671875
15 0.63046875 0.5390625 0.03984375 0.5828125
32 0.3109375 0.51328125 0.0421875 0.5796875
32 0.24609375 0.50859375 0.040625 0.58203125
32 0.184375 0.53046875 0.05234375 0.57109375
29 0.5015625 0.51484375 0.0421875 0.56171875
29 0.375 0.51484375 0.04453125 0.56171875
29 0.4375 0.51796875 0.04140625 0.55390625
15 0.6921875 0.54375 0.04296875 0.59140625
13 0.94765625 0.5765625 0.046875 0.61796875
0 0.7546875 0.5484375 0.05546875 0.6078125
0 0.81796875 0.5625 0.04765625 0.565625
0 0.88203125 0.571875 0.0484375 0.571875