41 0.728125 0.434375 0.0578125 0.6046875
35 0.58984375 0.43046875 0.0546875 0.628125
38 0.31953125 0.45 0.06015625 0.66640625
40 0.25078125 0.45703125 0.06328125 0.66640625
36 0.3859375 0.45 0.0609375 0.66640625
37 0.796875 0.434375 0.059375 0.6203125
32 0.45390625 0.4421875 0.06328125 0.66640625
2 0.93984375 0.43828125 0.0578125 0.64375
34 0.86875 0.421875 0.06796875 0.59453125
1 0.04921875 0.453125 0.05703125 0.565625
39 0.65859375 0.4421875 0.05625 0.6359375
0 0.52421875 0.42578125 0.06328125 0.61875
33 0.184375 0.46171875 0.0578125 0.54765625
33 0.11328125 0.48046875 0.05625 0.59609375