11 0.5585011574074075 0.24852430555555557 0.18958333333333338 0.1838020833333333
40 0.7503472222222223 0.43086805555555563 0.19204861111111118 0.18625000000000008
26 0.5726909722222222 0.6123784722222222 0.18583912037037037 0.18675347222222224
24 0.7568055555555556 0.7959375000000001 0.1913078703703704 0.1869965277777778
35 0.5762557870370371 0.7863541666666667 0.19138888888888878 0.18855902777777783
10 0.3716608796296296 0.23788194444444444 0.18892361111111117 0.18611111111111117
23 0.3882349537037037 0.6026215277777778 0.18419560185185188 0.18512152777777793
5 0.7520138888888889 0.6133333333333333 0.19142939814814816 0.18934027777777765
25 0.7343229166666667 0.25711805555555556 0.18789930555555542 0.18138888888888882
17 0.3899537037037037 0.7710590277777778 0.18596064814814817 0.18909722222222242
28 0.379375 0.41671874999999997 0.1896238425925926 0.18458333333333332
13 0.56453125 0.4249479166666667 0.1840335648148148 0.18199652777777775