0 0.36482638888888885 0.2501157407407407 0.16071180555555564 0.15882523148148148
35 0.35845486111111113 0.4110243055555555 0.1640798611111111 0.16440972222222214
34 0.5257465277777778 0.40248842592592593 0.16553819444444445 0.16212384259259255
0 0.5282118055555556 0.24172453703703703 0.1652951388888889 0.15665509259259255
29 0.682829861111111 0.553443287037037 0.17597222222222228 0.16875
25 0.6867534722222223 0.3949652777777778 0.1727083333333333 0.16550925925925936
26 0.7001909722222223 0.23301504629629627 0.16227430555555564 0.1588831018518519
12 0.3403819444444444 0.7299189814814815 0.1684722222222222 0.17549189814814808
31 0.3569444444444444 0.5678530092592593 0.1603472222222222 0.16817129629629637
37 0.6776041666666666 0.7236689814814815 0.17543402777777786 0.17418981481481488
22 0.5121527777777778 0.7258969907407408 0.16982638888888885 0.17086226851851852
39 0.5195833333333333 0.5587094907407407 0.16972222222222227 0.1685185185185185