23 0.1984548611111111 0.5881423611111111 0.049253472222222205 0.07314236111111114
5 0.4272222222222222 0.5951909722222222 0.046197916666666575 0.07456597222222214
5 0.4819097222222222 0.5976215277777778 0.04456597222222225 0.07293402777777765
23 0.2570138888888889 0.5899652777777777 0.04776041666666666 0.07463541666666665
36 0.37090277777777775 0.5911284722222222 0.04833333333333334 0.06998263888888871
5 0.5356423611111112 0.5961111111111111 0.04375 0.07211805555555557
27 0.6957638888888888 0.6024479166666667 0.0453819444444445 0.07375000000000007
27 0.5918576388888889 0.597829861111111 0.04463541666666657 0.07449652777777764
23 0.13755208333333332 0.5862152777777778 0.052447916666666664 0.07484375000000014
36 0.3138715277777778 0.58859375 0.04720486111111111 0.062135416666666644
27 0.6434201388888889 0.6001215277777778 0.04463541666666657 0.07449652777777782
37 0.7988541666666666 0.60625 0.041909722222222355 0.06579861111111107
37 0.7489583333333333 0.6063715277777778 0.03939236111111111 0.0617881944444445
37 0.8496006944444444 0.6077256944444445 0.04092013888888886 0.061076388888889
37 0.900173611111111 0.605295138888889 0.039565972222222 0.0656944444444445
41 0.3313104109375 0.1932148625 0.3098393765625 0.161196934375 0.2620399640625 0.18329742499999999 0.28328147187499997 0.21796054687500002 0.3313104109375 0.1932148625
2 0.20944287031250003 0.13012529687500002 0.175674903125 0.1106301234375 0.14511400624999998 0.1468627484375 0.1793619796875 0.16553738906249998 0.20944287031250003 0.13012529687500002
24 0.41792894687500004 0.16468805312499998 0.41466000625 0.13330850625 0.3645329859375 0.1329015875 0.36777780312499997 0.1649253640625 0.41792894687500004 0.16468805312499998
12 0.316145 0.091902890625 0.28189330468749996 0.0757685078125 0.26110453749999996 0.11070721875 0.2983683078125 0.127950846875 0.316145 0.091902890625
30 0.257028190625 0.0892754765625 0.2203155828125 0.08574497656249999 0.2147989796875 0.129120946875 0.25540796875 0.13310276875 0.257028190625 0.0892754765625
22 0.22325645 0.0811286078125 0.22643604218750002 0.055268571875000005 0.17718813125 0.0498384140625 0.173374621875 0.0767420765625 0.22325645 0.0811286078125
25 0.20015545937499998 0.041175896875 0.19461735 0.0169681640625 0.1461083421875 0.0232901859375 0.149153434375 0.044197675 0.20015545937499998 0.041175896875
40 0.3305907671875 0.09442891875000001 0.3515168140625 0.0630788671875 0.3525413359375 0.0631392375 0.327313415625 0.0494901734375 0.300699384375 0.0758143921875 0.3305907671875 0.09442891875000001
31 0.2929523859375 0.06582017031250001 0.3169645765625 0.046367412499999996 0.2863389765625 0.0182928625 0.2593861484375 0.033995281249999995 0.2929523859375 0.06582017031250001
17 0.3739804078125 0.033710815625 0.3473217984375 0.016423025 0.31804814531250003 0.0435079890625 0.3503975078125 0.0613231421875 0.3739804078125 0.033710815625
32 0.268170525 0.084074203125 0.270773065625 0.0509158546875 0.23701593437500001 0.0489705 0.23474229218749998 0.0856555609375 0.268170525 0.084074203125
26 0.39403400624999996 0.10106111250000001 0.342289265625 0.094244209375 0.3413038609375 0.121803903125 0.389058909375 0.129318728125 0.39403400624999996 0.10106111250000001