35 0.7640625 0.40819444444444447 0.05859375 0.07821180555555554
35 0.83203125 0.40842013888888895 0.06015625 0.0758912037037037
35 0.89921875 0.4078530092592592 0.0640625 0.07751157407407412
7 0.509375 0.40520254629629626 0.0484375 0.06868634259259263
31 0.3328125 0.40336805555555555 0.0453125 0.0655150462962963
31 0.39140625 0.40814236111111113 0.04609375 0.06708912037037038
7 0.45 0.4066666666666666 0.04765625 0.07023726851851855
31 0.2765625 0.4064409722222222 0.0453125 0.0662962962962963
34 0.21875 0.40558449074074077 0.0484375 0.06556134259259264
21 0.69921875 0.40489004629629627 0.05546875 0.0750405092592592
7 0.56875 0.4060821759259259 0.04921875 0.06947916666666672
21 0.63203125 0.40467592592592594 0.0515625 0.07029513888888897
34 0.1640625 0.40789930555555554 0.053125 0.06719328703703713
34 0.11171875 0.40712384259259266 0.0546875 0.06487268518518512