33 0.550775462962963 0.3953125 0.04562500000000007 0.06328125
16 0.6577604166666667 0.39375 0.045648148148148236 0.0640625
18 0.11313657407407407 0.390625 0.05341435185185186 0.0625
33 0.4952604166666667 0.39375 0.044039351851851906 0.0625
11 0.1670428240740741 0.390625 0.04640624999999998 0.06328125
21 0.714837962962963 0.3953125 0.047233796296296225 0.06484375
11 0.27729166666666666 0.39375 0.046383101851851814 0.0625
21 0.44064236111111105 0.39609375 0.045648148148148236 0.0640625
21 0.3304166666666667 0.39375 0.044062499999999984 0.06328125
38 0.8249710648148149 0.39453125 0.043188657407407405 0.06015625
11 0.22177662037037038 0.3921875 0.045624999999999985 0.06328125
33 0.6046817129629629 0.3953125 0.04484375000000007 0.06328125
21 0.38593171296296297 0.3953125 0.04645254629629623 0.06484375
24 0.7695254629629631 0.3953125 0.04721064814814824 0.0640625
38 0.8788541666666667 0.39375 0.0455324074074074 0.06015625