33 0.4375115740740741 0.3816550925925926 0.047499999999999966 0.06457754629629635
16 0.33057291666666666 0.3832638888888889 0.047546296296296295 0.06535879629629626
18 0.8752893518518519 0.36400462962962965 0.05526620370370381 0.06402777777777775
33 0.49307291666666664 0.3784490740740741 0.04589120370370363 0.06375000000000011
11 0.8213831018518519 0.36560185185185184 0.048281250000000143 0.06460069444444443
21 0.2734490740740741 0.3865162037037037 0.04915509259259263 0.0661863425925926
11 0.7110416666666667 0.37199074074074073 0.048234953703703634 0.06381944444444443
21 0.5476215277777777 0.3791724537037037 0.047546296296296295 0.06535879629629626
21 0.6579166666666667 0.37356481481481485 0.045937499999999964 0.06453124999999993
38 0.16333912037037038 0.3889988425925926 0.04497106481481481 0.06138310185185185
11 0.7666030092592593 0.36878472222222225 0.047499999999999966 0.06457754629629626
33 0.3836053240740741 0.3832523148148148 0.04671874999999996 0.06455439814814809
21 0.6023553240740741 0.37677083333333333 0.04837384259259263 0.06616319444444443
24 0.2187615740740741 0.38813657407407404 0.049108796296296296 0.0654050925925926
38 0.10947916666666666 0.3898148148148148 0.04731481481481481 0.06145254629629626