3 0.9247800925925926 0.5600578703703704 0.048686342592592524 0.07200231481481474
5 0.6536400462962962 0.5428761574074074 0.04399884259259253 0.07175925925925916
5 0.5388078703703704 0.5377025462962963 0.04325231481481495 0.07406249999999996
1 0.36769097222222225 0.5272685185185185 0.04859375000000003 0.06575231481481474
5 0.5934837962962962 0.5397569444444444 0.04321759259259252 0.07171874999999997
1 0.42864004629629626 0.5312094907407408 0.047824074074074116 0.06649305555555554
26 0.7638078703703703 0.549369212962963 0.04788194444444436 0.07039930555555554
1 0.4848668981481481 0.5325636574074075 0.048663194444444356 0.07043981481481473
28 0.31142939814814813 0.5235706018518519 0.04945601851851853 0.07126157407407412
26 0.8177256944444444 0.5529456018518519 0.04553819444444436 0.07027777777777774
26 0.7091087962962963 0.5457523148148148 0.04633101851851862 0.07109953703703695
28 0.19272569444444446 0.5205381944444445 0.05339699074074074 0.07380787037037032
28 0.25284722222222217 0.5213136574074074 0.05262731481481477 0.07454861111111111
41 0.13251157407407407 0.5135127314814815 0.0493287037037037 0.06266782407407412
41 0.07076967592592592 0.50875 0.05091435185185185 0.06431134259259252
18 0.8669444444444444 0.5554976851851852 0.05103009259259252 0.07212384259259252