23 0.8254340277777779 0.4021064814814815 0.06692708333333357 0.08296875000000004
20 0.7596006944444444 0.39839120370370373 0.062135416666666644 0.08055555555555553
32 0.38520833333333326 0.4000289351851851 0.05414930555555557 0.07653356481481488
32 0.4446527777777778 0.4007118055555556 0.05805555555555557 0.07659143518518512
32 0.32654513888888886 0.39933449074074073 0.05652777777777782 0.07734953703703695
26 0.8962847222222223 0.3955844907407407 0.06526041666666664 0.08060185185185187
10 0.5667361111111111 0.40359375000000003 0.059791666666666646 0.08052083333333329
15 0.6949305555555556 0.40325810185185185 0.062239583333333216 0.08289930555555554
10 0.6300173611111111 0.40265625 0.060538194444444395 0.07975115740740737
26 0.9633680555555555 0.3922453703703703 0.06682291666666665 0.08062500000000003
10 0.5050173611111111 0.4045081018518518 0.05425347222222214 0.07887731481481489
29 0.2656076388888889 0.40023726851851854 0.05574652777777782 0.07733796296296287
29 0.1507638888888889 0.4019386574074074 0.05798611111111111 0.07502893518518512
29 0.20623263888888888 0.40111689814814816 0.05642361111111107 0.07500578703703695
19 0.08979166666666667 0.40206018518518516 0.06657986111111111 0.07515625000000004
2 0.2899405296875 0.22450751093750002 0.2727822671875 0.28439057968750003 0.315167115625 0.2916011234375 0.3334200640625 0.2299764828125 0.2899405296875 0.22450751093750002