16 0.8683506944444443 0.5615393518518518 0.051753472222222284 0.06825810185185191
16 0.20063657407407404 0.5789872685185184 0.047800925925925955 0.06493055555555553
19 0.14982060185185184 0.5839641203703703 0.05092592592592595 0.06509259259259252
40 0.6356539351851852 0.5657986111111111 0.047824074074074116 0.06649305555555571
38 0.5801736111111111 0.5694560185185186 0.0454224537037037 0.062465277777777925
11 0.8105729166666666 0.5621932870370371 0.04858217592592595 0.06497106481481474
4 0.04131944444444445 0.5833449074074075 0.058750000000000004 0.06627893518518527
1 0.41697337962962966 0.5724537037037037 0.04777777777777779 0.06336805555555554
1 0.4716840277777778 0.5680555555555555 0.04543402777777779 0.06324652777777776
38 0.5247395833333333 0.5699884259259259 0.04539930555555553 0.06090277777777775
21 0.9300925925925926 0.5567766203703703 0.05567129629629619 0.0692418981481481
13 0.09365162037037038 0.581412037037037 0.04703124999999999 0.06567129629629634
40 0.7496817129629629 0.5622280092592593 0.04857060185185187 0.06418981481481474
40 0.694224537037037 0.5643229166666666 0.04938657407407412 0.06657407407407412
24 0.3037037037037037 0.5775462962962963 0.04543402777777779 0.06324652777777776
1 0.3623321759259259 0.5721643518518519 0.046215277777777786 0.06328703703703695
21 0.25060185185185185 0.5787384259259258 0.04700810185185187 0.06410879629629633