33 0.10600694444444445 0.4765740740740741 0.056475694444444446 0.08951388888888889
33 0.16692129629629632 0.47419560185185183 0.05484375000000004 0.08708912037037031
17 0.2281597222222222 0.4608796296296296 0.05233796296296296 0.08149884259259252
39 0.7808680555555555 0.44626157407407413 0.04181134259259256 0.06847222222222235
39 0.7341782407407408 0.44244212962962964 0.03953703703703706 0.07069444444444457
39 0.6921064814814815 0.4407233796296296 0.03873263888888889 0.06987268518518519
11 0.4996412037037038 0.46006365740740734 0.04526041666666671 0.07957175925925916
17 0.34208333333333335 0.4596527777777778 0.04992476851851855 0.07903356481481474
17 0.2835358796296296 0.4611284722222223 0.05231481481481479 0.08071759259259252
21 0.5981712962962963 0.45183449074074067 0.04284722222222222 0.07710648148148139
21 0.5474363425925926 0.4529050925925926 0.04445601851851855 0.07874999999999996
21 0.6466319444444444 0.44854166666666667 0.042042824074074045 0.07628472222222218
36 0.8959606481481481 0.03700810185185185 0.05380208333333343 0.05193287037037038
11 0.4461053240740741 0.4503587962962963 0.04606481481481488 0.08039351851851854
11 0.39359953703703704 0.45854166666666674 0.047673611111111125 0.08203703703703695
36 0.8948668981481482 0.010238715277777777 0.05221643518518491 0.020477430555555554
27 0.9675462962962964 0.09570023148148148 0.057916666666666575 0.05916666666666668
27 0.9590335648148148 0.040758101851851844 0.06074074074074076 0.04917245370370371
36 0.910931712962963 0.08459490740740741 0.05527199074074076 0.04888888888888889
36 0.5483333333333333 0.031064814814814812 0.04806134259259256 0.062129629629629625
35 0.0550566484375 0.160123065625 0.0670762375 0.20833456093749997 0.1314997125 0.18255429843749998 0.119425475 0.1346869828125 0.0550566484375 0.160123065625
17 0.6111315015625001 0.22329713281250002 0.580088634375 0.24727234375 0.6109381796875 0.3051077484375 0.6422491515625001 0.27836560625 0.6111315015625001 0.22329713281250002
40 0.352826403125 0.0913738171875 0.36153065624999997 0.1351267890625 0.4192457421875 0.1247098796875 0.4129984484375 0.08091484843749999 0.352826403125 0.0913738171875