35 0.6112326388888889 0.48515625 0.05380208333333343 0.06911458333333335
35 0.6722222222222222 0.48687500000000006 0.05380208333333343 0.06911458333333335
38 0.7332118055555555 0.48859375000000005 0.053003472222222216 0.06828125000000007
38 0.8004340277777778 0.49151041666666667 0.05380208333333343 0.06911458333333335
29 0.37678819444444445 0.47265625 0.04982638888888893 0.06572916666666657
38 0.8622048611111112 0.49328125 0.05140625000000014 0.06661458333333332
37 0.5502777777777779 0.48187499999999994 0.05062500000000014 0.06656249999999986
37 0.4338194444444444 0.4764583333333333 0.04746527777777772 0.06479166666666672
29 0.3189409722222222 0.4703645833333333 0.05060763888888893 0.06578124999999986
37 0.4916493055555556 0.47953124999999996 0.049079861111111 0.06723958333333328
0 0.26265625000000004 0.4681770833333333 0.049843749999999964 0.06651041666666657
0 0.20326388888888886 0.465 0.05223958333333334 0.06901041666666678
0 0.14854166666666666 0.46291666666666664 0.049131944444444464 0.06958333333333329
19 0.09461805555555555 0.4601041666666667 0.055347222222222214 0.06843749999999993