12 0.7182175925925927 0.4043055555555556 0.049716435185185225 0.06828125000000007
6 0.3681655092592592 0.40355902777777775 0.04814814814814809 0.06746527777777782
2 0.8354340277777779 0.4030034722222222 0.0489293981481481 0.06748263888888886
38 0.19235532407407407 0.40355902777777775 0.04814236111111114 0.06668402777777782
6 0.2423900462962963 0.39998263888888885 0.0528356481481481 0.06756944444444439
34 0.5291261574074074 0.40401041666666665 0.05048611111111114 0.06673611111111111
40 0.4728530092592592 0.40588541666666667 0.047361111111111145 0.06666666666666679
40 0.42051504629629627 0.40394097222222225 0.045798611111111144 0.06663194444444435
28 0.6588310185185186 0.40454861111111107 0.05049768518518523 0.0682986111111111
7 0.7760532407407407 0.4024652777777778 0.05050347222222236 0.06907986111111111
38 0.07592592592592592 0.4040972222222223 0.05127314814814814 0.06753472222222215
38 0.12898726851851855 0.4138715277777778 0.05661458333333336 0.05046874999999993
6 0.3047858796296296 0.4154340277777778 0.06368634259259257 0.05609374999999996
31 0.5938946759259259 0.41560763888888885 0.07069444444444457 0.053125