38 0.9328356481481481 0.6461284722222222 0.045462962962962906 0.05846064814814813
9 0.13237847222222224 0.6233275462962963 0.05093171296296299 0.058541666666666714
33 0.3940046296296296 0.6303298611111111 0.04458912037037033 0.055324074074074046
34 0.49634837962962963 0.6318460648148149 0.04849537037037024 0.05538194444444446
35 0.5501851851851851 0.6349884259259259 0.046244212962962904 0.05847222222222222
2 0.44634837962962964 0.631105324074074 0.04458912037037024 0.055324074074074046
4 0.0287962962962963 0.6170659722222223 0.0575925925925926 0.05871527777777778
41 0.603287037037037 0.636556712962963 0.04378472222222207 0.05453125000000014
1 0.3369965277777778 0.6287037037037038 0.048518518518518496 0.05616319444444447
36 0.7688425925925926 0.6413541666666667 0.046035879629629586 0.051440972222222214
3 0.07778356481481481 0.6193923611111111 0.048564814814814825 0.05772569444444446
40 0.8789525462962964 0.6445486111111111 0.05559606481481474 0.057829861111111214
8 0.1815046296296296 0.627181712962963 0.04309606481481483 0.057644675925925884
32 0.2877777777777778 0.6279745370370371 0.050127314814814826 0.057748842592592456
18 0.23311342592592593 0.6263831018518518 0.056469907407407406 0.06096643518518512
39 0.7133043981481482 0.6428761574074074 0.04456597222222225 0.05454282407407405
36 0.82109375 0.6452546296296295 0.04759837962962976 0.05146412037037038
37 0.6571006944444445 0.6404803240740741 0.044496527777777926 0.05219907407407405