12 0.8789351851851851 0.6028009259259259 0.06004050925925952 0.06459490740740748
12 0.8225694444444445 0.5983217592592593 0.054456018518518334 0.06274884259259253
38 0.6520254629629629 0.5863657407407408 0.0504918981481481 0.06176504629629633
38 0.5433159722222223 0.5791724537037037 0.048263888888888926 0.06320601851851855
12 0.9375868055555557 0.6066203703703703 0.06166087962962976 0.06545717592592588
38 0.5986689814814815 0.5804861111111111 0.046527777777777855 0.06078124999999997
24 0.15445601851851853 0.5512268518518518 0.054629629629629625 0.06509259259259252
36 0.43203125 0.5687326388888889 0.049710648148148094 0.06172453703703695
24 0.20836226851851852 0.5540219907407408 0.05367476851851851 0.06270833333333332
40 0.7089988425925926 0.5885416666666667 0.05150462962962976 0.06493055555555553
24 0.31941550925925927 0.5613368055555557 0.050549768518518515 0.06254629629629634
36 0.48990162037037044 0.572511574074074 0.050376157407407265 0.06020254629629633
36 0.37650462962962966 0.5650752314814815 0.05133101851851851 0.06258680555555554
40 0.7654224537037038 0.5938020833333333 0.052285879629629585 0.06497106481481474
19 0.09881365740740741 0.5460069444444444 0.05859375 0.06607638888888889
24 0.265625 0.5601041666666667 0.04982638888888893 0.06328703703703695