41 0.42511574074074077 0.5146122685185185 0.06553819444444446 0.07488425925925916
37 0.5466435185185186 0.5054108796296296 0.046354166666666606 0.0578125
1 0.8786168981481481 0.49233217592592593 0.05271990740740762 0.05960648148148149
39 0.48917824074074073 0.5122395833333333 0.05546875 0.06516203703703702
1 0.8269965277777779 0.4934606481481481 0.05859375 0.06527777777777785
21 0.7697337962962962 0.4924479166666666 0.05413773148148149 0.06822916666666679
37 0.603443287037037 0.500173611111111 0.0450231481481481 0.06087962962962976
35 0.3561053240740741 0.5030671296296296 0.06956018518518521 0.07659143518518512
35 0.2933738425925926 0.5022569444444445 0.056770833333333305 0.07222222222222215
36 0.22181712962962963 0.5197916666666667 0.057378472222222233 0.06990740740740727
15 0.6611979166666667 0.49725115740740744 0.05280671296296298 0.07129629629629619
29 0.7150462962962962 0.49447337962962956 0.05541087962962958 0.06438078703703702
31 0.9345486111111111 0.4965277777777778 0.06128472222222214 0.07005208333333339