35 0.9650115740740741 0.3578356481481481 0.06179398148148145 0.3784375
35 0.9144328703703704 0.36211805555555554 0.06163194444444429 0.3753125
35 0.8645659722222223 0.34998263888888886 0.05955439814814838 0.35030671296296295
35 0.8128703703703704 0.3628703703703704 0.05819444444444457 0.35420138888888886
39 0.7625057870370371 0.35620949074074076 0.054340277777777855 0.3401157407407408
39 0.7092592592592593 0.3542592592592593 0.06048611111111111 0.36827546296296293
39 0.6575752314814814 0.3522974537037037 0.05776041666666672 0.3307696759259259
39 0.6079398148148147 0.3596990740740741 0.059270833333333425 0.34483796296296293
41 0.555960648148148 0.36711805555555554 0.057656250000000145 0.3588831018518518
41 0.5064988425925926 0.3627951388888889 0.05929976851851855 0.3604571759259259
41 0.45625578703703706 0.35847800925925927 0.06246527777777775 0.36126157407407417
41 0.4067013888888889 0.36744212962962963 0.05892361111111111 0.36826388888888884
37 0.35707754629629634 0.35999421296296297 0.058680555555555534 0.36357638888888894
37 0.3059201388888889 0.3681886574074074 0.0647048611111111 0.3893923611111111
37 0.2534664351851852 0.3513831018518519 0.059797453703703686 0.35499421296296296
37 0.20407407407407407 0.36347222222222225 0.06065972222222227 0.3565625
38 0.15624421296296295 0.3755497685185185 0.0597858796296296 0.369832175925926