27 0.452181712962963 0.3517534722222222 0.06231481481481467 0.08229745370370374
21 0.608287037037037 0.37591435185185185 0.0741493055555555 0.09826967592592588
33 0.6942013888888889 0.38158564814814816 0.07260416666666672 0.10056712962962955
6 0.37641782407407404 0.34716435185185185 0.0693807870370371 0.08719328703703706
24 0.5255034722222222 0.36955439814814817 0.0678993055555555 0.09808449074074073
33 0.8753935185185184 0.3947685185185185 0.06714120370370366 0.10118634259259256
33 0.7800694444444444 0.39350694444444445 0.07729745370370367 0.10148726851851855
6 0.2958159722222222 0.3627488425925926 0.05767361111111109 0.08840856481481474
6 0.22710069444444442 0.35602430555555553 0.06546296296296301 0.08551504629629632
1 0.15287037037037038 0.35538773148148145 0.06078125000000001 0.0861574074074074
1 0.08332175925925926 0.3556712962962963 0.06468750000000001 0.08627314814814815
35 0.6580729166666667 0.6172858796296297 0.08054398148148145 0.11798611111111121
35 0.555792824074074 0.6056597222222222 0.06953125 0.10750578703703706
35 0.45823495370370376 0.5894849537037038 0.06563078703703695 0.1081712962962964