29 0.574392361111111 0.47496527777777775 0.05423611111111111 0.08748263888888878
20 0.7511805555555556 0.4772743055555555 0.054947916666666784 0.08439236111111122
29 0.5126388888888889 0.4761458333333334 0.053489583333333354 0.08901041666666672
23 0.44854166666666667 0.4774305555555555 0.05666666666666664 0.09149305555555554
30 0.6916666666666667 0.47366319444444444 0.053402777777777646 0.08510416666666672
30 0.6290972222222222 0.4733159722222222 0.05263888888888886 0.08585069444444446
23 0.38602430555555556 0.4794270833333333 0.05666666666666664 0.09149305555555554
34 0.31319444444444444 0.47484374999999995 0.06449652777777785 0.09262152777777785
20 0.8002951388888888 0.47039930555555554 0.05487847222222229 0.08126736111111121
34 0.23975694444444445 0.47810763888888885 0.06376736111111114 0.0949305555555556
24 0.09430555555555556 0.4783159722222222 0.0623090277777778 0.0995486111111111
37 0.9065972222222222 0.4680208333333333 0.0484375 0.07239583333333321
37 0.8598437499999999 0.4755729166666667 0.046059027777777574 0.07072916666666665
24 0.16557291666666668 0.48296875000000006 0.05835069444444443 0.09703124999999986
21 0.87250759375 0.12452233906250001 0.8896655890625 0.17177840625000002 0.9415203312499999 0.16208626718750002 0.922141675 0.1184717859375 0.87250759375 0.12452233906250001
26 0.7610293859375 0.21296325 0.761702675 0.2773001171875 0.8103622500000001 0.2922743625 0.8079652656249999 0.2241220984375 0.7610293859375 0.21296325
2 0.206097078125 0 0.21341742031250002 0.0504939078125 0.28596194375 0.03897279375 0.277029240625 0 0.206097078125 0
7 0.2854638484375 0 0.29490618281250003 0.0508891828125 0.33953325156249997 0.04877645625 0.33088339843750003 0 0.2854638484375 0
36 0.3953808640625 0 0.3394694296875 0.00808348125 0.3481144625 0.055411884375 0.41321425156249997 0.048975671875 0.401747321875 0 0.3953808640625 0
1 0.5004953265625 0 0.45827821875 0.029284245312500002 0.4861361796875 0.0685479703125 0.533737596875 0.0360505703125 0.5059557484375 0 0.5004953265625 0
26 0.55307630625 0 0.5309560546875 0.022743975 0.5781238984375 0.0683430125 0.603869371875 0.039601303125 0.562833065625 0 0.55307630625 0