23 0.33675347222222224 0.4382581018518518 0.0699131944444444 0.0910243055555556
23 0.41116319444444444 0.4335127314814815 0.06746527777777782 0.08621527777777782
35 0.26156250000000003 0.44296296296296295 0.07390625000000002 0.0951331018518518
10 0.47609375 0.43296875 0.06270833333333332 0.08284722222222207
10 0.5402777777777777 0.43082175925925925 0.06032986111111107 0.08116319444444446
17 0.8682291666666668 0.4204513888888889 0.057777777777777574 0.07166666666666668
35 0.1833854166666667 0.441255787037037 0.0731076388888889 0.09431134259259259
2 0.5951215277777777 0.4266261574074074 0.06177083333333329 0.07577546296296304
39 0.030225694444444444 0.4299074074074074 0.06045138888888889 0.11293981481481481
17 0.8235763888888888 0.42361111111111116 0.055347222222222214 0.06763888888888889
2 0.6592708333333334 0.4260416666666667 0.0609375 0.07339120370370367
7 0.7086284722222222 0.42234375 0.06097222222222225 0.07495370370370366
39 0.10355902777777778 0.44337384259259255 0.07326388888888888 0.1013425925925926
7 0.7696527777777777 0.4215972222222223 0.06090277777777793 0.07182870370370367