20 0.23559027777777777 0.46982638888888884 0.05037615740740744 0.06020254629629633
29 0.5305555555555556 0.5014641203703704 0.04094328703703702 0.05893518518518519
32 0.1336226851851852 0.45909143518518525 0.05601851851851851 0.06282986111111111
29 0.48278356481481477 0.49743055555555554 0.04250578703703702 0.05901620370370377
5 0.4354456018518519 0.4887499999999999 0.04239004629629619 0.0574537037037036
15 0.2889467592592593 0.47570601851851857 0.048090277777777767 0.060862268518518545
13 0.8774594907407408 0.5303472222222222 0.050318287037037376 0.05942129629629633
32 0.07581018518518519 0.45609374999999996 0.05859375 0.06607638888888889
29 0.579050925925926 0.5047569444444445 0.04250578703703702 0.0590162037037036
5 0.38689236111111114 0.484675925925926 0.044791666666666695 0.058356481481481384
18 0.809375 0.5252604166666666 0.05451388888888893 0.06353009259259253
8 0.92265625 0.5311342592592593 0.04774305555555571 0.05617476851851855
38 0.6473090277777779 0.5121874999999999 0.04239004629629619 0.0574537037037036
38 0.6943576388888889 0.5169618055555556 0.03836805555555571 0.0556886574074074
10 0.33857060185185184 0.4837268518518519 0.04725115740740744 0.06004050925925917
32 0.18619791666666666 0.4649305555555555 0.05277777777777777 0.06110532407407412
38 0.7420717592592593 0.5202141203703704 0.038425925925925954 0.056469907407407406
9 0.9674189814814815 0.5365682870370371 0.04942129629629619 0.05781828703703695