20 0.7678125 0.42388888888888887 0.04994791666666672 0.05986111111111114
29 0.47296875000000005 0.4533506944444444 0.04052083333333343 0.0586631944444445
32 0.8697395833333333 0.41390625 0.05557291666666657 0.062447916666666714
29 0.5207291666666667 0.4496701388888889 0.04208333333333343 0.05873263888888882
5 0.5680208333333334 0.4413368055555555 0.04197916666666668 0.057170138888889
15 0.7144791666666667 0.429375 0.04765625 0.060538194444444395
13 0.12614583333333335 0.4796701388888889 0.04989583333333334 0.059079861111111145
32 0.9275520833333333 0.41133680555555563 0.05812500000000007 0.06567708333333329
29 0.42447916666666663 0.45628472222222227 0.04208333333333343 0.058732638888889
5 0.6165625 0.4376215277777778 0.044375000000000143 0.05805555555555557
18 0.19421875 0.47508680555555555 0.05406249999999999 0.06315972222222221
8 0.0809375 0.4801215277777778 0.04734375000000002 0.05585069444444439
38 0.35625 0.4632118055555555 0.04197916666666668 0.057170138888889
38 0.30921875 0.4676388888888889 0.037968750000000016 0.05543402777777775
10 0.6648958333333332 0.4370312500000001 0.046822916666666714 0.05972222222222214
32 0.8171875 0.41935763888888894 0.05234375 0.06074652777777771
38 0.2615104166666667 0.47053819444444445 0.03802083333333339 0.05621527777777775
9 0.03619791666666667 0.4852256944444444 0.04901041666666667 0.057482638888888896