21 0.5360069444444445 0.45025462962962964 0.08239583333333336 0.06506944444444436
27 0.6040451388888888 0.5605671296296297 0.096736111111111 0.07204861111111108
30 0.5150520833333333 0.557511574074074 0.09197916666666668 0.0702430555555555
21 0.8808680555555555 0.5632291666666667 0.11619791666666686 0.07149884259259273
9 0.1370138888888889 0.5573958333333333 0.08821180555555559 0.07316550925925931
16 0.6187152777777778 0.4522048611111112 0.08321180555555543 0.06589120370370374
24 0.6985069444444445 0.5639062499999999 0.10607638888888893 0.07175347222222221
1 0.41994791666666664 0.5572569444444444 0.09194444444444443 0.0694618055555555
16 0.9552430555555557 0.5637789351851852 0.08951388888888871 0.07129629629629619
6 0.32647569444444446 0.5586458333333333 0.08963541666666668 0.07012152777777772
11 0.23524305555555552 0.5578125 0.08800347222222218 0.06847800925925931
24 0.7888194444444444 0.561574074074074 0.11229166666666686 0.07129629629629619
27 0.45503472222222224 0.4522916666666667 0.08467013888888886 0.06362847222222215
33 0.37619791666666663 0.4497627314814815 0.0746180555555556 0.0654456018518518
18 0.055190972222222225 0.5578298611111111 0.06236111111111111 0.07026620370370366