27 0.16859375000000001 0.46368634259259256 0.05093750000000004 0.06267361111111107
20 0.6249479166666667 0.49198495370370365 0.061145833333333496 0.07552083333333322
23 0.5686458333333333 0.48315972222222225 0.06026041666666675 0.0739293981481481
15 0.7467708333333334 0.4999421296296296 0.06296874999999993 0.07948495370370381
4 0.8793229166666666 0.4989293981481481 0.06765624999999993 0.07965856481481488
15 0.6863020833333333 0.49516782407407406 0.06208333333333336 0.07789351851851851
26 0.5116666666666667 0.4844907407407407 0.0536979166666665 0.0690104166666666
12 0.35640625 0.47543402777777777 0.057500000000000016 0.06759259259259257
5 0.31052083333333336 0.4740162037037036 0.04953125000000007 0.06495949074074084
33 0.08010416666666667 0.4583912037037036 0.05802083333333332 0.06371527777777786
30 0.12572916666666667 0.4637152777777779 0.05182291666666665 0.06426504629629619
15 0.21677083333333336 0.4657986111111111 0.05354166666666664 0.06666666666666679
2 0.46130208333333333 0.4801215277777778 0.05427083333333336 0.0659143518518519
14 0.8115625 0.49832175925925926 0.06296874999999993 0.07948495370370363
10 0.25531249999999994 0.4721643518518518 0.055052083333333356 0.06594328703703703
7 0.4091666666666667 0.47893518518518513 0.05437499999999993 0.0674768518518519