27 0.39609375 0.54765625 0.0421875 0.07421875
27 0.4484375 0.54609375 0.03984375 0.075
30 0.503125 0.5453125 0.046875 0.075
12 0.71640625 0.5390625 0.05 0.07421875
14 0.0703125 0.56015625 0.05234375 0.0828125
19 0.12578125 0.55859375 0.046875 0.078125
28 0.8765625 0.534375 0.05 0.0765625
21 0.2875 0.5515625 0.0421875 0.07109375
2 0.6078125 0.53828125 0.046875 0.071875
16 0.23203125 0.553125 0.04375 0.07421875
24 0.34140625 0.55 0.04140625 0.071875
16 0.1796875 0.5546875 0.04453125 0.0765625
22 0.771875 0.5375 0.0453125 0.06875
25 0.8265625 0.53671875 0.046875 0.075
7 0.66328125 0.540625 0.04453125 0.07265625
33 0.55390625 0.54296875 0.04609375 0.07421875