27 0.746875 0.5015625 0.0453125 0.075
27 0.61328125 0.5046875 0.04296875 0.07421875
18 0.159375 0.5125 0.04609375 0.07734375
30 0.7921875 0.50078125 0.04453125 0.0765625
21 0.34453125 0.50859375 0.0453125 0.075
3 0.06640625 0.51484375 0.0484375 0.08046875
8 0.11328125 0.5125 0.04921875 0.07734375
24 0.56640625 0.50546875 0.04375 0.07421875
9 0.2046875 0.5125 0.046875 0.078125
6 0.70546875 0.50234375 0.04375 0.075
21 0.52578125 0.50625 0.04296875 0.07421875
6 0.65859375 0.50390625 0.04375 0.07421875
11 0.25234375 0.5109375 0.046875 0.07734375
39 0.38828125 0.50859375 0.04296875 0.075
39 0.43671875 0.5078125 0.04375 0.075
16 0.29609375 0.509375 0.046875 0.07578125
39 0.48125 0.50703125 0.04375 0.075
33 0.8359375 0.4984375 0.04296875 0.07578125
19 0.23828125 0.0703125 0.0546875 0.04765625
29 0.240625 0.02109375 0.05390625 0.0421875
38 0.23515625 0.12734375 0.05546875 0.05390625
38 0.2296875 0.18046875 0.04921875 0.04609375
38 0.23046875 0.23671875 0.05234375 0.04765625
25 0.368741353125 0.0196499296875 0.3507486984375 0.05208333281250001 0.3959274296875 0.08750915468750001 0.414123534375 0.0497902765625 0.368741353125 0.0196499296875
31 0.4573567703125 0.103081596875 0.4790655765625 0.1564195421875 0.523204803125 0.12343936562499999 0.5017916359375 0.07981194375 0.4573567703125 0.103081596875
22 0.64697265625 0.1529947921875 0.6417814890625 0.2123557203125 0.6744607296875 0.21992577500000002 0.6838162734375001 0.1615863375 0.64697265625 0.1529947921875
22 0.6209309890625 0.09657118125 0.6227048234375 0.1472854609375 0.672836303125 0.1469930015625 0.67001660625 0.0991143125 0.6209309890625 0.09657118125
40 0.6648763015625 0.263671875 0.6708685562500001 0.31662835 0.7237180078125001 0.306625365625 0.7161045078125 0.25794135156250003 0.6648763015625 0.263671875
1 0.750341415625 0.18597496875 0.7430013015625 0.23328993125 0.7937558484375 0.2532958984375 0.8035532640625 0.2052985296875 0.750341415625 0.18597496875
6 0.5867131546875 0.13030158125 0.5419921875 0.16059027812499999 0.5594189968750001 0.202912225 0.6072139734374999 0.172420078125 0.5867131546875 0.13030158125
24 0.43732325312500003 0.0155851578125 0.4158528640625 0.0509982640625 0.45791625937499997 0.088433159375 0.48130353281250005 0.053795709375 0.43732325312500003 0.0155851578125
32 0.7641983031249999 0.2862252125 0.7283528640625 0.29405381875000003 0.7338651015625001 0.3617858890625 0.7718149828125 0.356860690625 0.7641983031249999 0.2862252125
20 0.7128429421875 0.1550420125 0.6844075515625 0.20616319375 0.7159550984374999 0.237460665625 0.7435131078125 0.1854960125 0.7128429421875 0.1550420125
36 0.537538528125 0.013703240624999998 0.49560546875 0.0466579859375 0.517454146875 0.0862503046875 0.5581823984375001 0.05491892499999999 0.537538528125 0.013703240624999998
26 0.5577754968749999 0.06596883125 0.5240885421875 0.09006076406249999 0.5497392015625 0.15185038281250002 0.5844338734375001 0.1272540625 0.5577754968749999 0.06596883125
12 0.7083002734375 0.0609673390625 0.68115234375 0.111762153125 0.713933309375 0.14515770781249998 0.7407601671874999 0.08874681250000001 0.7083002734375 0.0609673390625
41 0.7407760624999999 0.10136074531249999 0.71775754375 0.15114254375 0.746129353125 0.18079121874999998 0.773852665625 0.1288943828125 0.7407760624999999 0.10136074531249999
20 0.563611984375 0.0621965203125 0.5813503265625 0.1013225984375 0.6247806546875 0.0774892171875 0.6020768484375 0.034391615625 0.563611984375 0.0621965203125
37 0.8191013328125001 0.13765123125 0.7811323796874999 0.12121412499999999 0.76904296875 0.1822916671875 0.771573384375 0.18406338125 0.8016745249999999 0.199453565625 0.8191013328125001 0.13765123125
15 0.742286046875 0.05342271562499999 0.7576497390625 0.09874131875 0.8027648921875 0.077874925 0.790322621875 0.036031934375000005 0.742286046875 0.05342271562499999
25 0.9294319156249999 0.11736551875000001 0.9440104171874999 0.1627604171875 0.9907881421875 0.1458740234375 0.9742832187499999 0.0983556109375 0.9294319156249999 0.11736551875000001
15 0.6201171875 0.04774305625 0.63405990625 0.0854025953125 0.6793053953125 0.065379671875 0.66408793125 0.0256771515625 0.6201171875 0.04774305625
11 0.9547042843750001 0.050086975 0.9099229171875001 0.07019466875 0.9242222703125 0.11260544531250001 0.9705670671875 0.09248521562499999 0.9547042843750001 0.050086975
32 0.8878580734374999 0.0217013890625 0.9050464625 0.06742689375000001 0.95237731875 0.046276515625 0.931720734375 0.0021107984375 0.8878580734374999 0.0217013890625
35 0.5640856421875 0 0.5435498562500001 0.013071695312500001 0.566860834375 0.055063035937500004 0.6080913546875 0.022646585937499998 0.5882199609375001 0 0.5640856421875 0