34 0.2078125 0.29375 0.10546875 0.06875
34 0.090625 0.22109375 0.115625 0.0671875
34 0.15546875 0.25859375 0.1125 0.0703125
36 0.7484375 0.640625 0.06875 0.078125
36 0.68125 0.60859375 0.0796875 0.0921875
39 0.87109375 0.72265625 0.075 0.090625
39 0.81171875 0.6875 0.078125 0.09296875
39 0.9328125 0.7546875 0.06015625 0.07578125
7 0.6265625 0.5625 0.059375 0.06875
7 0.565625 0.5296875 0.05546875 0.075
7 0.5046875 0.4921875 0.05703125 0.0625
7 0.44765625 0.4546875 0.0546875 0.06796875
7 0.3890625 0.40390625 0.07109375 0.06796875
7 0.3234375 0.3703125 0.07109375 0.065625
33 0.259375 0.32578125 0.08359375 0.0625