29 0.40587384259259257 0.7216145833333334 0.11315972222222222 0.11031249999999986
17 0.20261574074074074 0.8535416666666666 0.10805555555555557 0.11697916666666686
17 0.3423553240740741 0.7666145833333333 0.11171875 0.11255208333333329
29 0.4763425925925926 0.6745833333333333 0.11694444444444443 0.10822916666666664
32 0.8841203703703704 0.3745833333333334 0.11706018518518527 0.06541666666666668
17 0.27348958333333334 0.8143229166666666 0.10879629629629628 0.11625000000000014
29 0.5339872685185185 0.6221354166666667 0.1163368055555555 0.09651041666666664
32 0.9393287037037037 0.335625 0.11373263888888871 0.061302083333333354
21 0.5912557870370371 0.5775520833333333 0.09412037037037031 0.05843749999999996
21 0.6631944444444444 0.54375 0.08989004629629634 0.05192708333333336
10 0.7236284722222223 0.4997395833333334 0.09896990740740748 0.06187499999999986
10 0.7839409722222221 0.4533854166666666 0.10942129629629634 0.05322916666666657
10 0.8431365740740742 0.41572916666666665 0.11390625000000014 0.04963541666666664
32 0.9656901041666668 0.2947916666666667 0.06861979166666643 0.05494791666666661