26 0.71953125 0.5473437499999999 0.06729166666666657 0.10836805555555565
29 0.85328125 0.5467187499999999 0.06729166666666657 0.10836805555555565
30 0.25973958333333336 0.5513020833333334 0.06989583333333335 0.11232638888888893
32 0.5902604166666666 0.5447395833333333 0.06739583333333332 0.10993055555555564
5 0.52640625 0.5492881944444445 0.06583333333333333 0.10989583333333322
33 0.12364583333333332 0.5519791666666667 0.07166666666666668 0.115486111111111
15 0.19109375 0.5543923611111111 0.07156249999999997 0.113923611111111
1 0.7876041666666667 0.5473958333333334 0.06973958333333333 0.10998263888888893
32 0.3966145833333333 0.550607638888889 0.0666666666666667 0.11069444444444443
15 0.9165625000000001 0.5453125 0.06645833333333329 0.10756944444444443
16 0.32786458333333335 0.5521354166666667 0.06906249999999999 0.11152777777777771
30 0.4613541666666666 0.5476041666666667 0.06578125000000004 0.10911458333333321
5 0.6546875 0.5487847222222222 0.06578125000000004 0.10911458333333339