34 0.7858217592592593 0.44684027777777774 0.056788194444444426 0.07557291666666668
34 0.728761574074074 0.43997685185185187 0.05756365740740747 0.07483217592592588
31 0.609224537037037 0.43299768518518517 0.05288773148148138 0.07615162037037031
31 0.5498321759259259 0.42757523148148147 0.05211226851851869 0.07689236111111111
24 0.9585185185185185 0.4612615740740741 0.05913194444444443 0.07569444444444447
24 0.8428877314814816 0.45448495370370373 0.055219907407407474 0.0747106481481481
31 0.6717476851851851 0.4393634259259259 0.05210069444444443 0.0753298611111111
9 0.02871527777777778 0.39743055555555556 0.05219907407407407 0.08861111111111111
38 0.22951967592592593 0.4109664351851852 0.0521238425925926 0.07845486111111111
38 0.29512731481481486 0.41202546296296294 0.05292824074074076 0.08162037037037032
38 0.16311921296296297 0.4083043981481482 0.05212962962962964 0.0792361111111111
38 0.09200810185185185 0.4022743055555555 0.05058449074074074 0.08149884259259252
40 0.36311921296296296 0.41867476851851854 0.057627314814814846 0.08342592592592588
40 0.42640625 0.4227372685185185 0.056053240740740765 0.08178240740740747
24 0.8975868055555555 0.4588831018518519 0.05756944444444443 0.07561342592592588
40 0.49045717592592586 0.42449652777777774 0.054484953703703806 0.0809201388888889
17 0.45370370312499997 0.11277679843749999 0.4528154015625 0.1475644453125 0.51383444375 0.15596227499999998 0.5134010531250001 0.11837294218750001 0.45370370312499997 0.11277679843749999
36 0.3530791890625 0.0739393015625 0.3371444078125 0.10783485156249999 0.39725428125 0.134693503125 0.4100280484375 0.097220834375 0.3530791890625 0.0739393015625
2 0.2911849234375 0.039339603125 0.2816066421875 0.0750195625 0.34333392812499997 0.0892561484375 0.3520494890625 0.053466892187500004 0.2911849234375 0.039339603125
2 0.42515057343749996 0.0347292546875 0.40300436093750003 0.073786253125 0.4385066953125 0.09766450156249999 0.46532601093750003 0.053211342187499996 0.42515057343749996 0.0347292546875
17 0.46000665781250005 0.0999242265625 0.506987175 0.11232872812500001 0.5145119515625 0.06482632031249999 0.4692586375 0.0524425109375 0.4610461984375 0.09993508749999999 0.46000665781250005 0.0999242265625