8 0.9825231481481481 0.4298611111111111 0.034953703703703806 0.09947916666666679
11 0.5320949074074074 0.38609375 0.05451967592592588 0.0746006944444444
35 0.23578703703703704 0.3590625 0.05279513888888889 0.06909722222222214
28 0.35424189814814816 0.3728472222222222 0.06162037037037038 0.07710069444444442
38 0.12461805555555557 0.3537152777777778 0.04721064814814815 0.06506944444444444
35 0.2930729166666667 0.3663888888888889 0.05603587962962964 0.07307291666666664
12 0.7954513888888888 0.4091666666666667 0.060150462962963044 0.08019097222222218
14 0.9373437499999999 0.42243055555555553 0.07851273148148152 0.09387152777777778
6 0.5955613425925925 0.3909375 0.05697916666666671 0.07855902777777786
1 0.6637384259259258 0.39645833333333336 0.061736111111111214 0.08100694444444442
22 0.47092592592592586 0.3796354166666666 0.05343750000000007 0.06442708333333336
38 0.18252314814814813 0.3555555555555555 0.050428240740740725 0.06826388888888886
17 0.7279861111111112 0.40128472222222217 0.06304398148148138 0.07244791666666668
38 0.07119212962962963 0.3447395833333333 0.04654513888888889 0.06895833333333332
7 0.8612847222222222 0.41473958333333333 0.06819444444444471 0.08817708333333325
25 0.4113657407407407 0.3747048611111111 0.052910879629629724 0.07300347222222223