27 0.7379513888888889 0.4219791666666667 0.06102430555555553 0.07817708333333329
27 0.7936284722222222 0.40890624999999997 0.064201388888889 0.0807291666666666
27 0.8538715277777778 0.40098958333333334 0.06260416666666657 0.07906250000000004
37 0.6181423611111111 0.4424479166666667 0.05467013888888879 0.07307291666666664
37 0.6815798611111111 0.43119791666666674 0.05458333333333343 0.06916666666666664
11 0.16256944444444446 0.5126041666666666 0.06758680555555552 0.09265624999999993
21 0.4968576388888889 0.4591145833333334 0.0578819444444445 0.07718750000000014
16 0.3723263888888889 0.4814583333333333 0.06116319444444436 0.08442708333333329
16 0.43656249999999996 0.469375 0.057170138888889 0.0802604166666665
16 0.2345659722222222 0.50234375 0.06513888888888886 0.08781250000000007
16 0.3018923611111111 0.4916145833333333 0.06357638888888886 0.08770833333333332
24 0.5586631944444445 0.45109375000000007 0.05949652777777779 0.07963541666666671
1 0.025746527777777778 0.5393229166666667 0.051493055555555556 0.09635416666666678
6 0.0928298611111111 0.5266145833333333 0.06840277777777777 0.09427083333333322