29 0.33505208333333336 0.4620081018518518 0.08223958333333332 0.11072916666666668
29 0.2688888888888889 0.45604745370370364 0.08998263888888883 0.10922453703703709
36 0.6585590277777778 0.46284143518518517 0.08390625000000007 0.11308449074074076
32 0.2543055555555555 0.5731655092592594 0.09246527777777783 0.1123668981481483
21 0.04101996527777778 0.5528240740740741 0.08203993055555556 0.10370949074074076
8 0.8605902777777779 0.6120428240740741 0.09968750000000029 0.13428819444444445
21 0.18505208333333334 0.566400462962963 0.08539930555555557 0.11153356481481484
21 0.11519097222222223 0.5557233796296297 0.08369791666666666 0.10839699074074076
36 0.4214409722222222 0.452488425925926 0.07329861111111118 0.1028530092592593
36 0.5784027777777778 0.45521412037037035 0.07288194444444436 0.09347800925925931
32 0.33069444444444446 0.5776388888888888 0.0894444444444444 0.11468750000000014
36 0.4966145833333334 0.4491377314814814 0.07114583333333328 0.08956018518518505
32 0.4186111111111111 0.568912037037037 0.09135416666666671 0.12251157407407405
22 0.7690798611111112 0.5785416666666666 0.08748263888888878 0.12326388888888892
22 0.6797395833333333 0.5841319444444444 0.08397569444444457 0.11464699074074076
22 0.5872048611111111 0.5912615740740741 0.08390625000000007 0.11308449074074076
22 0.503732638888889 0.570324074074074 0.08553819444444458 0.11465856481481485
23 0.9490972222222223 0.0625173611111111 0.09447916666666671 0.08739004629629629
41 0.5297099953125 0.119556175 0.5914141578125001 0.1556169609375 0.6257042421875 0.11159244531250001 0.5636503015625001 0.0762785296875 0.5297099953125 0.119556175
28 0.7590429875 0.17884285312499998 0.795968096875 0.25506178125 0.85787771875 0.2279884390625 0.8178240875 0.153546765625 0.7590429875 0.17884285312499998
2 0.7207714671875001 0.1373519140625 0.77329459375 0.17079910625 0.820032334375 0.1119292578125 0.7705031234375 0.0799514765625 0.7207714671875001 0.1373519140625
28 0.6701992421875 0.10514673593749999 0.71665954375 0.1331994171875 0.7645563875 0.07623334375 0.718422303125 0.0491995890625 0.6701992421875 0.10514673593749999
35 0.699809271875 0.052162934375000004 0.6567746171875 0.0257508453125 0.6067327265625 0.0809006 0.6515285125 0.10737311406250001 0.699809271875 0.052162934375000004
27 0.6422532984375 0.031940478125 0.5933798890624999 0.0085389796875 0.5515942140625001 0.0613076828125 0.5972160984375 0.082712375 0.6422532984375 0.031940478125
5 0.878366275 0.0493764640625 0.8259096734375 0.0193023375 0.7752305921875 0.0734523984375 0.8310246421875 0.106497403125 0.878366275 0.0493764640625
15 0.8134541734375 0.025020553125 0.7741440875000001 0.0057344 0.7391946125 0.006229284375 0.7177952046875 0.03765151875 0.7783228 0.0642061046875 0.8134541734375 0.025020553125
2 0.8534989515625 0.1527212890625 0.9230863984375001 0.15278018437500002 0.9238497499999999 0.08218141875 0.8604274406249999 0.0761294296875 0.8534989515625 0.1527212890625