38 0.8814120370370372 0.5295775462962963 0.0659259259259258 0.5485127314814815
37 0.18774884259259259 0.5661863425925926 0.07111689814814812 0.6352893518518516
37 0.1121701388888889 0.6041377314814815 0.07274884259259258 0.6399999999999999
38 0.951701388888889 0.532181712962963 0.06866319444444428 0.5751099537037037
36 0.5411631944444444 0.4463946759259259 0.06927662037037034 0.6165162037037037
36 0.47287037037037044 0.46726273148148145 0.06530092592592603 0.6117708333333333
37 0.038097511574074074 0.6319444444444444 0.07619502314814815 0.6338194444444444
36 0.6127951388888888 0.4638657407407408 0.06601851851851848 0.5547627314814815
28 0.4015509259259259 0.5341898148148149 0.07116898148148146 0.5860821759259259
28 0.3322511574074074 0.5175347222222222 0.07438657407407412 0.5923784722222223
28 0.26052083333333337 0.5594502314814814 0.07240740740740748 0.5642303240740741
40 0.8149247685185184 0.5340624999999999 0.07531249999999971 0.5494328703703705
40 0.746267361111111 0.5267939814814815 0.0736458333333335 0.5423784722222222
40 0.6780381944444445 0.49061921296296296 0.07510416666666657 0.5353703703703705