27 0.0953125 0.60234375 0.0609375 0.51328125
27 0.15859375 0.6484375 0.0640625 0.48828125
21 0.22109375 0.64921875 0.05703125 0.48359375
21 0.2828125 0.65234375 0.05859375 0.4765625
21 0.3453125 0.66796875 0.0578125 0.4765625
16 0.40859375 0.665625 0.0609375 0.45390625
16 0.4703125 0.665625 0.0515625 0.471875
16 0.5328125 0.65234375 0.05234375 0.4703125
6 0.59375 0.6515625 0.05703125 0.46875
6 0.65546875 0.6515625 0.05625 0.475
6 0.7171875 0.646875 0.0546875 0.46640625
24 0.77890625 0.65546875 0.05625 0.48359375
24 0.84140625 0.6390625 0.05703125 0.48125
24 0.90234375 0.6296875 0.0578125 0.48046875