37 0.309375 0.515625 0.06640625 0.1140625
41 0.23984375 0.51484375 0.06484375 0.11171875
34 0.78828125 0.52578125 0.06171875 0.10546875
36 0.3828125 0.51796875 0.065625 0.11484375
38 0.5203125 0.521875 0.0625 0.11328125
32 0.653125 0.5203125 0.0625 0.1109375
35 0.10234375 0.51171875 0.06953125 0.11796875
2 0.7203125 0.5234375 0.0640625 0.11015625
1 0.853125 0.52890625 0.05 0.0984375
40 0.44921875 0.52109375 0.0609375 0.1140625
39 0.16953125 0.51484375 0.06015625 0.1203125
0 0.58671875 0.52265625 0.0640625 0.11640625
33 0.91875 0.53046875 0.05546875 0.10625