34 0.6771874999999999 0.47698495370370375 0.059670138888888856 0.09740740740740747
2 0.26546875000000003 0.49833333333333335 0.060694444444444426 0.10291666666666668
29 0.08986111111111111 0.5035416666666667 0.060625 0.10135416666666668
20 0.8527951388888889 0.4717766203703704 0.05828124999999993 0.10123263888888889
5 0.14835069444444443 0.5028472222222222 0.06072916666666668 0.1036979166666665
15 0.38503472222222224 0.4913541666666667 0.059097222222222176 0.1020543981481481
1 0.7364583333333334 0.47624999999999995 0.05512152777777786 0.10028935185185191
11 0.20609375000000002 0.501412037037037 0.058385416666666676 0.1035763888888889
24 0.5561284722222222 0.48248263888888887 0.05661458333333336 0.09880787037037031
12 0.7941319444444443 0.4763773148148148 0.058246527777777855 0.1004513888888889
24 0.32416666666666666 0.4929513888888889 0.05906250000000002 0.1012731481481481
28 0.4419965277777777 0.48995949074074074 0.059982638888888926 0.10443865740740747
17 0.4998090277777777 0.48696180555555557 0.05746527777777786 0.10041087962962969
22 0.6137326388888888 0.4841724537037037 0.05803819444444436 0.0957638888888889