34 0.16328125 0.5203125 0.0578125 0.09765625
37 0.64453125 0.50703125 0.05625 0.09765625
29 0.346875 0.5171875 0.05546875 0.09765625
34 0.82265625 0.50625 0.05546875 0.08984375
40 0.58125 0.51015625 0.05078125 0.096875
1 0.76328125 0.50859375 0.05078125 0.096875
41 0.52421875 0.51015625 0.05703125 0.1
35 0.703125 0.50625 0.05546875 0.10234375
41 0.40703125 0.51328125 0.05390625 0.0984375
16 0.28515625 0.51796875 0.05625 0.1
39 0.22578125 0.51875 0.05390625 0.096875
16 0.8828125 0.5078125 0.04609375 0.0921875
33 0.10390625 0.51875 0.05078125 0.09765625
30 0.46640625 0.51328125 0.0546875 0.1