34 0.8598437499999999 0.5822916666666667 0.062152777777777855 0.10193865740740744
37 0.3780034722222222 0.5333622685185185 0.060590277777777854 0.10182291666666661
29 0.6761111111111111 0.5655671296296296 0.05980902777777786 0.1017650462962962
34 0.19984375000000001 0.5193865740740741 0.05946180555555554 0.0939525462962962
40 0.4414236111111111 0.5411747685185185 0.055086805555555604 0.10063657407407404
1 0.2593229166666667 0.5261284722222223 0.05508680555555552 0.10063657407407404
41 0.49845486111111115 0.5453993055555555 0.06147569444444443 0.10422453703703702
35 0.319375 0.5282407407407408 0.06001736111111109 0.10645254629629637
41 0.6157812500000001 0.5572048611111111 0.05828124999999993 0.10243055555555572
16 0.7378645833333334 0.5709201388888889 0.060694444444444426 0.10416666666666678
39 0.7972743055555556 0.576099537037037 0.058211805555555426 0.10086805555555553
16 0.13975694444444448 0.5164930555555556 0.0501909722222222 0.09560185185185191
33 0.9191493055555554 0.5851273148148148 0.05512152777777786 0.10141782407407404
30 0.55640625 0.552806712962963 0.05913194444444443 0.10405092592592595