23 0.70625 0.4390625 0.0578125 0.42734375
10 0.425 0.54140625 0.05546875 0.44140625
23 0.76328125 0.4453125 0.053125 0.4265625
10 0.36328125 0.54609375 0.05078125 0.44296875
26 0.8234375 0.43359375 0.04453125 0.4390625
26 0.9390625 0.40859375 0.05859375 0.4375
10 0.309375 0.5484375 0.05390625 0.44375
15 0.53984375 0.51796875 0.05390625 0.43671875
19 0.06484375 0.61640625 0.05390625 0.4328125
0 0.1890625 0.63671875 0.05390625 0.396875
15 0.48125 0.515625 0.053125 0.44296875
15 0.65234375 0.47109375 0.0515625 0.4390625
26 0.88046875 0.4015625 0.05234375 0.44140625
15 0.59609375 0.4890625 0.05390625 0.43203125
0 0.246875 0.6296875 0.05390625 0.390625
0 0.12578125 0.6015625 0.06015625 0.40078125