26 0.66953125 0.4296875 0.09296875 0.09140625
20 0.48203125 0.43046875 0.08984375 0.090625
17 0.39453125 0.33828125 0.08359375 0.0875
12 0.30234375 0.3390625 0.0796875 0.084375
16 0.38671875 0.52109375 0.090625 0.0890625
27 0.671875 0.52265625 0.09453125 0.09453125
24 0.57421875 0.521875 0.09453125 0.09453125
32 0.871875 0.43125 0.09375 0.09375
15 0.3890625 0.4296875 0.08828125 0.09140625
0 0.11875 0.4296875 0.08203125 0.08359375
22 0.48828125 0.33515625 0.08359375 0.0875
10 0.29765625 0.42890625 0.08671875 0.08984375
33 0.87578125 0.5296875 0.09921875 0.0953125
29 0.7703125 0.43046875 0.09453125 0.09296875
28 0.67578125 0.334375 0.08671875 0.0859375
41 0.4765625 0.71640625 0.09609375 0.0953125
31 0.7734375 0.334375 0.090625 0.0890625
38 0.67265625 0.72265625 0.096875 0.1
34 0.87265625 0.33359375 0.09453125 0.08984375
39 0.38046875 0.71328125 0.09453125 0.096875
1 0.1140625 0.51796875 0.084375 0.08671875
7 0.215625 0.33828125 0.08359375 0.084375
6 0.20703125 0.5171875 0.08671875 0.08828125
2 0.12890625 0.3390625 0.0859375 0.084375
21 0.4796875 0.525 0.09140625 0.0921875
36 0.7734375 0.72578125 0.1015625 0.09921875
30 0.7734375 0.52421875 0.09765625 0.09453125
11 0.29453125 0.5203125 0.0890625 0.08828125
5 0.20703125 0.42890625 0.08515625 0.0890625
25 0.58125 0.33515625 0.084375 0.08828125
40 0.878125 0.72734375 0.10078125 0.10234375
35 0.2859375 0.7109375 0.08828125 0.09453125
37 0.5703125 0.71875 0.1 0.0984375
23 0.571875 0.43125 0.09140625 0.09296875