27 0.8640625 0.33828125 0.0421875 0.3015625
30 0.76640625 0.36328125 0.04609375 0.303125
1 0.05390625 0.74296875 0.0609375 0.36796875
1 0.196875 0.66484375 0.059375 0.3578125
30 0.71015625 0.38046875 0.04453125 0.303125
27 0.81484375 0.36171875 0.0421875 0.303125
6 0.32265625 0.58671875 0.05625 0.34921875
1 0.12578125 0.7078125 0.0625 0.36640625
6 0.3828125 0.57421875 0.053125 0.35546875
30 0.66171875 0.3984375 0.046875 0.309375
6 0.44453125 0.5125 0.0515625 0.33828125
14 0.95625 0.3109375 0.04453125 0.28671875
6 0.25625 0.6328125 0.05546875 0.3578125
8 0.90703125 0.32421875 0.040625 0.3
24 0.6046875 0.41953125 0.04609375 0.3203125
24 0.5046875 0.47265625 0.04921875 0.328125
24 0.55625 0.45234375 0.0484375 0.33203125