6 0.20694444444444446 0.5564293981481481 0.07431712962962962 0.6641203703703704
6 0.14152777777777778 0.5615162037037037 0.07796874999999996 0.6556423611111113
11 0.26611111111111113 0.5511574074074075 0.07562499999999997 0.6555729166666666
6 0.08286458333333332 0.5574363425925927 0.06995949074074073 0.5960821759259259
18 0.9663064236111112 0.5907870370370369 0.06738715277777771 0.6392361111111111
38 0.8366550925925926 0.5758680555555555 0.0771238425925926 0.5744386574074074
38 0.9029687500000001 0.5747106481481482 0.07349537037037024 0.5836979166666667
40 0.520792824074074 0.5321643518518518 0.07830439814814802 0.6142824074074074
11 0.3890856481481481 0.5391898148148149 0.07483796296296293 0.6290104166666668
36 0.7738078703703704 0.5622974537037037 0.07953125000000014 0.6556886574074074
11 0.330630787037037 0.5421412037037038 0.07274884259259258 0.6375347222222223
36 0.6479050925925927 0.528125 0.07339120370370367 0.6328703703703702
40 0.4545949074074073 0.5372280092592593 0.08003472222222215 0.6463368055555556
36 0.7063888888888888 0.552494212962963 0.07398148148148138 0.6001041666666668
40 0.5794791666666667 0.5370254629629629 0.07846643518518519 0.6197511574074074