17 0.3522685185185185 0.5821527777777777 0.0761226851851852 0.049120370370370384
2 0.24256944444444445 0.36072337962962964 0.05930555555555559 0.054479166666666676
2 0.1427372685185185 0.42408564814814814 0.055353009259259255 0.05349537037037031
34 0.614386574074074 0.3527430555555556 0.08641782407407402 0.051990740740740726
34 0.6231712962962963 0.26440972222222225 0.08085648148148153 0.050144675925925954
22 0.19691550925925927 0.3131828703703704 0.06224537037037039 0.05151620370370367
32 0.136875 0.4697337962962963 0.07479166666666667 0.0529456018518518
30 0.039108796296296294 0.3182407407407407 0.04344907407407407 0.04976273148148147
2 0.0844675925925926 0.3213715277777778 0.05424768518518517 0.047986111111111104
17 0.18406828703703704 0.3592476851851852 0.06715856481481483 0.04242476851851853
32 0.14006944444444444 0.31335069444444447 0.0695023148148148 0.04254629629629632
40 0.5945428240740741 0.6881770833333334 0.08347800925925916 0.05495370370370374
34 0.6186863425925926 0.30701388888888886 0.08490162037037052 0.052690972222222146
22 0.2664699074074074 0.47489583333333335 0.07208333333333332 0.05981481481481481
31 0.5891319444444445 0.820300925925926 0.08265046296296283 0.05413194444444436
26 0.23546874999999998 0.5169039351851852 0.06900462962962965 0.06043402777777764
31 0.5898032407407408 0.779056712962963 0.08449074074074084 0.05890046296296294
40 0.5959953703703704 0.6469733796296296 0.08485532407407419 0.05190972222222214
36 0.6046064814814814 0.4768518518518519 0.08007523148148152 0.050104166666666575
28 0.3411226851851852 0.630642361111111 0.06528356481481482 0.06335648148148146
12 0.32795717592592594 0.47418981481481487 0.05622685185185183 0.05509837962962969
21 0.18534143518518517 0.5384490740740742 0.07290509259259256 0.047395833333333214
26 0.38265046296296296 0.4902662037037038 0.0612384259259259 0.06081018518518526
36 0.6074652777777778 0.3936631944444445 0.08480902777777785 0.051128472222222145
31 0.5894155092592592 0.7330844907407407 0.0850868055555555 0.05581597222222214
31 0.07966435185185185 0.3717476851851852 0.04979166666666666 0.05164930555555554
33 0.38134837962962964 0.35000578703703705 0.08329861111111114 0.06506944444444444
4 0.6248090277777777 0.2263310185185185 0.0786053240740742 0.051585648148148165
37 0.24443287037037037 0.41845486111111113 0.05438657407407401 0.05032986111111111
41 0.07070601851851852 0.27314814814814814 0.06876736111111112 0.04328703703703703
36 0.6028414351851852 0.4339236111111111 0.08315393518518518 0.04948495370370374
6 0.1937037037037037 0.7452777777777777 0.07083912037037035 0.05196180555555543
34 0.0922800925925926 0.4269212962962963 0.05544560185185186 0.05505787037037031
32 0.07033564814814815 0.4771875 0.06096064814814817 0.05612268518518526
40 0.3764120370370371 0.4112789351851852 0.07285879629629628 0.04661458333333339
12 0.3049594907407408 0.4278240740740741 0.06890625000000003 0.045630787037037025
17 0.23502893518518517 0.6671990740740741 0.07396412037037034 0.0521238425925926
7 0.1269039351851852 0.3671875 0.05526041666666668 0.0519328703703704
23 0.1697627314814815 0.6435648148148149 0.054756944444444414 0.05657986111111111
32 0.11804976851851852 0.5069212962962963 0.06932291666666668 0.05266203703703702
14 0.6228587962962964 0.18027777777777776 0.08439236111111122 0.04409722222222223
38 0.6046701388888889 0.5173553240740741 0.07473958333333339 0.038923611111111
38 0.6056539351851852 0.5602430555555555 0.07878472222222221 0.041469907407407545
38 0.6035127314814815 0.6029687499999999 0.07414351851851855 0.04200810185185198
33 0.21484375 0.22142939814814816 0.0715740740740741 0.05122106481481481
35 0.13908564814814817 0.270462962962963 0.07028356481481479 0.04258680555555561
2 0.03828125 0.21227430555555554 0.05342013888888888 0.04716435185185182
25 0.30618055555555557 0.3827141203703704 0.06688078703703706 0.03773726851851844
25 0.19543981481481482 0.406568287037037 0.04804398148148148 0.04844328703703713
41 0.30321180555555555 0.5297627314814815 0.042025462962963014 0.052025462962962975
37 0.26743055555555556 0.5699652777777777 0.04643518518518519 0.04758101851851855
37 0.06052662037037036 0.5350925925925927 0.04368055555555557 0.05366898148148138
15 0.12004629629629629 0.5537557870370371 0.05966435185185186 0.03424768518518526
33 0.22204861111111113 0.6190162037037037 0.05006944444444441 0.056336805555555536
41 0.3219386574074074 0.6880613425925926 0.0629803240740741 0.05077546296296305
15 0.2897106481481481 0.7619386574074074 0.06325810185185184 0.05546296296296305
35 0.16895833333333332 0.6957060185185184 0.046388888888888855 0.046799768518518546
16 0.11578124999999999 0.6789293981481481 0.0424826388888889 0.04659722222222218
1 0.08207175925925926 0.622662037037037 0.044780092592592594 0.045937499999999964
6 0.20608217592592593 0.4678703703703704 0.05089699074074074 0.05715856481481474
22 0.26476851851851857 0.4724710648148148 0.04960648148148152 0.048524305555555536
6 0.1224710648148148 0.7392476851851851 0.05599537037037035 0.05119212962962969
27 0.13168981481481482 0.5925231481481481 0.05502314814814815 0.03478587962962969
27 0.15172453703703703 0.7991782407407408 0.0773148148148148 0.04295138888888879
28 0.19528356481481482 0.5747916666666667 0.06458333333333335 0.038396990740740836
23 0.24175925925925928 0.7150578703703704 0.045057870370370345 0.05062499999999996
15 0.06569444444444444 0.6880150462962963 0.05125578703703704 0.03692708333333332