21 0.6294791666666667 0.5063078703703703 0.06869791666666672 0.6660243055555556
21 0.5661805555555556 0.5066203703703704 0.06630208333333325 0.6636631944444444
21 0.50984375 0.5101099537037037 0.06925347222222218 0.6558738425925925
33 0.44607638888888895 0.5315162037037037 0.06560763888888879 0.6675636574074074
6 0.09418402777777778 0.5437557870370371 0.07046875000000001 0.6402604166666667
33 0.39057291666666666 0.5326678240740741 0.06868055555555559 0.6652430555555556
6 0.03210503472222222 0.542494212962963 0.06421006944444443 0.6410358796296297
1 0.6891840277777778 0.4919039351851852 0.07105902777777776 0.6316724537037036
1 0.7517708333333333 0.4884606481481481 0.0691319444444444 0.6152546296296295
1 0.8126388888888888 0.492037037037037 0.06930555555555565 0.6230671296296295
19 0.8771875000000001 0.47063657407407405 0.07305555555555543 0.6512152777777779
8 0.9408506944444444 0.489079861111111 0.07392361111111115 0.6551273148148148
6 0.15102430555555554 0.5176099537037037 0.056076388888888884 0.6253124999999999
27 0.2065798611111111 0.5141145833333333 0.06043402777777782 0.6105034722222221
27 0.26588541666666665 0.5176793981481481 0.0652951388888889 0.5832002314814815
27 0.32663194444444443 0.526724537037037 0.060815972222222216 0.5925405092592593