39 0.20992476851851852 0.4293344907407407 0.07932870370370368 0.5682175925925925
39 0.27061921296296293 0.4308622685185185 0.08036458333333325 0.5581423611111112
39 0.15317708333333332 0.4268229166666667 0.07969328703703704 0.5752488425925927
38 0.44532986111111106 0.4724479166666667 0.08798032407407419 0.5998321759259259
38 0.3892303240740741 0.4574363425925926 0.08223958333333332 0.5792766203703703
14 0.09173032407407408 0.4097511574074074 0.08897569444444445 0.5889756944444444
9 0.03813946759259259 0.4058391203703703 0.07627893518518518 0.5983101851851853
38 0.33054398148148145 0.44723379629629634 0.08680555555555554 0.5771759259259259
15 0.5059432870370371 0.47553819444444445 0.0791261574074074 0.5643113425925925
15 0.5652777777777778 0.47324074074074074 0.08470486111111111 0.5817418981481481
15 0.6236921296296296 0.5037152777777778 0.08490740740740747 0.5856481481481481
23 0.6826215277777777 0.5092303240740741 0.08628472222222214 0.6122106481481481
23 0.7408506944444444 0.5132233796296296 0.08487847222222218 0.5700636574074075
23 0.8030381944444442 0.5310358796296296 0.08734375000000014 0.5725289351851851
29 0.8648495370370369 0.5410763888888889 0.08546874999999972 0.5513946759259258
29 0.9257581018518518 0.5535011574074074 0.08590277777777758 0.5747916666666667