17 0.40546875 0.57265625 0.1203125 0.16953125
28 0.265625 0.67421875 0.1171875 0.175
28 0.7640625 0.2953125 0.10859375 0.1359375
28 0.59140625 0.428125 0.1125 0.146875
2 0.87265625 0.21796875 0.10390625 0.1265625
31 0.53203125 0.4734375 0.11171875 0.15078125
2 0.9234375 0.1765625 0.10390625 0.12890625
12 0.33671875 0.61953125 0.11953125 0.16015625
34 0.81875 0.259375 0.11171875 0.1390625
31 0.70859375 0.340625 0.11015625 0.1421875
22 0.46640625 0.52265625 0.1171875 0.16015625
25 0.1953125 0.73125 0.1171875 0.178125
25 0.653125 0.3859375 0.109375 0.14765625
22 0.12421875 0.80859375 0.11796875 0.190625