32 0.3546875 0.47109375 0.0515625 0.725
32 0.29375 0.465625 0.05078125 0.73515625
21 0.23046875 0.4765625 0.059375 0.72109375
33 0.16796875 0.45859375 0.05390625 0.72890625
2 0.10703125 0.45234375 0.05546875 0.6984375
34 0.04609375 0.47265625 0.05234375 0.7125
0 0.415625 0.465625 0.0546875 0.75234375
37 0.4796875 0.46015625 0.05390625 0.740625
41 0.54296875 0.47890625 0.05078125 0.70703125
39 0.6046875 0.4578125 0.04921875 0.65625
35 0.66796875 0.421875 0.05390625 0.67421875
36 0.734375 0.44296875 0.05 0.6703125
38 0.7953125 0.44375 0.05546875 0.71796875
40 0.86171875 0.43984375 0.05546875 0.7359375
13 0.92734375 0.43125 0.05703125 0.71015625