35 0.9546875 0.490625 0.053125 0.584375
37 0.74921875 0.52734375 0.059375 0.62578125
38 0.603125 0.5171875 0.0578125 0.5921875
41 0.8171875 0.50625 0.05546875 0.58125
38 0.53984375 0.52265625 0.05703125 0.58046875
39 0.88359375 0.50078125 0.05546875 0.57890625
32 0.25546875 0.58671875 0.065625 0.63515625
1 0.3296875 0.55390625 0.06484375 0.6234375
40 0.46796875 0.53203125 0.06171875 0.59296875
33 0.39765625 0.55078125 0.065625 0.61953125
36 0.67421875 0.5140625 0.0640625 0.5734375
0 0.184375 0.56875 0.065625 0.60234375
34 0.11328125 0.58671875 0.065625 0.60390625
2 0.04296875 0.5765625 0.06484375 0.58515625