26 0.17541666666666667 0.7932291666666667 0.07371527777777778 0.08177083333333339
40 0.6247569444444444 0.6715567129629629 0.08965277777777772 0.054918981481481485
11 0.3834548611111111 0.6560185185185186 0.10868055555555553 0.06255787037037042
20 0.2437152777777778 0.8232060185185185 0.0770138888888889 0.08590856481481488
15 0.31428819444444445 0.8517939814814814 0.07538194444444449 0.08423032407407405
28 0.7331597222222223 0.7278645833333333 0.11982638888888886 0.06805555555555554
29 0.10612847222222221 0.7585069444444444 0.0731076388888889 0.08561921296296297
33 0.9537456597222222 0.6191550925925926 0.0925086805555555 0.049537037037037025
2 0.32711805555555556 0.7375 0.08644097222222218 0.07025462962962958
11 0.26286458333333335 0.6758969907407407 0.11432291666666661 0.06686921296296297
2 0.6003993055555557 0.8067997685185185 0.11885416666666657 0.08122106481481488
37 0.5101909722222222 0.6692997685185185 0.11241319444444446 0.058940972222222145
1 0.24157986111111113 0.6174768518518519 0.09729166666666664 0.05159143518518512
28 0.718125 0.8100694444444445 0.12645833333333342 0.07711226851851834
30 0.6818923611111111 0.6080439814814815 0.09777777777777778 0.06252893518518512
10 0.38506944444444446 0.8850694444444442 0.07616319444444439 0.08428819444444428
1 0.3336458333333333 0.6040509259259259 0.0810590277777778 0.05428240740740744
36 0.056788194444444454 0.7346064814814814 0.05166666666666666 0.07624421296296298
17 0.9336805555555555 0.6843171296296295 0.11125000000000007 0.050289351851851904
34 0.6040451388888888 0.7136284722222223 0.11284722222222214 0.05118634259259256
28 0.8462673611111111 0.732349537037037 0.11506944444444436 0.06614583333333321
25 0.7598611111111111 0.873119212962963 0.135295138888889 0.08321759259259273
25 0.8096701388888888 0.7849247685185186 0.1281944444444445 0.08113425925925917
39 0.8484375 0.553414351851852 0.07439236111111107 0.04444444444444429
5 0.4581944444444444 0.9185185185185185 0.063923611111111 0.07170138888888893
37 0.5407118055555555 0.7603298611111111 0.07449652777777764 0.046788194444444285
39 0.13194444444444448 0.6210358796296296 0.0881423611111111 0.03845486111111107
40 0.13159722222222223 0.5781828703703704 0.09222222222222225 0.04265046296296297
16 0.041944444444444444 0.5583043981481481 0.03536458333333333 0.042332175925925954
2 0.05729166666666667 0.5181712962962963 0.06338541666666667 0.04207175925925917
31 0.13690972222222225 0.522511574074074 0.06036458333333332 0.04418402777777786
31 0.2447222222222222 0.5655381944444444 0.0821006944444445 0.0426793981481481
37 0.4140972222222222 0.5570601851851852 0.07618055555555543 0.03211805555555554
37 0.28196180555555556 0.5098958333333334 0.05125000000000002 0.03182870370370381
27 0.5434548611111112 0.5767650462962963 0.08654513888888893 0.037557870370370415
39 0.5325 0.628125 0.0811805555555555 0.03949652777777786
7 0.7195659722222223 0.6497685185185185 0.084375 0.041290509259259166
33 0.04753472222222223 0.47384259259259254 0.05451388888888888 0.03518518518518512
11 0.21814236111111113 0.4755787037037037 0.06416666666666666 0.042129629629629586
7 0.32581597222222225 0.4804398148148149 0.08175347222222218 0.0348668981481481
12 0.4013715277777778 0.4984953703703704 0.0733680555555555 0.03891782407407405
25 0.4979166666666666 0.5157696759259259 0.08291666666666657 0.04351851851851851
30 0.5810069444444445 0.5281539351851852 0.06355902777777782 0.04597800925925917
16 0.7490277777777778 0.5943287037037036 0.06977430555555557 0.04565972222222214
30 0.8017881944444444 0.5725405092592594 0.069670138888889 0.043315972222222145
40 0.9128819444444446 0.531712962962963 0.06253472222222242 0.040451388888888926
22 0.9342187500000001 0.5037037037037038 0.06836805555555543 0.0315393518518519
40 0.9334027777777777 0.46782407407407406 0.056076388888888926 0.03530092592592595
12 0.7160763888888889 0.5186921296296296 0.06630208333333343 0.03761574074074083
22 0.6420138888888889 0.4991898148148149 0.06225694444444443 0.03420138888888893
20 0.49163194444444447 0.47948495370370364 0.05706597222222225 0.04004629629629619
30 0.12539930555555556 0.45625 0.0687847222222222 0.0409143518518519
0 0.1607986111111111 0.4292824074074074 0.05859375 0.03938078703703703
31 0.04494791666666667 0.4331597222222222 0.05227430555555555 0.03735532407407405
31 0.05684027777777778 0.4028935185185185 0.0684375 0.0331018518518519
27 0.8282638888888888 0.519994212962963 0.07675347222222229 0.02748842592592595
21 0.3295138888888889 0.4410011574074074 0.07319444444444442 0.03501157407407405