26 0.859375 0.7828125 0.0703125 0.0765625
40 0.403125 0.62734375 0.0875 0.0484375
11 0.64453125 0.6296875 0.10625 0.0546875
20 0.7921875 0.8078125 0.0734375 0.08046875
15 0.72265625 0.83125 0.071875 0.07890625
28 0.296875 0.67578125 0.1171875 0.059375
29 0.92734375 0.753125 0.06953125 0.08046875
33 0.06640625 0.55 0.09921875 0.0421875
2 0.7046875 0.715625 0.08359375 0.0640625
11 0.76640625 0.65859375 0.11171875 0.05859375
2 0.43359375 0.76484375 0.115625 0.07265625
37 0.51796875 0.63359375 0.11015625 0.05078125
1 0.78515625 0.6015625 0.0953125 0.04453125
28 0.315625 0.759375 0.1234375 0.06796875
30 0.34296875 0.559375 0.0953125 0.05546875
10 0.653125 0.859375 0.07265625 0.07890625
1 0.6921875 0.58125 0.07890625 0.0484375
36 0.97578125 0.7328125 0.0484375 0.07265625
17 0.09375 0.6171875 0.109375 0.0421875
34 0.42578125 0.67109375 0.1109375 0.04296875
28 0.18359375 0.671875 0.1125 0.0578125
25 0.2765625 0.81953125 0.13203125 0.0734375
25 0.22265625 0.72734375 0.125 0.071875
39 0.1734375 0.4921875 0.07265625 0.0390625
5 0.58125 0.8875 0.0609375 0.0671875
37 0.49140625 0.72265625 0.07265625 0.04140625
39 0.8953125 0.61328125 0.08671875 0.03203125
40 0.89375 0.5703125 0.090625 0.0359375
16 0.9828125 0.55703125 0.03359375 0.03984375
2 0.965625 0.515625 0.06171875 0.0375
31 0.8859375 0.5140625 0.05859375 0.03984375
31 0.7796875 0.54921875 0.08046875 0.03671875
37 0.609375 0.528125 0.075 0.0265625
37 0.73984375 0.490625 0.05 0.028125
27 0.48046875 0.53828125 0.08515625 0.03125
39 0.49375 0.590625 0.0796875 0.03359375
7 0.30703125 0.5984375 0.0828125 0.03515625
33 0.9734375 0.471875 0.053125 0.03125
11 0.80234375 0.4609375 0.0625 0.0375
7 0.69453125 0.4578125 0.08046875 0.02890625
12 0.61953125 0.4703125 0.071875 0.03359375
25 0.5234375 0.48046875 0.08125 0.0375
30 0.440625 0.48671875 0.06171875 0.04140625
16 0.275 0.540625 0.06796875 0.040625
30 0.22109375 0.51484375 0.06796875 0.03828125
40 0.1078125 0.465625 0.0609375 0.0359375
22 0.08515625 0.4359375 0.0671875 0.0265625
40 0.084375 0.4 0.0546875 0.03125
12 0.3046875 0.4671875 0.06484375 0.0328125
22 0.378125 0.453125 0.0609375 0.0296875
20 0.528125 0.44453125 0.05546875 0.0359375
30 0.89453125 0.4484375 0.0671875 0.0359375
0 0.8578125 0.41875 0.05703125 0.03515625
31 0.97421875 0.43125 0.05078125 0.03359375
31 0.9609375 0.4 0.0671875 0.028125
27 0.1921875 0.46015625 0.07578125 0.021875
21 0.6890625 0.41796875 0.071875 0.0296875