0 0.06446759259259259 0.4901331018518518 0.07810185185185185 0.7395833333333334
5 0.1335185185185185 0.5028356481481481 0.08546296296296294 0.7773148148148149
10 0.20442708333333334 0.49921875 0.0814409722222222 0.773263888888889
23 0.2779108796296296 0.5035011574074074 0.08446759259259258 0.7437210648148149
23 0.34930555555555554 0.5162905092592593 0.08215277777777778 0.7709490740740741
23 0.4209953703703704 0.5127025462962963 0.08881944444444442 0.7852430555555555
40 0.4888715277777777 0.5120949074074074 0.0891435185185184 0.7961805555555556
40 0.5583333333333333 0.5123263888888889 0.09159722222222229 0.7736400462962962
40 0.6269675925925926 0.5109664351851851 0.0903356481481481 0.7837384259259259
38 0.6963599537037037 0.5088541666666667 0.09162037037037045 0.7744212962962964
38 0.7691782407407407 0.5170138888888889 0.09065393518518512 0.7681423611111111
38 0.8384143518518519 0.5359664351851852 0.08773726851851862 0.7750578703703704
36 0.9070486111111112 0.5346064814814815 0.08304976851851861 0.7748842592592592
36 0.9679137731481482 0.5222800925925927 0.06417245370370353 0.7192708333333334