32 0.60703125 0.4859375 0.05546875 0.37421875
23 0.296875 0.63828125 0.05703125 0.40625
26 0.10390625 0.709375 0.05625 0.39140625
23 0.425 0.56640625 0.05625 0.4171875
10 0.16640625 0.6796875 0.0609375 0.3796875
29 0.66640625 0.459375 0.05234375 0.3625
26 0.728125 0.45078125 0.05625 0.38515625
5 0.2328125 0.67421875 0.0640625 0.39140625
29 0.03828125 0.7328125 0.059375 0.4046875
0 0.3640625 0.56875 0.05703125 0.3703125
20 0.48515625 0.55078125 0.05390625 0.3890625
15 0.5484375 0.5234375 0.05625 0.38828125
0 0.7859375 0.43359375 0.053125 0.3765625
0 0.8453125 0.4109375 0.05078125 0.3859375
4 0.90625 0.4046875 0.0484375 0.38515625
3 0.9609375 0.35546875 0.0453125 0.37421875