4 0.08291666666666667 0.12914930555555557 0.08822337962962963 0.18817708333333333
27 0.15780671296296295 0.1889988425925926 0.07766203703703703 0.2070138888888889
27 0.23603587962962963 0.21258680555555554 0.07526620370370374 0.1928587962962963
27 0.3080729166666667 0.2639814814814815 0.08376736111111108 0.19180555555555562
1 0.38755208333333335 0.30866319444444446 0.08109953703703701 0.18619791666666669
1 0.46532986111111113 0.35109375000000004 0.08119212962962977 0.1877604166666667
1 0.5444849537037036 0.390306712962963 0.07673611111111107 0.19138888888888878
11 0.6204224537037037 0.42814236111111104 0.07347800925925921 0.2020949074074075
11 0.5911458333333334 0.6352835648148148 0.08516203703703695 0.22847800925925926
16 0.7039467592592592 0.47493634259259265 0.07651041666666672 0.20071759259259245
16 0.6710011574074073 0.6995428240740741 0.08520833333333329 0.22925925925925927
21 0.7847511574074073 0.5022916666666667 0.08133680555555553 0.20333912037037044
21 0.7603125000000001 0.7381539351851851 0.09228587962962961 0.2304571759259259
24 0.8947800925925925 0.6259143518518518 0.08483217592592567 0.2097743055555556
24 0.9704456018518519 0.6567592592592593 0.059108796296296263 0.2073842592592591