28 0.07899305555555555 0.5828182870370371 0.08378472222222225 0.6554976851851853
28 0.14463541666666666 0.6017476851851852 0.08543402777777778 0.6750405092592594
28 0.20815972222222223 0.5730208333333333 0.08125 0.6687326388888888
22 0.2714930555555556 0.5575636574074074 0.07510416666666667 0.6358506944444444
22 0.33496527777777774 0.5452314814814815 0.08057291666666666 0.600798611111111
37 0.39968750000000003 0.5610243055555555 0.07401041666666668 0.5936747685185185
37 0.4641840277777778 0.5541724537037036 0.07100694444444447 0.5787962962962963
37 0.5280729166666667 0.5512152777777778 0.0765625 0.5983969907407408
41 0.5888888888888889 0.5318171296296296 0.07588541666666657 0.6007291666666668
41 0.6536631944444444 0.5312152777777778 0.07694444444444457 0.6069907407407407
41 0.7169791666666667 0.49780092592592595 0.07947916666666668 0.6288888888888888
40 0.7806423611111111 0.5424652777777779 0.08093749999999993 0.6617013888888887
40 0.8452604166666667 0.5559143518518519 0.07928819444444457 0.6421585648148147
40 0.9073784722222221 0.5131134259259259 0.08133680555555571 0.653119212962963
4 0.9631380208333333 0.51796875 0.07372395833333342 0.6876099537037035