1 0.05821759259259259 0.47082754629629625 0.06721643518518519 0.5331250000000001
6 0.12457175925925927 0.4758912037037037 0.06497685185185187 0.5471180555555556
11 0.1965104166666667 0.4651678240740741 0.07329861111111109 0.5106539351851852
16 0.26555555555555554 0.5287326388888889 0.0644039351851852 0.5752199074074074
21 0.3313194444444444 0.5080381944444444 0.0649131944444445 0.5385243055555555
24 0.39600115740740743 0.5279918981481482 0.06721643518518512 0.5331250000000001
27 0.4638599537037037 0.5408217592592592 0.0697106481481482 0.5535069444444446
27 0.5341782407407407 0.4325115740740741 0.06523148148148153 0.5814930555555555
27 0.6055671296296297 0.39056134259259256 0.06045138888888886 0.5688541666666667
37 0.6692071759259259 0.4456944444444445 0.0627199074074074 0.558767361111111
37 0.7360590277777778 0.4890162037037037 0.07218750000000007 0.5715451388888889
37 0.8012673611111112 0.43787615740740743 0.0641435185185184 0.5400636574074074
40 0.8677083333333334 0.4312210648148148 0.0637905092592593 0.5978530092592592
40 0.9335995370370369 0.39333912037037033 0.06823495370370339 0.5651793981481481