34 0.05336226851851852 0.35225694444444444 0.06780671296296296 0.41185185185185186
34 0.11977430555555554 0.4036053240740741 0.06634837962962963 0.4188599537037037
34 0.18446180555555555 0.4659143518518518 0.06738425925925928 0.4360590277777778
28 0.25100694444444444 0.45555555555555555 0.061249999999999985 0.44377893518518513
28 0.31603587962962965 0.4420949074074074 0.06717013888888887 0.4743287037037037
28 0.3830381944444444 0.45359953703703704 0.06852430555555547 0.4602893518518519
22 0.4498090277777777 0.4807291666666667 0.06753472222222215 0.4462152777777778
22 0.51671875 0.49848379629629636 0.06635416666666671 0.4719733796296296
22 0.5829398148148148 0.51 0.06936342592592588 0.464207175925926
7 0.6511342592592593 0.5464814814814815 0.0694212962962963 0.468113425925926
7 0.7196875 0.558744212962963 0.06981481481481495 0.49467592592592596
7 0.788449074074074 0.5569444444444445 0.07189236111111104 0.47674189814814805
2 0.8557118055555556 0.6035937499999999 0.07123842592592596 0.48532407407407413
2 0.9277893518518517 0.6415798611111112 0.0707928240740742 0.5079687500000001