24 0.9469560185185184 0.521875 0.06492476851851876 0.74375
24 0.8803182870370371 0.5375 0.06823495370370374 0.75625
24 0.29052083333333334 0.534375 0.06567129629629634 0.74140625
24 0.09792824074074075 0.56171875 0.06135995370370371 0.7140625
16 0.48306712962962967 0.51015625 0.06990740740740745 0.7109375
16 0.42069444444444437 0.5015625 0.06901041666666678 0.703125
16 0.22951388888888888 0.5390625 0.06385416666666668 0.72421875
21 0.35379050925925926 0.53515625 0.0681886574074074 0.753125
21 0.1611863425925926 0.56328125 0.0713136574074074 0.753125
6 0.6113541666666666 0.49921875 0.07117476851851841 0.74375
11 0.545474537037037 0.51640625 0.07219907407407397 0.76015625
27 0.8143518518518519 0.5078125 0.06372685185185176 0.715625
30 0.7481423611111111 0.49453125 0.07090856481481467 0.72578125
33 0.6761631944444444 0.5015625 0.07098958333333343 0.73125
13 0.034033564814814815 0.565625 0.06806712962962963 0.72265625