37 0.9662962962962963 0.5609780092592593 0.060839120370370384 0.6228645833333333
37 0.9046759259259259 0.5779166666666666 0.06478009259259246 0.6277835648148148
41 0.8399421296296297 0.5966030092592592 0.06699652777777772 0.6107349537037037
39 0.7669618055555556 0.5571585648148147 0.06460648148148156 0.6043460648148148
35 0.7044097222222222 0.5538310185185186 0.06458333333333321 0.6012210648148149
0 0.6364120370370371 0.5539525462962963 0.07146990740740744 0.5821064814814815
32 0.5708506944444445 0.5664351851851851 0.06378472222222217 0.5988310185185185
1 0.5058564814814815 0.5499652777777778 0.06903935185185191 0.5702488425925927
33 0.44333333333333336 0.5505439814814814 0.06075231481481484 0.6111458333333333
2 0.37759837962962967 0.5395891203703703 0.07059606481481477 0.5695601851851851
34 0.3121643518518519 0.5692592592592592 0.06716435185185184 0.6333912037037036
40 0.24739004629629627 0.5824768518518519 0.06478587962962959 0.6285648148148149
38 0.17943287037037037 0.5880671296296296 0.06410879629629629 0.6425810185185187
36 0.11384837962962964 0.5974247685185186 0.06844907407407405 0.5959837962962965
9 0.04528356481481481 0.6264988425925926 0.06881944444444446 0.6459837962962963