18 0.5515104166666667 0.5050289351851852 0.060989583333333285 0.08609953703703699
20 0.7859895833333334 0.48957754629629624 0.07041666666666675 0.08743634259259245
11 0.38041666666666674 0.515167824074074 0.06526041666666664 0.09179976851851848
16 0.081875 0.5344155092592593 0.07369791666666667 0.08996527777777778
15 0.7281770833333333 0.49300347222222224 0.06812499999999985 0.08807870370370381
34 0.4968229166666667 0.508269675925926 0.06104166666666657 0.08688078703703699
10 0.6134375000000001 0.4982465277777777 0.06338541666666657 0.08701967592592581
3 0.19994791666666667 0.5258622685185185 0.07052083333333332 0.08899884259259264
22 0.03104166666666667 0.5387152777777778 0.06208333333333334 0.09185185185185177
4 0.31703125 0.5204803240740741 0.06572916666666666 0.0871585648148148
13 0.14276041666666667 0.5315856481481481 0.07052083333333332 0.08899884259259264
9 0.6704166666666667 0.49564814814814817 0.06567708333333329 0.08637731481481481
6 0.8439062499999999 0.48458912037037044 0.07208333333333314 0.08909143518518511
21 0.9018229166666668 0.4796006944444445 0.07687499999999972 0.09093171296296294
37 0.4374479166666667 0.5117881944444445 0.0619270833333335 0.08848958333333332
36 0.2583854166666667 0.5247337962962962 0.06838541666666664 0.09198495370370381