9 0.528125 0.22890625 0.0625 0.07890625
18 0.5265625 0.38515625 0.0640625 0.075
4 0.52890625 0.69765625 0.06171875 0.078125
11 0.5296875 0.615625 0.06328125 0.0734375
34 0.53046875 0.4609375 0.06328125 0.0765625
13 0.53125 0.9359375 0.0625 0.0796875
15 0.528125 0.1546875 0.06640625 0.078125
3 0.5296875 0.85625 0.06484375 0.07734375
10 0.52890625 0.30703125 0.06328125 0.0734375
20 0.528125 0.071875 0.06328125 0.075
37 0.5296875 0.53984375 0.0625 0.075
36 0.53125 0.77578125 0.0625 0.07734375
16 0.53046875 0.98671875 0.06328125 0.0265625
6 0.5265625 0.01796875 0.06484375 0.0359375