18 0.43984375 0.4125 0.08515625 0.096875
9 0.33671875 0.3359375 0.08671875 0.09765625
20 0.2359375 0.25859375 0.0859375 0.0953125
22 0.89609375 0.765625 0.08125 0.1171875
13 0.79453125 0.6828125 0.07734375 0.103125
22 0.9734375 0.8390625 0.053125 0.10234375
11 0.58984375 0.52734375 0.08671875 0.1046875
16 0.8453125 0.72421875 0.08203125 0.11171875
10 0.38984375 0.375 0.084375 0.096875
34 0.48984375 0.44765625 0.08359375 0.1
15 0.28671875 0.29453125 0.0875 0.096875
6 0.18359375 0.22109375 0.09140625 0.10078125
37 0.540625 0.4875 0.0828125 0.1
21 0.02890625 0.0984375 0.0578125 0.115625
21 0.1359375 0.18125 0.09609375 0.1015625
36 0.69453125 0.60390625 0.08359375 0.1046875
3 0.740625 0.6453125 0.078125 0.10390625
4 0.6421875 0.56484375 0.084375 0.10390625