18 0.47265625 0.6171875 0.0671875 0.07734375
4 0.4703125 0.303125 0.0625 0.0796875
13 0.4734375 0.06953125 0.0609375 0.084375
9 0.47421875 0.77265625 0.06171875 0.0765625
11 0.475 0.3875 0.06171875 0.07421875
10 0.47265625 0.6984375 0.0625 0.07265625
20 0.47734375 0.93046875 0.06328125 0.07421875
3 0.471875 0.15078125 0.06328125 0.08125
34 0.471875 0.54296875 0.0625 0.0765625
15 0.4765625 0.853125 0.0640625 0.0765625
37 0.47578125 0.46171875 0.06328125 0.07421875
36 0.47421875 0.228125 0.0609375 0.08203125
16 0.471875 0.015625 0.0625 0.03125
6 0.47578125 0.98515625 0.06640625 0.0296875