18 0.4817997685185185 0.5891782407407408 0.06833333333333336 0.08132523148148145
4 0.47480324074074076 0.27525462962962965 0.06368055555555543 0.08339120370370363
13 0.4744675925925925 0.042734375000000005 0.06218749999999993 0.08546875000000001
9 0.48566550925925933 0.7445543981481482 0.0628530092592591 0.08021990740740748
11 0.4807407407407407 0.3593518518518518 0.06281828703703703 0.07787615740740747
10 0.4830034722222222 0.6704282407407407 0.06357638888888886 0.07635995370370363
20 0.49112847222222217 0.9021817129629628 0.06438078703703702 0.07796875000000014
3 0.4741087962962963 0.12281828703703704 0.06448495370370377 0.085
34 0.4799189814814815 0.515005787037037 0.06363425925925928 0.08026620370370381
15 0.4892013888888889 0.8248842592592591 0.06519675925925927 0.08035879629629647
37 0.4826215277777778 0.4335243055555556 0.06438078703703702 0.07796874999999996
36 0.47759837962962964 0.20002314814814817 0.062152777777777855 0.08564236111111115
16 0.4721064814814815 0.0025694444444444462 0.06296296296296297 0.0051388888888888925
6 0.49037615740740736 0.9569618055555555 0.06684606481481481 0.03362268518518548