18 0.7929398148148149 0.6241145833333334 0.06452546296296298 0.09958333333333336
20 0.9634259259259259 0.6363715277777778 0.06681134259259239 0.09812499999999993
28 0.31707175925925923 0.5795659722222222 0.06455439814814809 0.10036458333333335
34 0.6162037037037037 0.6115798611111112 0.06530671296296298 0.09961805555555543
23 0.14105902777777776 0.5655034722222222 0.06924189814814818 0.10057291666666668
33 0.2584490740740741 0.5761805555555556 0.061284722222222233 0.09631944444444436
12 0.73515625 0.6223263888888889 0.06617476851851851 0.10199652777777786
40 0.49484953703703705 0.5991666666666667 0.0606481481481481 0.10019097222222229
39 0.8484085648148149 0.6265798611111111 0.06371527777777786 0.0987673611111111
19 0.20037615740740738 0.566579861111111 0.061284722222222233 0.09631944444444436
31 0.08081597222222223 0.5604861111111111 0.06689814814814814 0.10046874999999993
6 0.9063078703703702 0.6314930555555556 0.06993634259259238 0.09826388888888893
21 0.5566840277777778 0.6050347222222222 0.06377314814814809 0.10032986111111111
37 0.6763020833333333 0.6126909722222222 0.06296296296296297 0.09951388888888886
25 0.378125 0.5853993055555555 0.06296296296296297 0.09951388888888886
35 0.43524305555555554 0.5902777777777778 0.062268518518518515 0.10182291666666661