18 0.4106828703703703 0.8546643518518519 0.09674768518518526 0.09828703703703709
12 0.4382638888888889 0.7855208333333333 0.10078125 0.10693865740740734
34 0.49809027777777776 0.6487268518518519 0.09773726851851858 0.112361111111111
23 0.7267824074074074 0.07983796296296297 0.09223379629629633 0.10993634259259259
40 0.5533680555555556 0.5026273148148148 0.09611689814814817 0.10843171296296283
21 0.5273379629629631 0.5725289351851852 0.10166666666666657 0.1139814814814816
37 0.4690162037037037 0.7132060185185185 0.09770254629629634 0.110017361111111
28 0.6400289351851851 0.2943576388888889 0.09696759259259266 0.11313078703703701
19 0.6975578703703704 0.15447337962962965 0.09219907407407409 0.1075925925925926
33 0.6684606481481481 0.22051504629629629 0.09776041666666657 0.11392361111111118
31 0.7579687500000001 0.036125578703703705 0.09260995370370359 0.07225115740740741
39 0.3800462962962963 0.9191666666666667 0.09755208333333325 0.099861111111111
25 0.6093460648148149 0.3619849537037037 0.09855324074074083 0.11471643518518518
35 0.582488425925926 0.43502314814814813 0.10086226851851858 0.11240740740740733
6 0.35045717592592596 0.9656886574074075 0.10241898148148146 0.05931712962962976