20 0.9225636574074073 0.4295659722222222 0.06826388888888886 0.09749999999999996
18 0.7504050925925926 0.43121527777777774 0.06583912037037046 0.09588541666666668
12 0.6941550925925926 0.4299652777777778 0.06756365740740726 0.09904513888888893
23 0.09890625 0.44567708333333333 0.06990740740740739 0.09909722222222221
34 0.5746643518518518 0.42652777777777773 0.06760416666666665 0.09982638888888892
40 0.45600694444444445 0.4371875 0.06287615740740744 0.09894097222222217
33 0.21567708333333332 0.4412326388888889 0.06279513888888885 0.09737847222222218
6 0.8646701388888889 0.42984375 0.06826388888888886 0.09749999999999996
31 0.037928240740740735 0.4451041666666667 0.06686342592592594 0.10059027777777771
28 0.2758333333333333 0.4425694444444444 0.06361689814814815 0.09817708333333322
19 0.15675925925925926 0.4461805555555555 0.06435763888888886 0.09741319444444443
39 0.8067766203703703 0.4301215277777778 0.06431712962962984 0.09663194444444442
21 0.5141840277777778 0.4314409722222223 0.06534143518518523 0.10133680555555565
37 0.6337962962962963 0.43253472222222217 0.06513888888888886 0.09743055555555565
25 0.3360706018518519 0.44234375000000004 0.06279513888888885 0.09737847222222218
35 0.3956076388888889 0.4405381944444445 0.06361689814814815 0.09817708333333322