18 0.43201388888888886 0.1607465277777778 0.07600694444444453 0.08376736111111112
12 0.43038194444444444 0.2341840277777778 0.07928819444444439 0.09093750000000007
34 0.42755208333333333 0.39671875 0.07449652777777782 0.08604166666666666
40 0.43182291666666667 0.5564409722222223 0.07432291666666657 0.07822916666666657
28 0.4336979166666667 0.7887847222222222 0.07593750000000003 0.08064236111111107
33 0.43192708333333335 0.8684722222222223 0.07430555555555554 0.07744791666666657
37 0.43095486111111114 0.31397569444444445 0.07590277777777779 0.07907986111111107
19 0.4341145833333333 0.9459895833333334 0.07034722222222226 0.07493055555555586
21 0.4305381944444444 0.4734895833333333 0.07902777777777778 0.07921875000000007
39 0.4352083333333333 0.08737847222222223 0.07281250000000003 0.08050347222222223
25 0.4330555555555556 0.7121180555555556 0.07355902777777779 0.0789756944444445
35 0.43253472222222217 0.6299826388888888 0.07434027777777778 0.07901041666666657
15 0.4343576388888889 0.9944965277777778 0.07253472222222221 0.0110069444444445
1 0.43251736111111116 0.032517361111111115 0.07246527777777771 0.029756944444444444