18 0.7533275462962964 0.366869212962963 0.08862847222222214 0.11796875
20 0.9066261574074075 0.25118634259259254 0.08949652777777786 0.12034143518518511
12 0.7010706018518518 0.40859375 0.09577546296296298 0.12135416666666661
23 0.16157407407407406 0.7983796296296296 0.10095486111111111 0.11374421296296297
6 0.855295138888889 0.2889756944444445 0.09117476851851833 0.12352430555555553
34 0.5958622685185185 0.48972800925925924 0.09490740740740744 0.1189814814814815
40 0.4839409722222222 0.5625289351851852 0.0948206018518519 0.11663773148148149
28 0.32207754629629626 0.6777488425925926 0.09646990740740743 0.11903935185185191
33 0.26828703703703705 0.71875 0.09646990740740743 0.11903935185185191
19 0.2130497685185185 0.7566840277777779 0.09782986111111107 0.11362847222222214
21 0.53828125 0.5277488425925926 0.09890046296296298 0.12146990740740726
37 0.6466435185185185 0.4457175925925926 0.0940393518518519 0.1166087962962962
31 0.10856481481481481 0.8393518518518519 0.09869791666666665 0.11600115740740727
39 0.8023726851851851 0.32760416666666664 0.08871527777777785 0.1203125
31 0.024385127314814813 0.9250578703703705 0.048770254629629625 0.12329282407407405
35 0.43104745370370373 0.6003761574074075 0.09577546296296298 0.12135416666666679
25 0.37722800925925926 0.6421585648148148 0.09484953703703702 0.11741898148148149