0 0.4678703703703704 0.5755787037037037 0.08044560185185183 0.10824652777777785
17 0.5503472222222222 0.41597222222222224 0.08038773148148141 0.10043402777777768
12 0.6476331018518519 0.5787326388888889 0.0600752314814816 0.09892939814814809
3 0.41927662037037033 0.5930844907407408 0.08045717592592591 0.10980902777777786
29 0.6155555555555556 0.4770833333333334 0.08037037037037038 0.09809027777777786
22 0.46940393518518525 0.47407407407407404 0.05302083333333343 0.09528356481481488
16 0.5389236111111111 0.480787037037037 0.07962384259259263 0.10271990740740744
30 0.586111111111111 0.5475983796296295 0.07803240740740733 0.09869791666666679
23 0.5445949074074073 0.6649016203703704 0.0803877314814816 0.10043402777777785
10 0.5219328703703704 0.5584780092592593 0.07887731481481489 0.10734953703703702
15 0.5321527777777778 0.7616898148148148 0.058547453703703664 0.10350115740740744
6 0.3906365740740741 0.6605324074074075 0.07890046296296287 0.11047453703703702
40 0.5800752314814815 0.623755787037037 0.08197916666666671 0.10445601851851852
28 0.46328125 0.6674768518518519 0.07008680555555565 0.08015046296296298
36 0.5071643518518518 0.8638020833333332 0.07967013888888878 0.10896990740740761
31 0.5805555555555555 0.7699652777777779 0.056197916666666715 0.10254629629629619
37 0.4682118055555556 0.7405381944444445 0.07245370370370381 0.08344907407407405
39 0.39851851851851855 0.7572627314814815 0.07637152777777781 0.08530092592592595