2 0.0453125 0.44453125 0.06796875 0.4015625
2 0.11875 0.453125 0.0609375 0.384375
2 0.18984375 0.48046875 0.06171875 0.3453125
7 0.26640625 0.47109375 0.07265625 0.33515625
12 0.33984375 0.4796875 0.06171875 0.36171875
17 0.41015625 0.515625 0.05859375 0.346875
22 0.478125 0.5265625 0.059375 0.353125
25 0.54921875 0.5421875 0.06171875 0.34140625
28 0.6171875 0.5734375 0.05703125 0.34375
31 0.68359375 0.6 0.05546875 0.3453125
31 0.75234375 0.6296875 0.0578125 0.34453125
34 0.82265625 0.6421875 0.06015625 0.31875
34 0.8921875 0.678125 0.0609375 0.30546875
34 0.95546875 0.7515625 0.0609375 0.33203125