32 0.3439409722222222 0.5345486111111111 0.06387152777777771 0.09961805555555543
29 0.4110069444444445 0.5430034722222222 0.06708333333333343 0.10366319444444443
11 0.8403819444444445 0.6113541666666666 0.07041666666666657 0.11317708333333343
21 0.21612847222222223 0.5147916666666668 0.055937500000000015 0.09380208333333329
26 0.48109375 0.5562847222222222 0.06475694444444428 0.10434027777777785
7 0.6150694444444444 0.5802256944444444 0.07111111111111104 0.1093055555555555
12 0.5449479166666666 0.5685069444444444 0.067829861111111 0.10213541666666667
16 0.2824305555555556 0.5224305555555555 0.06465277777777781 0.09965277777777785
16 0.7632291666666667 0.5993229166666667 0.07512152777777778 0.11416666666666657
24 0.1544097222222222 0.5120486111111111 0.05977430555555556 0.09085069444444435
2 0.6906944444444445 0.590625 0.07503472222222207 0.11026041666666657
6 0.9204340277777778 0.6336805555555556 0.07437499999999986 0.1156944444444445
35 0.031718750000000004 0.5003125 0.06343750000000001 0.09965277777777785
35 0.09354166666666666 0.5062152777777778 0.055781250000000004 0.08677083333333328