26 0.46244791666666674 0.3287037037037037 0.06234375000000014 0.06968171296296291
0 0.45515625000000004 0.18424189814814812 0.061875000000000034 0.07434606481481483
41 0.49859375000000006 0.9410648148148149 0.057239583333333496 0.0749884259259261
4 0.47234374999999995 0.4654456018518518 0.05906249999999993 0.06724537037037023
29 0.4591145833333333 0.2553125 0.0640625 0.07207175925925924
3 0.46697916666666667 0.39667245370370374 0.06057291666666664 0.06651041666666657
38 0.4866666666666667 0.7387673611111112 0.06104166666666657 0.07354166666666657
36 0.49109374999999994 0.8051736111111112 0.059687500000000074 0.07662037037037024
2 0.45375 0.11636574074074076 0.06161458333333343 0.08213541666666666
1 0.4783854166666666 0.6028530092592593 0.059791666666666646 0.06648726851851841
24 0.47401041666666666 0.5372280092592593 0.06046875000000007 0.06494791666666658
7 0.48369791666666667 0.6708449074074074 0.06083333333333325 0.07041666666666657
14 0.5003645833333333 0.9841550925925926 0.05916666666666668 0.03168981481481481
5 0.4955208333333333 0.8715798611111112 0.06104166666666657 0.07354166666666657
30 0.4490625 0.04605324074074074 0.06453124999999993 0.0674074074074074