26 0.5980034722222223 0.32666666666666666 0.07479166666666667 0.0930381944444445
14 0.15836805555555555 0.6670138888888889 0.07934027777777777 0.08376736111111108
17 0.8290277777777778 0.14803819444444444 0.07337962962962977 0.10315972222222225
17 0.9703298611111112 0.03759548611111111 0.059340277777777575 0.07519097222222222
29 0.6451851851851852 0.2935763888888889 0.0763310185185185 0.09151041666666666
30 0.7858101851851853 0.18494791666666666 0.079548611111111 0.09782986111111111
24 0.46125 0.4328645833333333 0.07789351851851851 0.091545138888889
0 0.6892418981481481 0.26055555555555554 0.07710069444444442 0.09074652777777778
3 0.5516608796296296 0.36364583333333333 0.07557291666666668 0.09305555555555553
2 0.7371354166666666 0.22276041666666666 0.08191550925925917 0.09944444444444445
41 0.19777199074074076 0.6364409722222222 0.0809490740740741 0.0869270833333335
38 0.3322395833333333 0.5342013888888889 0.07943287037037035 0.09001736111111107
7 0.3762847222222222 0.5003993055555556 0.07947916666666668 0.09314236111111107
1 0.4172048611111111 0.4666666666666666 0.07788194444444443 0.090763888888889
36 0.28741319444444446 0.5680208333333333 0.0818113425925926 0.09241319444444436
5 0.24263310185185186 0.6049652777777779 0.07859375000000002 0.08609374999999986
4 0.5084201388888889 0.39899305555555553 0.0771354166666665 0.09309027777777779