13 0.49765625 0.4828125 0.059375 0.08515625
14 0.946875 0.41796875 0.06796875 0.08203125
32 0.6171875 0.4765625 0.06015625 0.08828125
16 0.4390625 0.484375 0.06015625 0.0875
15 0.2578125 0.49140625 0.06640625 0.0859375
11 0.06796875 0.49375 0.075 0.09140625
10 0.1296875 0.49453125 0.06953125 0.0875
9 0.55703125 0.48046875 0.06015625 0.084375
41 0.890625 0.4203125 0.065625 0.08359375
27 0.31953125 0.4890625 0.06328125 0.0890625
22 0.37890625 0.48359375 0.0625 0.0890625
38 0.7265625 0.42421875 0.06015625 0.08359375
8 0.19140625 0.49296875 0.06796875 0.08671875
7 0.675 0.42421875 0.05546875 0.08359375
5 0.83671875 0.421875 0.06171875 0.0828125
36 0.78203125 0.421875 0.06328125 0.0859375