14 0.7796180555555555 0.011685474537037038 0.09357638888888893 0.023370949074074075
13 0.5314409722222223 0.4839236111111111 0.09201388888888892 0.10674768518518522
22 0.4766145833333333 0.6250347222222222 0.09793402777777764 0.11722800925925939
10 0.3608854166666667 0.9115335648148148 0.09508680555555556 0.12329282407407405
16 0.5078993055555555 0.5534664351851852 0.09932291666666657 0.11341435185185186
32 0.58875 0.34579861111111115 0.0941493055555556 0.10219907407407405
27 0.4499826388888889 0.6955439814814814 0.09793402777777782 0.1172280092592592
9 0.5636458333333334 0.4154340277777778 0.09822916666666667 0.10633680555555554
38 0.676423611111111 0.23877314814814815 0.09309027777777779 0.09590277777777781
8 0.38840277777777776 0.8433217592592592 0.09281249999999996 0.12471643518518505
41 0.7501562500000001 0.04719328703703705 0.09036458333333322 0.08717013888888889
36 0.7034027777777778 0.1760763888888889 0.09291666666666672 0.09199652777777781
15 0.4194097222222222 0.7655034722222223 0.09828124999999996 0.12504050925925939
7 0.6542013888888889 0.3027546296296296 0.09085069444444435 0.09810763888888889
5 0.7271527777777778 0.11122106481481482 0.09277777777777771 0.0888715277777778