17 0.17482060185185183 0.9324652777777779 0.09931134259259258 0.12234375000000028
29 0.32450231481481484 0.6852951388888889 0.09063078703703704 0.11024305555555554
30 0.20315972222222226 0.8571875 0.1016319444444445 0.1193229166666665
0 0.27487268518518515 0.7330729166666666 0.0992592592592592 0.11531249999999993
3 0.33875578703703707 0.6062673611111111 0.0922280092592592 0.11500000000000003
2 0.24020833333333336 0.7979166666666666 0.10085648148148145 0.12006944444444442
4 0.35695601851851855 0.5328819444444445 0.09455439814814817 0.11276041666666678
41 0.5464641203703703 0.07427083333333333 0.08822337962962976 0.10154513888888887
36 0.5005844907407407 0.20656249999999998 0.09529513888888878 0.10732638888888886
1 0.4255324074074074 0.40706597222222224 0.09533564814814817 0.11279513888888885
7 0.4531770833333333 0.34347222222222223 0.09455439814814817 0.1127604166666667
38 0.4729513888888889 0.27171875 0.09295717592592592 0.1080034722222222
5 0.5336921296296296 0.14243055555555556 0.09607638888888878 0.1073611111111111
24 0.3979166666666667 0.47456597222222224 0.09534722222222225 0.11435763888888886