26 0.9689207175925926 0.6604340277777778 0.06215856481481481 0.09853587962962962
17 0.10075231481481481 0.6709722222222222 0.06681712962962964 0.10012152777777779
41 0.8587037037037037 0.6620891203703704 0.06350694444444435 0.09695023148148145
38 0.6892129629629629 0.6520891203703704 0.0636921296296297 0.10007523148148145
3 0.39633101851851854 0.6446990740740741 0.06534722222222218 0.10166087962962962
2 0.22060185185185183 0.6613773148148148 0.06598958333333335 0.0993287037037037
29 0.33487847222222217 0.6237152777777778 0.06456597222222218 0.10164930555555571
24 0.5141145833333333 0.6398263888888889 0.06208333333333336 0.09927083333333328
1 0.5746412037037036 0.6451851851851852 0.06359953703703702 0.09851273148148146
30 0.1594849537037037 0.6724479166666667 0.0652546296296296 0.10009837962962961
7 0.6303819444444445 0.6357581018518519 0.064704861111111 0.10399305555555553
4 0.45658564814814817 0.6586631944444445 0.06281828703703703 0.09850115740740754
5 0.8022164351851853 0.6457233796296296 0.066128472222222 0.1016724537037037
36 0.744681712962963 0.6512673611111112 0.06438078703703702 0.09852430555555554
0 0.2772627314814815 0.6542824074074074 0.0636921296296297 0.10007523148148145
14 0.9160127314814815 0.6659317129629629 0.06732060185185204 0.09544560185185187