3 0.4030555555555555 0.31772569444444443 0.07918402777777764 0.0771238425925926
29 0.41357638888888887 0.2381423611111111 0.07914930555555558 0.0763425925925926
4 0.3939583333333333 0.3941956018518519 0.07907986111111107 0.07478009259259259
0 0.38894097222222224 0.1582986111111111 0.07918402777777782 0.0771238425925926
24 0.4122395833333333 0.47164930555555556 0.0789756944444445 0.0724363425925926
41 0.4123090277777778 0.9300925925925927 0.07052083333333332 0.07549768518518504
2 0.38234375 0.08015046296296295 0.07939236111111114 0.0818113425925926
1 0.4117708333333333 0.5489641203703703 0.07822916666666657 0.07321180555555565
38 0.41164930555555557 0.7043807870370371 0.07836805555555557 0.07633680555555564
5 0.42140625 0.853622685185185 0.07755208333333333 0.07554976851851833
7 0.4182986111111111 0.6255497685185185 0.07989583333333332 0.07556712962962955
36 0.41576388888888893 0.779386574074074 0.07534722222222215 0.07865740740740748
30 0.3718923611111111 0.020717592592592593 0.08050347222222225 0.03652199074074074
14 0.4139583333333333 0.9832696759259261 0.07347222222222224 0.033460648148147955