26 0.5406539351851851 0.5292708333333334 0.0658275462962962 0.07789930555555565
16 0.44360532407407405 0.23366319444444444 0.08859953703703702 0.10102430555555557
9 0.3475405092592593 0.19944444444444445 0.08874421296296298 0.0924479166666667
0 0.40949074074074077 0.8315451388888888 0.08764467592592595 0.09866319444444435
13 0.5103877314814815 0.11385416666666667 0.06576967592592595 0.11923611111111114
14 0.4616898148148148 0.6550694444444445 0.08365162037037041 0.10793402777777779
41 0.26739004629629626 0.5842361111111111 0.11802662037037041 0.15081597222222226
29 0.4566261574074074 0.7551215277777776 0.08038194444444428 0.0953819444444445
15 0.36192129629629627 0.5229513888888888 0.08258101851851851 0.1250694444444445
22 0.3661747685185185 0.3281944444444444 0.09499421296296298 0.09258680555555561
30 0.3775173611111111 0.9517664930555554 0.09291087962962967 0.09646701388888915
17 0.4659722222222221 0.9715321180555556 0.05190972222222214 0.05693576388888886
32 0.43246527777777777 0.41574652777777776 0.08764467592592595 0.09866319444444435
11 0.37300347222222224 0.7219618055555556 0.09053819444444447 0.09560763888888886
2 0.4461805555555555 0.9067013888888888 0.08938078703703703 0.12210069444444435
3 0.544241898148148 0.4174479166666667 0.07974537037037024 0.10784722222222225
27 0.47511574074074076 0.49494791666666665 0.08553240740740745 0.10173611111111107
1 0.563744212962963 0.1752951388888889 0.06724537037037041 0.08651041666666667
10 0.2849247685185185 0.9558463541666666 0.0875289351851852 0.08830729166666665
24 0.5549479166666667 0.25178819444444445 0.06426504629629619 0.0778645833333333
5 0.38408564814814816 0.054704861111111114 0.10057870370370373 0.09427083333333333
19 0.5008680555555556 0.3374479166666666 0.07942708333333322 0.09302083333333329
7 0.5885706018518518 0.09368055555555556 0.05023148148148149 0.10953125000000001
8 0.3285011574074074 0.815659722222222 0.10049189814814818 0.103628472222222