26 0.4752777777777778 0.39230902777777776 0.07079861111111115 0.09320601851851844
16 0.3534895833333333 0.6793634259259259 0.09480902777777774 0.11933449074074076
10 0.8854166666666667 0.42061921296296295 0.11359374999999972 0.12117476851851858
17 0.7969618055555555 0.2031076388888889 0.09895833333333322 0.09518518518518518
29 0.6619097222222223 0.35046875 0.07394097222222236 0.09403356481481477
0 0.7301736111111111 0.3627430555555556 0.07791666666666668 0.09721643518518519
9 0.3875868055555556 0.8070254629629628 0.09520833333333334 0.13730324074074077
11 0.6864409722222222 0.46967592592592594 0.08916666666666657 0.11144097222222235
41 0.6563888888888888 0.6647164351851852 0.10782986111111122 0.1078125
3 0.40706597222222224 0.4527141203703703 0.08222222222222228 0.08009837962962969
4 0.38430555555555557 0.5538657407407408 0.08668402777777776 0.10515624999999992
15 0.5673958333333333 0.5988252314814815 0.1075520833333334 0.1304571759259261
14 0.5944444444444444 0.40929976851851857 0.06131944444444457 0.08837962962962961
24 0.30359375 0.5441203703703704 0.07567708333333334 0.10186921296296295
30 0.8285069444444444 0.32142939814814814 0.08256944444444443 0.0957233796296296
2 0.7532465277777778 0.27565393518518516 0.09965277777777785 0.09129050925925926
22 0.45348958333333333 0.7130497685185185 0.1030555555555555 0.13898148148148143
32 0.4669965277777777 0.5823379629629629 0.09307291666666657 0.1114988425925926
27 0.49151041666666667 0.48975694444444445 0.08963541666666668 0.09739004629629626
13 0.24319444444444444 0.6747453703703703 0.07619791666666664 0.09016203703703703
8 0.7622222222222221 0.4685532407407408 0.09253472222222214 0.12242476851851851
38 0.13907986111111112 0.6669097222222222 0.07093749999999996 0.09945601851851862
5 0.26388888888888895 0.867471064814815 0.09458333333333328 0.14432291666666686
1 0.25190972222222224 0.5745833333333333 0.07413194444444446 0.10262731481481477
7 0.1899826388888889 0.6012905092592593 0.08498263888888888 0.09888310185185176
36 0.09319444444444444 0.7121354166666667 0.07111111111111112 0.10726851851851862