18 0.5301909722222222 0.14296875 0.062320601851851974 0.08125
17 0.5272800925925927 0.21953125 0.058391203703703806 0.078125
20 0.543425925925926 0.04375 0.05063078703703709 0.08515625
12 0.5282754629629629 0.29609375 0.05917245370370381 0.078125
34 0.52 0.4640625 0.06225694444444443 0.07265625
23 0.5507291666666667 0.95625 0.071736111111111 0.08671875
40 0.5064699074074074 0.603125 0.05832754629629626 0.06953125
6 0.4966087962962963 0.0359375 0.055219907407407474 0.071875
37 0.5245659722222222 0.375 0.05834490740740748 0.071875
21 0.5116608796296296 0.53515625 0.06219328703703688 0.0640625
31 0.5506365740740741 0.86328125 0.053177083333333285 0.1125
36 0.5044733796296297 0.87265625 0.0571006944444445 0.11484375
35 0.5161111111111112 0.67265625 0.060694444444444426 0.07265625
14 0.5366956018518518 0.74140625 0.07244791666666668 0.07734375