18 0.2515625 0.36015625 0.07890625 0.0984375
12 0.3515625 0.43359375 0.0796875 0.10078125
17 0.3015625 0.3921875 0.078125 0.09765625
34 0.4625 0.5109375 0.07734375 0.08671875
20 0.17734375 0.3234375 0.0796875 0.0984375
23 0.76953125 0.796875 0.08984375 0.10234375
14 0.63359375 0.66796875 0.07734375 0.10625
21 0.51171875 0.5390625 0.07421875 0.084375
40 0.56015625 0.565625 0.078125 0.09296875
31 0.7078125 0.753125 0.09296875 0.10390625
37 0.4015625 0.4703125 0.07734375 0.09609375
39 0.10234375 0.25859375 0.0734375 0.11328125
36 0.73671875 0.70234375 0.1 0.115625
35 0.60234375 0.6140625 0.08125 0.09609375
6 0.19296875 0.25703125 0.07890625 0.109375
26 0.8296875 0.87734375 0.0984375 0.1109375
16 0.01875 0.1828125 0.0375 0.13125