0 0.37890625 0.6453125 0.10078125 0.1265625
13 0.3375 0.71953125 0.09609375 0.128125
15 0.48359375 0.39609375 0.08671875 0.07421875
3 0.6890625 0.23125 0.09375 0.075
2 0.42890625 0.5828125 0.1015625 0.1203125
24 0.36953125 0.5171875 0.08125 0.11328125
29 0.496875 0.5328125 0.1 0.11640625
22 0.55390625 0.4453125 0.1 0.11796875
10 0.24375 0.703125 0.09375 0.1265625
4 0.609375 0.37734375 0.1 0.1046875
30 0.15703125 0.7015625 0.090625 0.11171875
38 0.6515625 0.32734375 0.09765625 0.10234375
8 0.29921875 0.6 0.09375 0.12265625
41 0.12578125 0.796875 0.0875 0.12578125
41 0.02890625 0.8796875 0.05703125 0.09921875
1 0.7640625 0.21953125 0.07890625 0.0953125
7 0.840625 0.1953125 0.10234375 0.08828125