0 0.61015625 0.66640625 0.1046875 0.11953125
29 0.52265625 0.5078125 0.103125 0.12421875
4 0.4078125 0.35703125 0.090625 0.12578125
13 0.6671875 0.72421875 0.10703125 0.1203125
10 0.65078125 0.8453125 0.1 0.121875
2 0.56484375 0.60078125 0.10234375 0.12265625
22 0.45859375 0.4328125 0.09921875 0.12421875
30 0.65234375 0.95078125 0.0921875 0.0953125
15 0.428125 0.53125 0.06484375 0.115625
38 0.36953125 0.29765625 0.0875 0.12578125
24 0.51328125 0.67734375 0.09140625 0.10625
1 0.28828125 0.153125 0.0734375 0.1015625
3 0.30078125 0.25546875 0.0640625 0.11796875
8 0.57578125 0.7734375 0.096875 0.11796875
7 0.275 0.05859375 0.0640625 0.11640625
41 0.721875 0.971875 0.10625 0.05625