0 0.6269097222222222 0.49854166666666666 0.08532986111111107 0.11239583333333325
13 0.6942418981481481 0.4687905092592592 0.08388310185185191 0.11386574074074077
3 0.19398148148148148 0.6227604166666667 0.09285300925925925 0.0879513888888889
15 0.43556134259259255 0.6347222222222222 0.10199652777777786 0.10638310185185187
30 0.8351273148148148 0.6113194444444444 0.09375 0.11056134259259273
29 0.4799189814814815 0.5125868055555556 0.09777199074074083 0.09135416666666671
2 0.5612847222222221 0.5158391203703704 0.08706597222222215 0.11483217592592591
10 0.7628472222222222 0.5489699074074074 0.0994502314814815 0.09300925925925921
22 0.39667245370370374 0.545318287037037 0.10292245370370363 0.09788194444444435
24 0.5769965277777778 0.610931712962963 0.10691550925925934 0.10978587962962968
41 0.9008101851851851 0.5508680555555555 0.09103009259259238 0.11584490740740741
8 0.6739872685185185 0.593923611111111 0.10083912037037042 0.0907581018518517
38 0.26059027777777777 0.5709953703703704 0.09056712962962958 0.1095949074074074
1 0.1271701388888889 0.5819212962962963 0.08559027777777777 0.10541087962962958
7 0.05616319444444444 0.5447569444444443 0.10263310185185186 0.09397569444444435
4 0.3203414351851852 0.5588425925925926 0.09045138888888893 0.10803240740740741