26 0.3359375 0.571875 0.0625 0.0875
11 0.9375 0.50078125 0.06015625 0.08125
16 0.83046875 0.50859375 0.0578125 0.07578125
23 0.27421875 0.57890625 0.06484375 0.0859375
32 0.725 0.5125 0.05546875 0.078125
41 0.21171875 0.58984375 0.07265625 0.09453125
33 0.615625 0.521875 0.05390625 0.07734375
30 0.39609375 0.56484375 0.06015625 0.0859375
27 0.45078125 0.54375 0.05546875 0.08125
1 0.07734375 0.621875 0.08671875 0.1
19 0.7765625 0.51171875 0.0546875 0.0734375
7 0.1484375 0.6078125 0.08125 0.10234375
28 0.56171875 0.528125 0.05234375 0.0796875
5 0.884375 0.50703125 0.05703125 0.0765625
25 0.50703125 0.5296875 0.0546875 0.0796875
9 0.67109375 0.51796875 0.0546875 0.07421875