26 0.585 0.6679108796296296 0.09968749999999993 0.10215856481481467
9 0.40838541666666667 0.30243634259259256 0.0909374999999999 0.08798032407407401
16 0.33125 0.12221064814814815 0.08651041666666667 0.08010995370370369
23 0.6166666666666666 0.7325057870370371 0.10010416666666658 0.10840856481481484
32 0.38177083333333334 0.2441724537037037 0.08677083333333338 0.08401620370370377
30 0.5545833333333333 0.5962962962962963 0.09796875000000008 0.09979166666666668
41 0.6504166666666666 0.8010416666666667 0.10453125000000014 0.11627893518518526
27 0.5171875 0.5472569444444444 0.09307291666666657 0.09659722222222236
1 0.7254166666666666 0.9375086805555555 0.10505208333333335 0.12498263888888914
33 0.43145833333333333 0.36690393518518516 0.08947916666666664 0.08951967592592594
28 0.46125000000000005 0.42443287037037036 0.09369791666666671 0.09426504629629626
19 0.35463541666666665 0.18199074074074076 0.08656249999999996 0.08089120370370369
7 0.6864583333333334 0.8703935185185184 0.10828124999999993 0.12570023148148124
11 0.28244791666666663 0.021388888888888888 0.07885416666666671 0.035509259259259254
25 0.4851041666666667 0.4889120370370371 0.09151041666666657 0.09657407407407419
5 0.31255208333333334 0.0625 0.08531250000000004 0.07384837962962962