22 0.37763888888888886 0.5290046296296296 0.061840277777777786 0.07890046296296305
4 0.3625173611111111 0.6827372685185186 0.061111111111111074 0.08120370370370367
16 0.3823958333333333 0.45540509259259265 0.06092013888888888 0.07260995370370367
29 0.36736111111111114 0.6052314814814814 0.06256944444444441 0.07659722222222225
41 0.35173611111111114 0.9220833333333334 0.06208333333333336 0.08983796296296305
11 0.3848958333333333 0.37802083333333336 0.060138888888888874 0.07256944444444446
32 0.39046875 0.23258680555555555 0.0609375 0.07339120370370367
28 0.3983506944444445 0.08859375 0.058680555555555534 0.07717592592592593
31 0.35659722222222223 0.8437962962962964 0.06434027777777782 0.08605324074074083
1 0.3592013888888889 0.7617245370370371 0.06343750000000004 0.08054398148148145
33 0.4022395833333333 0.02916521990740741 0.05949652777777779 0.05833043981481482
19 0.3936979166666667 0.15750578703703705 0.058680555555555534 0.07717592592592593
5 0.3888020833333333 0.30758680555555556 0.06248263888888887 0.07269097222222225