11 0.34239004629629627 0.47063078703703703 0.08253472222222218 0.10361689814814809
22 0.38861111111111113 0.5983217592592592 0.08648726851851851 0.10454282407407404
29 0.4028703703703703 0.6734085648148149 0.08211805555555554 0.0965856481481481
41 0.49774305555555554 0.9403935185185185 0.08900462962962977 0.08125
16 0.36497106481481484 0.5368344907407407 0.08620949074074069 0.09985532407407405
32 0.2969502314814815 0.34291087962962963 0.07421296296296295 0.09473379629629627
31 0.47120949074074076 0.8751157407407408 0.09186342592592585 0.10318287037037024
4 0.4216840277777778 0.7374131944444444 0.08685185185185187 0.09754050925925917
20 0.21222800925925928 0.08880208333333332 0.07347800925925929 0.09548611111111112
19 0.27427662037037037 0.27826967592592594 0.07936342592592593 0.10271990740740744
1 0.45014467592592594 0.8096354166666666 0.09011574074074069 0.1
28 0.2568402777777778 0.2173321759259259 0.07885995370370366 0.10737847222222223
5 0.31806134259259256 0.40760995370370373 0.08703703703703702 0.10066550925925917
33 0.23306134259259262 0.1581886574074074 0.07922453703703702 0.10037615740740743
39 0.6130960648148148 0.9275462962962961 0.06332175925925938 0.09510995370370381