22 0.425 0.3890625 0.0828125 0.0984375
16 0.3984375 0.453125 0.0828125 0.1
20 0.22109375 0.9078125 0.0734375 0.10078125
11 0.37421875 0.51875 0.08046875 0.1015625
29 0.44453125 0.31796875 0.0796875 0.0921875
32 0.31953125 0.65078125 0.075 0.0984375
41 0.55546875 0.04375 0.08515625 0.084375
1 0.4984375 0.17578125 0.08359375 0.096875
31 0.5296875 0.10625 0.0859375 0.09921875
4 0.46953125 0.2484375 0.0828125 0.0984375
28 0.2703125 0.77890625 0.0765625 0.10390625
33 0.24765625 0.8375 0.07265625 0.103125
19 0.29296875 0.715625 0.0796875 0.1
5 0.34609375 0.58125 0.08125 0.0984375
39 0.6734375 0.05 0.05546875 0.096875