26 0.35703125 0.1078125 0.08671875 0.08046875
18 0.62578125 0.665625 0.09453125 0.11953125
17 0.55546875 0.5171875 0.0953125 0.109375
9 0.45390625 0.2953125 0.09296875 0.096875
12 0.5921875 0.59609375 0.09375 0.11875
14 0.465625 0.4953125 0.09453125 0.11484375
34 0.7265625 0.88125 0.0875 0.125
15 0.425 0.22890625 0.09375 0.0953125
30 0.49375 0.384375 0.09296875 0.0984375
23 0.33125 0.03984375 0.09140625 0.07890625
40 0.66640625 0.73359375 0.0890625 0.115625
27 0.39296875 0.16328125 0.0921875 0.0890625
37 0.6953125 0.809375 0.09296875 0.1171875
21 0.75703125 0.94609375 0.0859375 0.10546875
25 0.52265625 0.45078125 0.096875 0.10390625