26 0.46661458333333333 0.2088541666666667 0.0840451388888889 0.08166087962962969
13 0.7627951388888888 0.8220601851851853 0.08475694444444457 0.11524305555555543
0 0.5957465277777778 0.47586805555555556 0.08701388888888886 0.09575810185185177
23 0.440625 0.13418981481481482 0.08319444444444439 0.08008680555555556
27 0.5015625 0.2740046296296296 0.08585069444444446 0.08715277777777777
2 0.7284895833333334 0.7537731481481481 0.08848958333333332 0.11139467592592603
38 0.6595659722222222 0.6101678240740741 0.0866493055555555 0.10512152777777786
10 0.8286111111111112 0.9485127314814814 0.07307291666666664 0.08071759259259252
8 0.7994444444444444 0.8903125 0.0770138888888889 0.11668981481481495
25 0.40557291666666667 0.06669560185185185 0.08696180555555558 0.07701967592592592
15 0.5332465277777778 0.3360763888888889 0.08598958333333329 0.09027777777777786
36 0.6948263888888888 0.682349537037037 0.08824652777777793 0.10592592592592602
35 0.6291319444444444 0.5410416666666666 0.08651041666666667 0.10199652777777786
24 0.5652777777777779 0.4059606481481481 0.08928819444444436 0.0942303240740742