26 0.3546875 0.28125 0.0859375 0.090625
18 0.21015625 0.15390625 0.0875 0.08671875
12 0.15625 0.11953125 0.08671875 0.08203125
23 0.30546875 0.2359375 0.0875 0.0890625
15 0.4578125 0.35390625 0.08671875 0.09296875
0 0.559375 0.434375 0.08515625 0.09296875
13 0.82109375 0.634375 0.08125 0.096875
8 0.875 0.6765625 0.07890625 0.10078125
12 0.05390625 0.04921875 0.05625 0.09453125
27 0.4046875 0.3203125 0.0859375 0.08984375
24 0.5078125 0.39609375 0.0859375 0.09375
2 0.765625 0.59921875 0.08359375 0.0984375
10 0.9265625 0.7234375 0.0734375 0.10390625
18 0.0203125 0.0234375 0.040625 0.046875
38 0.6609375 0.515625 0.084375 0.096875
25 0.25625 0.19609375 0.0859375 0.0875
36 0.71171875 0.55703125 0.08125 0.096875
35 0.61015625 0.475 0.084375 0.0953125