8 0.23704282407407407 0.10899884259259258 0.08263310185185188 0.11843171296296293
27 0.46967592592592594 0.7416377314814815 0.08317129629629641 0.0880497685185185
13 0.2672511574074074 0.18058449074074073 0.08626157407407406 0.11388888888888893
23 0.517824074074074 0.8804398148148149 0.08675347222222207 0.08272569444444429
0 0.3957291666666667 0.5361111111111111 0.08675925925925929 0.09597800925925917
10 0.2116087962962963 0.04933449074074074 0.07595486111111108 0.08466435185185187
2 0.2944733796296296 0.24971064814814814 0.08929398148148149 0.11244212962962967
15 0.44470486111111107 0.6741608796296296 0.08735532407407405 0.09288194444444428
38 0.3468460648148148 0.39649884259259255 0.08579861111111117 0.10607638888888893
26 0.49869212962962967 0.8069155092592591 0.08289351851851841 0.08336226851851833
36 0.32155671296296295 0.3211805555555555 0.08612268518518515 0.11154513888888892
35 0.37020833333333336 0.46469907407407407 0.08814236111111118 0.10616319444444447
25 0.5442650462962962 0.9495370370370371 0.08744212962962976 0.08119212962962977
18 0.562349537037037 0.9888961226851851 0.07993634259259252 0.02220775462962976
24 0.4206539351851852 0.604369212962963 0.08914930555555553 0.09684606481481488