20 0.5592534722222222 0.34022569444444445 0.04232638888888882 0.07776620370370368
18 0.5143576388888889 0.39308449074074076 0.043940972222222284 0.08015624999999993
4 0.4638020833333334 0.41956597222222225 0.057656250000000145 0.06494791666666658
27 0.4283159722222222 0.36518518518518517 0.050989583333333324 0.08114583333333325
33 0.5140451388888889 0.30174768518518513 0.04789930555555557 0.08261574074074077
9 0.53609375 0.4689525462962963 0.06277777777777764 0.08461805555555557
34 0.4593229166666667 0.4805960648148148 0.053593749999999926 0.057800925925925915
21 0.45925347222222224 0.5539872685185185 0.06206597222222214 0.0877199074074074
8 0.4723784722222222 0.34982638888888895 0.041579861111111074 0.0793055555555556
7 0.515798611111111 0.5390393518518518 0.06203125000000007 0.0861574074074074
1 0.6027951388888889 0.3483043981481481 0.04706597222222229 0.0802488425925926