18 0.4376215277777778 0.4732465277777777 0.06917245370370377 0.08276041666666671
4 0.4744386574074074 0.4263194444444444 0.06605902777777786 0.08347222222222221
20 0.3817534722222223 0.5002777777777778 0.06826388888888886 0.0741493055555555
34 0.5170196759259259 0.45194444444444437 0.06057870370370359 0.08256944444444443
27 0.45458912037037036 0.3525173611111111 0.06836805555555561 0.08118055555555559
33 0.37441550925925926 0.42697916666666663 0.07073495370370378 0.08279513888888897
8 0.426412037037037 0.4023784722222222 0.06750578703703702 0.07569444444444447
1 0.36299768518518516 0.5530555555555556 0.07543402777777777 0.08368055555555554
21 0.5637268518518519 0.4923263888888889 0.0633912037037037 0.06154513888888893
7 0.5293923611111111 0.5485763888888889 0.06460069444444443 0.09046874999999996
9 0.4737384259259259 0.5373090277777778 0.06223379629629626 0.08885416666666668