18 0.5054803240740741 0.4393229166666666 0.06773726851851851 0.09015625000000008
20 0.5211226851851852 0.365625 0.0670775462962963 0.0924479166666666
4 0.47385995370370376 0.49015624999999996 0.06819444444444436 0.08395833333333336
27 0.41951967592592593 0.46317708333333335 0.0707812500000001 0.08880208333333339
21 0.5321180555555556 0.6077083333333333 0.051006944444444355 0.0828125
34 0.49700810185185185 0.5461979166666666 0.06721064814814817 0.08000000000000007
33 0.46685185185185185 0.355 0.0725868055555555 0.09359374999999996
1 0.5597916666666667 0.34562499999999996 0.07114583333333328 0.0958333333333334
7 0.5697743055555555 0.5681770833333333 0.07464699074074073 0.08828125
8 0.45080439814814816 0.4208854166666667 0.06383101851851851 0.08989583333333329
9 0.5580324074074074 0.49187499999999995 0.07025462962962958 0.07864583333333322