36 0.965642361111111 0.4798206018518519 0.05869212962962962 0.7543171296296297
36 0.9047916666666665 0.49469907407407404 0.06824074074074105 0.7782407407407407
38 0.8405902777777777 0.47927083333333337 0.06532407407407419 0.8062037037037036
38 0.7789467592592592 0.4926273148148148 0.06277199074074069 0.7779571759259258
38 0.7163194444444445 0.47868055555555555 0.06341435185185187 0.759247685185185
38 0.6514641203703704 0.4804803240740741 0.06471643518518526 0.7241724537037036
35 0.5904340277777778 0.47114004629629624 0.061880787037037165 0.7630729166666667
35 0.5293865740740741 0.45945601851851847 0.06136574074074073 0.7989699074074073
35 0.46773148148148147 0.47125000000000006 0.06815972222222229 0.7673032407407409
32 0.4068287037037037 0.4790972222222223 0.060416666666666605 0.7762731481481481
32 0.34656828703703707 0.46815393518518517 0.06303819444444443 0.8138946759259259
32 0.285 0.4916666666666666 0.06087384259259263 0.8379918981481481
26 0.22715856481481483 0.49075810185185176 0.05498263888888886 0.7806770833333333
26 0.16553240740740743 0.5064583333333333 0.06315972222222221 0.7248726851851852
26 0.10380208333333334 0.5080960648148147 0.05844907407407405 0.7215046296296297
3 0.042951388888888886 0.522974537037037 0.06288773148148148 0.7935821759259258