36 0.03828125 0.5296875 0.053125 0.7515625
36 0.09921875 0.54140625 0.0625 0.775
38 0.16328125 0.52265625 0.059375 0.803125
38 0.225 0.5328125 0.05703125 0.775
38 0.2875 0.515625 0.0578125 0.75625
38 0.35234375 0.5140625 0.059375 0.72109375
35 0.41328125 0.5015625 0.05625 0.76015625
35 0.47421875 0.48671875 0.05546875 0.79609375
35 0.5359375 0.4953125 0.0625 0.7640625
32 0.596875 0.5 0.0546875 0.7734375
32 0.65703125 0.4859375 0.05703125 0.8109375
32 0.71875 0.50625 0.0546875 0.83515625
26 0.7765625 0.50234375 0.04921875 0.778125
26 0.83828125 0.51484375 0.0578125 0.721875
26 0.9 0.51328125 0.053125 0.71875
3 0.9609375 0.525 0.05703125 0.790625