20 0.396875 0.49453125 0.05234375 0.1078125
28 0.625 0.4890625 0.05234375 0.10625
25 0.56484375 0.49296875 0.0515625 0.10546875
18 0.35625 0.265625 0.05546875 0.10625
26 0.50859375 0.48984375 0.05234375 0.10703125
11 0.33828125 0.4921875 0.05234375 0.10546875
23 0.8 0.48203125 0.05546875 0.10703125
23 0.45390625 0.4921875 0.05 0.1046875
38 0.1703125 0.496875 0.05234375 0.10703125
38 0.11484375 0.4984375 0.0515625 0.10703125
31 0.6828125 0.484375 0.05234375 0.103125
23 0.73984375 0.48359375 0.05234375 0.10625
23 0.85546875 0.4796875 0.05546875 0.10859375
3 0.18828125 0.27109375 0.0546875 0.10390625
13 0.2984375 0.265625 0.0546875 0.10546875
1 0.22578125 0.4921875 0.0515625 0.10546875
6 0.28203125 0.49296875 0.05390625 0.10625
8 0.24375 0.2640625 0.0515625 0.09609375