25 0.9214583333333334 0.47815972222222225 0.13536458333333315 0.8969270833333333
19 0.019058159722222225 0.5433506944444444 0.03811631944444445 0.6177430555555556
12 0.052476851851851844 0.5362673611111111 0.08258101851851854 0.6155381944444442
12 0.10905092592592594 0.527517361111111 0.08988425925925929 0.6361284722222222
12 0.1701099537037037 0.5224652777777778 0.09056134259259259 0.6642187500000001
22 0.2309548611111111 0.5065104166666666 0.08898726851851854 0.6789583333333333
22 0.2944791666666667 0.4990104166666667 0.09332754629629632 0.7025347222222222
22 0.3578530092592593 0.5094444444444444 0.09622685185185187 0.7283854166666666
31 0.4254571759259259 0.513454861111111 0.10049768518518523 0.7355902777777779
31 0.5011458333333334 0.49684027777777773 0.09962384259259274 0.7488020833333333
31 0.5762789351851852 0.5059722222222223 0.10635995370370388 0.7584548611111112
28 0.6546064814814815 0.49859375000000006 0.11464699074074076 0.782986111111111
28 0.739224537037037 0.49015624999999996 0.12225115740740744 0.8394444444444444
28 0.8287442129629629 0.4924131944444444 0.13241319444444458 0.8851041666666666