27 0.4644097222222222 0.47184027777777776 0.10734953703703702 0.12614583333333335
11 0.2650752314814815 0.4852083333333333 0.10813078703703702 0.1261921296296297
11 0.06478587962962963 0.5009664351851851 0.11119791666666665 0.12559606481481467
11 0.16495949074074073 0.4926967592592593 0.11125578703703702 0.12637731481481468
11 0.36278935185185185 0.47864004629629625 0.10746527777777777 0.12770833333333337
24 0.7741030092592591 0.3337037037037037 0.10856481481481488 0.12155092592592594
1 0.1984375 0.261255787037037 0.10486111111111107 0.11355324074074069
27 0.7692708333333333 0.45144097222222224 0.10975115740740744 0.12706597222222218
33 0.8695891203703703 0.5777256944444444 0.11539351851851834 0.15073495370370366
33 0.867650462962963 0.44638888888888884 0.11394675925925916 0.13120370370370366
24 0.5739293981481481 0.3478993055555556 0.10465856481481488 0.12131944444444435
27 0.5660300925925925 0.4650405092592592 0.10740740740740726 0.12692708333333336
1 0.2914641203703704 0.2549652777777778 0.10263310185185182 0.11497685185185187
27 0.6677662037037037 0.4566782407407407 0.10980902777777786 0.12784722222222217
24 0.4739872685185185 0.35304398148148153 0.10561342592592596 0.1237094907407407
1 0.38839699074074074 0.24844328703703705 0.1049768518518519 0.11511574074074069
24 0.6732638888888889 0.3404571759259259 0.10700231481481488 0.12145833333333336
6 0.08373842592592592 0.3816145833333333 0.10789930555555556 0.1230671296296296
6 0.18151041666666665 0.3742650462962963 0.10862268518518521 0.12233217592592593
1 0.10217013888888889 0.2692939814814815 0.10552662037037037 0.11203703703703702
6 0.2768229166666667 0.36861689814814813 0.10772569444444446 0.12072337962962969
33 0.8730613425925927 0.21583333333333332 0.10743634259259238 0.11681712962962969
33 0.8701967592592592 0.3280092592592593 0.11186342592592595 0.12407986111111118
6 0.37537615740740743 0.36122106481481486 0.10610532407407405 0.11984953703703702
30 0.4534143518518518 0.5992766203703704 0.10804398148148149 0.13552083333333337
30 0.7649594907407408 0.5831481481481482 0.11270254629629636 0.14590856481481485
30 0.5572048611111111 0.5946817129629629 0.10923032407407404 0.14103587962962968
21 0.4846064814814815 0.24118634259259258 0.1033564814814815 0.11424189814814811
21 0.5823206018518519 0.23461805555555557 0.10358796296296298 0.11736689814814812
21 0.7770254629629629 0.22074652777777776 0.10598958333333322 0.11828703703703702
30 0.6611111111111111 0.5885243055555556 0.11102430555555572 0.14425347222222218
21 0.6800925925925926 0.22726851851851854 0.10532407407407404 0.1198032407407407
16 0.25118634259259254 0.6097048611111111 0.11273148148148149 0.1357986111111112
16 0.35353009259259255 0.6036400462962963 0.11032986111111107 0.13487847222222235
16 0.14866898148148147 0.618113425925926 0.1144675925925926 0.13823495370370367
16 0.05209780092592593 0.6272106481481481 0.10419560185185187 0.140486111111111