27 0.5015625 0.5015625 0.0984375 0.1203125
11 0.30234375 0.503125 0.09921875 0.1203125
11 0.10234375 0.50703125 0.10234375 0.11953125
11 0.20234375 0.5046875 0.10234375 0.1203125
11 0.4 0.50234375 0.0984375 0.121875
24 0.80234375 0.38125 0.1 0.115625
1 0.21875 0.27421875 0.096875 0.1078125
27 0.80625 0.49921875 0.10078125 0.12109375
33 0.91640625 0.63203125 0.1046875 0.14453125
33 0.9046875 0.5 0.1046875 0.125
24 0.60234375 0.38359375 0.09609375 0.115625
27 0.603125 0.50078125 0.0984375 0.12109375
1 0.31171875 0.2734375 0.09453125 0.109375
27 0.7046875 0.4984375 0.10078125 0.121875
24 0.50234375 0.3828125 0.096875 0.11796875
1 0.40859375 0.27265625 0.096875 0.109375
24 0.7015625 0.38203125 0.0984375 0.115625
6 0.1125 0.38828125 0.09921875 0.1171875
6 0.21015625 0.38671875 0.1 0.11640625
1 0.12265625 0.2765625 0.09765625 0.10625
6 0.30546875 0.38671875 0.09921875 0.11484375
33 0.89296875 0.26875 0.09921875 0.1109375
33 0.8984375 0.38125 0.103125 0.11796875
6 0.40390625 0.38515625 0.09765625 0.1140625
30 0.5 0.62890625 0.0984375 0.1296875
30 0.81171875 0.63125 0.10234375 0.13984375
30 0.60390625 0.63046875 0.09921875 0.13515625
21 0.5046875 0.27109375 0.0953125 0.10859375
21 0.60234375 0.2703125 0.0953125 0.11171875
21 0.796875 0.26796875 0.09765625 0.1125
30 0.7078125 0.63046875 0.10078125 0.13828125
21 0.7 0.26875 0.096875 0.1140625
16 0.29765625 0.62734375 0.103125 0.1296875
16 0.4 0.62734375 0.10078125 0.12890625
16 0.1953125 0.6296875 0.1046875 0.13203125
16 0.09453125 0.6328125 0.103125 0.134375