18 0.8668923611111111 0.3147858796296296 0.11021412037037023 0.2453993055555556
9 0.6529050925925926 0.1036747685185185 0.11150462962962955 0.207349537037037
36 0.6003819444444444 0.8359375 0.1061689814814816 0.2427662037037038
36 0.7010706018518519 0.8269097222222221 0.1069502314814816 0.24282407407407405
36 0.8018518518518519 0.8194444444444444 0.10635416666666657 0.24589120370370382
36 0.903553240740741 0.8142650462962964 0.1093865740740739 0.24456018518518513
40 0.5018055555555556 0.8408854166666666 0.10479166666666657 0.245775462962963
38 0.6855671296296297 0.5785300925925926 0.10506944444444458 0.250462962962963
38 0.583912037037037 0.5844907407407407 0.10566550925925924 0.2473958333333334
40 0.48602430555555554 0.587818287037037 0.10391782407407409 0.24415509259259255
38 0.7856597222222221 0.5726851851851851 0.10658564814814823 0.24979745370370382
40 0.4695601851851852 0.3497106481481482 0.10722800925925924 0.24751157407407404
38 0.8886458333333334 0.5627025462962962 0.10814814814814824 0.24991319444444446
8 0.6653761574074075 0.3304976851851852 0.10947916666666657 0.2461226851851852
40 0.4561226851851852 0.11199363425925926 0.10378472222222221 0.22398726851851852
39 0.2720428240740741 0.3666956018518518 0.10543402777777774 0.2434895833333334
35 0.06343171296296297 0.1302662037037037 0.10608217592592592 0.25442708333333336
35 0.16333912037037038 0.12348813657407406 0.10667824074074073 0.24697627314814813
35 0.2633391203703704 0.12034143518518518 0.10525462962962964 0.24068287037037037
41 0.38689814814814816 0.596730324074074 0.10377893518518518 0.24181134259259257
13 0.7733275462962963 0.324855324074074 0.10708912037037024 0.24516782407407406
19 0.8597048611111111 0.09450231481481482 0.11472222222222221 0.18900462962962963
14 0.7580497685185186 0.09661458333333332 0.10984953703703706 0.19322916666666665
4 0.5564872685185185 0.1035083912037037 0.11049189814814823 0.2070167824074074
41 0.09319444444444444 0.6192708333333334 0.10212384259259259 0.2401331018518519
39 0.17282407407407407 0.3740451388888889 0.1053877314814815 0.2427083333333333
35 0.35704282407407406 0.11686921296296296 0.10534722222222222 0.23373842592592592
41 0.29245949074074074 0.605295138888889 0.10534143518518517 0.2419270833333332
39 0.37259259259259264 0.35532407407407407 0.10309027777777775 0.24331597222222223
39 0.07199652777777778 0.3807291666666667 0.10465277777777778 0.24343171296296298
37 0.30189814814814814 0.8572627314814815 0.1036863425925926 0.24024884259259274
37 0.10263310185185186 0.8712384259259259 0.10534143518518517 0.2419270833333332
37 0.40175925925925926 0.8475115740740741 0.1022627314814816 0.24247685185185192
37 0.20185185185185187 0.8638888888888889 0.10534143518518517 0.2419270833333332
41 0.19319444444444445 0.6118634259259259 0.10515625000000002 0.23880208333333322
3 0.5686863425925927 0.3407986111111111 0.10561921296296291 0.2466145833333334