36 0.3011400462962963 0.8380960648148148 0.13379050925925923 0.1265740740740739
36 0.16449074074074072 0.7197453703703705 0.12055555555555557 0.12891203703703696
5 0.4993113425925926 0.7622627314814815 0.13222800925925923 0.12648148148148142
5 0.3687847222222222 0.6528761574074075 0.12863425925925923 0.14734374999999994
5 0.2335590277777778 0.5439930555555555 0.12854166666666664 0.14109374999999993
10 0.6429513888888889 0.6198611111111111 0.1490277777777777 0.1540162037037037
15 0.5029108796296297 0.5192939814814814 0.16392939814814814 0.15880208333333332
20 0.3590682870370371 0.41146412037037033 0.1709837962962963 0.16078124999999996
15 0.7606018518518519 0.4899942129629629 0.13635416666666664 0.1415567129629629
20 0.6260648148148148 0.3874074074074074 0.1577256944444443 0.161556712962963
23 0.4939293981481482 0.28105324074074073 0.1664467592592594 0.17065972222222223
29 0.8804803240740741 0.3680787037037037 0.16149305555555565 0.1524131944444445
29 0.7483449074074074 0.261724537037037 0.15142939814814813 0.1580613425925926
29 0.6099363425925926 0.1565625 0.15909143518518523 0.14836805555555554