21 0.4451967592592593 0.45739583333333333 0.06542245370370363 0.12515625000000002
21 0.569039351851852 0.45927083333333335 0.06371527777777786 0.12114583333333329
21 0.5074074074074074 0.4610416666666667 0.06536458333333321 0.12359375000000003
27 0.32262731481481477 0.4632291666666667 0.06527777777777785 0.12124999999999986
24 0.38504050925925926 0.46140625 0.06530671296296298 0.12203125000000004
30 0.26493055555555556 0.46395833333333336 0.06374421296296298 0.12192708333333328
27 0.2033275462962963 0.46494791666666674 0.06452546296296298 0.12197916666666657
30 0.14262152777777776 0.4627604166666666 0.06530671296296298 0.12203124999999986
11 0.6268229166666666 0.45619791666666665 0.06527777777777785 0.12125000000000004
33 0.08096064814814814 0.4653124999999999 0.0675925925925926 0.12062500000000007
6 0.6909722222222222 0.44958333333333333 0.057089120370370415 0.11057291666666665
1 0.7510127314814815 0.4486979166666667 0.05306712962962958 0.10718750000000003
24 0.8167824074074075 0.4404166666666667 0.05318287037037024 0.11031250000000004
24 0.876099537037037 0.4380208333333333 0.0565393518518519 0.11677083333333335
8 0.8174189814814815 0.17072916666666665 0.05772569444444429 0.10671874999999997
9 0.7549479166666666 0.17411458333333335 0.0627025462962962 0.11484375