33 0.43471064814814814 0.4540451388888889 0.07742476851851858 0.11262152777777779
21 0.6935474537037037 0.3707638888888889 0.07829861111111107 0.11888888888888882
6 0.13028935185185184 0.5706770833333333 0.09100694444444449 0.13322916666666665
6 0.05964699074074074 0.5995659722222222 0.09100694444444443 0.13322916666666665
36 0.3540162037037037 0.48973958333333334 0.08384837962962965 0.12447916666666661
36 0.2894849537037037 0.5093923611111111 0.08781250000000007 0.12847222222222215
30 0.49848379629629636 0.4359375 0.07518518518518533 0.1196006944444445
36 0.22502314814814817 0.5337326388888888 0.08937499999999998 0.12850694444444458
24 0.6266724537037037 0.39036458333333335 0.07439236111111107 0.11880208333333338
16 0.7565393518518518 0.3526388888888889 0.0822511574074074 0.12210069444444445
27 0.5590162037037038 0.4099479166666667 0.07196759259259267 0.11328125
11 0.8295601851851853 0.32614583333333336 0.08456018518518534 0.11980902777777783
6 0.8909432870370371 0.3048611111111111 0.079045138888889 0.11656250000000004
1 0.9586921296296296 0.2915277777777778 0.058535879629629764 0.10282986111111114