33 0.571875 0.44453125 0.07578125 0.1109375
21 0.31171875 0.35546875 0.0765625 0.1171875
6 0.878125 0.56796875 0.0890625 0.13125
6 0.94921875 0.5984375 0.0890625 0.13125
36 0.653125 0.48203125 0.08203125 0.12265625
36 0.71796875 0.503125 0.0859375 0.1265625
30 0.5078125 0.425 0.0734375 0.11796875
36 0.7828125 0.52890625 0.0875 0.1265625
24 0.37890625 0.3765625 0.07265625 0.1171875
16 0.2484375 0.3359375 0.08046875 0.1203125
27 0.446875 0.39765625 0.0703125 0.11171875
11 0.175 0.3078125 0.0828125 0.11796875
6 0.11328125 0.28515625 0.07734375 0.11484375
1 0.0453125 0.2703125 0.05703125 0.1015625