20 0.8307291666666667 0.42433449074074076 0.05874999999999986 0.11163194444444446
7 0.7068229166666666 0.4288483796296296 0.06374999999999993 0.11666666666666678
26 0.7675520833333334 0.42745949074074074 0.06374999999999993 0.11666666666666661
23 0.8908854166666668 0.41987847222222224 0.058802083333333144 0.11241319444444446
12 0.6509375000000001 0.42754629629629626 0.06291666666666665 0.11582754629629637
1 0.52765625 0.4343460648148148 0.06145833333333321 0.11727430555555554
2 0.0978125 0.4568576388888889 0.0671875 0.1215856481481481
17 0.5884375000000001 0.43217592592592596 0.062135416666666644 0.11576967592592595
6 0.46671875000000007 0.43885995370370373 0.06218749999999993 0.11655092592592595
31 0.21937499999999996 0.45251736111111107 0.06489583333333329 0.12219328703703702
11 0.4058333333333334 0.44259259259259254 0.061562499999999964 0.11883680555555554
2 0.16041666666666665 0.45066550925925924 0.06651041666666666 0.11142939814814809
31 0.3461458333333333 0.44001736111111117 0.0609375 0.10946180555555554
31 0.2833333333333333 0.4493344907407407 0.05760416666666668 0.10610532407407405