2 0.041666666666666664 0.5871527777777779 0.08078125 0.6132118055555555
2 0.11697916666666668 0.5747569444444445 0.0807291666666667 0.6108680555555555
2 0.19163194444444445 0.556875 0.07973958333333328 0.6014756944444445
7 0.26600694444444445 0.5514930555555555 0.07567708333333334 0.5943576388888889
7 0.3398611111111111 0.534375 0.07223958333333336 0.5802256944444444
7 0.4111284722222222 0.5281423611111111 0.06854166666666668 0.5895138888888889
12 0.4763888888888889 0.5108333333333334 0.07175347222222221 0.5583506944444444
12 0.5449305555555556 0.5217361111111111 0.07138888888888886 0.5770833333333334
25 0.6137673611111112 0.4841840277777777 0.07128472222222229 0.5723958333333332
25 0.6794444444444444 0.48329861111111116 0.0675173611111111 0.5434201388888888
25 0.7493923611111111 0.5012673611111111 0.07383680555555543 0.5818229166666666
34 0.8150694444444445 0.5003819444444445 0.07192708333333328 0.5661631944444444
34 0.8786458333333332 0.4885069444444444 0.07340277777777757 0.5271527777777777
34 0.9404340277777777 0.48675347222222226 0.06751736111111128 0.5082812499999999