11 0.4607233796296296 0.3649884259259259 0.10046296296296298 0.12611689814814814
21 0.5047222222222223 0.5559722222222222 0.08097800925925931 0.12666666666666657
11 0.6523611111111112 0.5741377314814815 0.06659143518518515 0.11500000000000003
16 0.5761631944444444 0.5640046296296296 0.07773726851851848 0.12259837962962976
33 0.07796296296296297 0.5186342592592592 0.06222222222222222 0.09917245370370367
33 0.21218171296296298 0.5328009259259259 0.061533564814814846 0.10225694444444447
6 0.7286284722222222 0.5866145833333334 0.06176504629629633 0.11006944444444447
33 0.14467013888888888 0.5253472222222222 0.06070601851851851 0.10065393518518526
24 0.4380613425925926 0.5508217592592592 0.07125578703703699 0.11446180555555543
30 0.2882638888888889 0.5390277777777778 0.06489004629629633 0.11023148148148146
1 0.8794386574074075 0.6061805555555555 0.06096064814814817 0.10924768518518527
27 0.3596122685185185 0.5439351851851851 0.06403935185185183 0.10784722222222225
1 0.9579803240740741 0.6161921296296297 0.06424768518518534 0.11487847222222225
1 0.8017476851851851 0.5984722222222223 0.06091435185185183 0.10768518518518526