11 0.55078125 0.38828125 0.096875 0.12109375
21 0.5125 0.58125 0.07734375 0.12265625
11 0.365625 0.60703125 0.06328125 0.11171875
16 0.44140625 0.59296875 0.07421875 0.11875
33 0.9375 0.521875 0.059375 0.09609375
33 0.80390625 0.54296875 0.05859375 0.09921875
6 0.28984375 0.6234375 0.05859375 0.10703125
33 0.87109375 0.53203125 0.0578125 0.09765625
24 0.57890625 0.57265625 0.06796875 0.1109375
30 0.728125 0.553125 0.06171875 0.10703125
1 0.13984375 0.65078125 0.0578125 0.10625
27 0.65703125 0.56171875 0.0609375 0.1046875
1 0.06171875 0.66484375 0.0609375 0.11171875
1 0.2171875 0.6390625 0.0578125 0.1046875