21 0.9593055555555555 0.6693865740740741 0.081388888888889 0.3595428240740741
0 0.7650520833333333 0.29545717592592596 0.0703125 0.3197395833333333
32 0.6989756944444444 0.2814120370370371 0.07480902777777772 0.3332523148148148
2 0.6314583333333333 0.25247685185185187 0.0757118055555555 0.28343749999999995
33 0.5667708333333333 0.269681712962963 0.06984375000000007 0.29166087962962967
35 0.503142361111111 0.258119212962963 0.07144097222222215 0.2925347222222222
39 0.4403645833333334 0.24816550925925926 0.07399305555555565 0.2973611111111111
41 0.38010416666666663 0.2422569444444444 0.062152777777777855 0.276400462962963
37 0.31809027777777776 0.24949074074074074 0.07637152777777781 0.29828125000000005
36 0.2526041666666667 0.21366319444444443 0.0730381944444444 0.2583449074074074
40 0.1901736111111111 0.24658564814814815 0.0682291666666667 0.2728645833333333
38 0.12920138888888888 0.24219328703703705 0.07048611111111111 0.2885821759259259
36 0.05975694444444444 0.18743055555555554 0.07746527777777779 0.3053587962962963