16 0.0897164351851852 0.5811979166666668 0.10914351851851851 0.7235416666666665
21 0.1650289351851852 0.5973437500000001 0.09719328703703703 0.7032812500000001
21 0.23446180555555554 0.5605729166666666 0.09299189814814816 0.7123437500000002
21 0.309056712962963 0.5477604166666666 0.10896990740740745 0.7352083333333335
30 0.3851215277777778 0.5481770833333333 0.11153935185185189 0.7096874999999999
30 0.4641087962962963 0.5444791666666666 0.11126157407407397 0.749375
25 0.5366550925925926 0.5223958333333333 0.11026041666666657 0.7150520833333334
25 0.6109664351851851 0.5041145833333334 0.11863425925925916 0.7864583333333333
25 0.6829861111111111 0.471875 0.10200231481481481 0.7059374999999999
40 0.7587037037037037 0.4958333333333333 0.11572916666666658 0.7154166666666667
40 0.8331076388888888 0.46421875 0.11396412037037038 0.7114062499999999
38 0.9092766203703704 0.43640625 0.11134837962962969 0.6909895833333334
29 0.9631293402777779 0.41916666666666663 0.07374131944444429 0.66578125