36 0.1322337962962963 0.47447337962962965 0.06730324074074075 0.10879050925925923
36 0.1947337962962963 0.4726215277777778 0.06892361111111112 0.10961805555555557
36 0.2586805555555555 0.4691608796296296 0.06857638888888892 0.10493055555555557
32 0.3228009259259259 0.46804398148148146 0.07042824074074075 0.1088831018518519
32 0.38848379629629626 0.46688078703703706 0.06880787037037042 0.10805555555555557
32 0.45483217592592595 0.4641319444444444 0.06796875 0.1072511574074074
29 0.5179398148148148 0.45991319444444445 0.06875 0.10727430555555557
26 0.5836226851851851 0.45875000000000005 0.06964699074074084 0.10885995370370374
23 0.6485243055555555 0.4576099537037037 0.06898148148148149 0.11039930555555558
23 0.7140335648148148 0.4541030092592592 0.07193287037037024 0.10814814814814824
20 0.7820023148148149 0.45208912037037036 0.07265625 0.10739004629629641
15 0.849855324074074 0.44851273148148146 0.07126736111111107 0.10968750000000008
0 0.9178819444444445 0.44728009259259255 0.0671875 0.10722800925925924
0 0.9757161458333332 0.44292245370370364 0.04856770833333357 0.1142824074074074