34 0.15441550925925926 0.6043229166666666 0.06003472222222221 0.10677083333333322
34 0.21613425925925928 0.6002083333333333 0.06315972222222221 0.10697916666666671
34 0.2778935185185185 0.596875 0.06229745370370372 0.10536458333333325
31 0.33953125 0.5911979166666667 0.06394097222222221 0.10703125
28 0.4019907407407407 0.58625 0.06324074074074079 0.10854166666666672
25 0.46288773148148155 0.58140625 0.06472222222222221 0.10708333333333328
31 0.5253877314814815 0.5772395833333334 0.06472222222222221 0.10708333333333328
28 0.5879282407407407 0.5738541666666667 0.06714699074074063 0.10880208333333333
25 0.6496875 0.5705208333333334 0.06652777777777778 0.11187500000000003
25 0.71296875 0.5663020833333333 0.06796875 0.10963541666666661
22 0.7770312500000001 0.56203125 0.06961226851851858 0.11130208333333336
17 0.8418749999999999 0.5577083333333333 0.07117476851851876 0.11140624999999993
17 0.9058564814814816 0.551875 0.07035300925925939 0.11057291666666665
17 0.9696744791666667 0.5459375 0.06065104166666657 0.11015625