9 0.13628472222222224 0.6396875 0.06996527777777777 0.11864583333333342
32 0.20182291666666669 0.6358854166666668 0.06345486111111107 0.11147569444444443
32 0.2631076388888889 0.6227951388888889 0.05949074074074075 0.10982638888888889
32 0.32355324074074077 0.6292708333333333 0.05873842592592595 0.11059027777777786
26 0.38373842592592594 0.6287152777777778 0.053848379629629586 0.10501736111111111
23 0.4429108796296296 0.6219270833333332 0.05480324074074083 0.10972222222222214
20 0.5000578703703704 0.6237847222222223 0.05541087962962976 0.10505208333333335
10 0.5602430555555555 0.6232291666666667 0.05153356481481488 0.10574652777777782
5 0.6177372685185185 0.6133506944444445 0.05153356481481488 0.10574652777777764
0 0.6764467592592592 0.6151736111111111 0.05124421296296298 0.09793402777777782
38 0.7349247685185185 0.6107465277777777 0.04649884259259256 0.09626736111111107
38 0.7929108796296296 0.6141493055555556 0.04606481481481488 0.10562500000000004
39 0.8515335648148149 0.6136284722222223 0.044068287037037024 0.09387152777777778
39 0.9115162037037038 0.6076041666666667 0.041898148148148094 0.0985069444444445
39 0.9684895833333332 0.6047743055555556 0.04088541666666643 0.09223958333333329