33 0.06776041666666667 0.572945601851852 0.060856481481481484 0.1059606481481481
30 0.12709490740740742 0.5715277777777777 0.060815972222222216 0.1051793981481481
27 0.18799189814814815 0.5700520833333333 0.06328125 0.10760995370370381
24 0.24880787037037036 0.570138888888889 0.06328125 0.10760995370370381
21 0.31122685185185184 0.569386574074074 0.06328125 0.10760995370370381
16 0.37290509259259264 0.5678819444444445 0.0640625 0.10763888888888892
16 0.43454282407407413 0.5671585648148147 0.06410300925925938 0.10842013888888893
11 0.4969618055555555 0.56640625 0.06558449074074062 0.10691550925925916
6 0.5594212962962963 0.5648726851851851 0.0657060185185184 0.10925925925925917
6 0.6217592592592592 0.5656828703703705 0.06578703703703699 0.11082175925925916
6 0.6857407407407408 0.5648726851851851 0.06965277777777779 0.11018518518518512
11 0.7497222222222222 0.5640625 0.06895254629629619 0.11171875
6 0.815306712962963 0.5624131944444445 0.07043402777777778 0.11021412037037023
1 0.8801099537037036 0.560792824074074 0.06804976851851877 0.10934606481481488