6 0.08228009259259259 0.4924768518518519 0.056174768518518506 0.09613425925925938
6 0.14477430555555554 0.49233217592592593 0.05464120370370371 0.10001736111111122
11 0.20493055555555556 0.49144097222222227 0.05541087962962958 0.09846643518518512
11 0.2658854166666667 0.4881944444444445 0.0554282407407408 0.10081018518518511
11 0.32603009259259264 0.48886574074074074 0.05935763888888897 0.10399305555555553
29 0.3869849537037037 0.48561921296296295 0.058547453703703664 0.10007523148148145
29 0.4494849537037037 0.484693287037037 0.05698495370370367 0.10005208333333329
29 0.5104282407407407 0.48300925925925925 0.057789351851851835 0.10318865740740737
5 0.5721527777777778 0.4813136574074074 0.058547453703703664 0.10007523148148145
5 0.6330960648148147 0.4796296296296297 0.06092013888888879 0.10401620370370371
5 0.6963773148148148 0.47869212962962965 0.06092013888888879 0.10401620370370371
2 0.7596643518518518 0.4769733796296296 0.06092592592592592 0.1047974537037037
2 0.8237268518518519 0.4760243055555556 0.06085648148148124 0.0954224537037037
2 0.8862384259259258 0.4735358796296296 0.05545138888888914 0.10393518518518512