26 0.8509722222222222 0.6332638888888888 0.07777777777777786 0.13707175925925927
23 0.7712152777777778 0.6269791666666666 0.08100694444444442 0.13960069444444442
20 0.6891840277777778 0.6221180555555555 0.08090277777777785 0.13725694444444442
26 0.6087152777777778 0.617349537037037 0.08178819444444443 0.13964699074074077
23 0.5289930555555555 0.6118460648148147 0.08249999999999993 0.1381307870370371
20 0.44852430555555556 0.6070775462962963 0.08178819444444443 0.13964699074074077
29 0.3673090277777778 0.6030439814814815 0.08565972222222218 0.13909722222222226
26 0.28289930555555554 0.5972627314814816 0.08732638888888893 0.14153356481481474
23 0.20008680555555552 0.5923553240740741 0.08583333333333334 0.14300347222222207
29 0.6830381944444445 0.4838368055555556 0.08161458333333335 0.13574074074074077
29 0.6025 0.477505787037037 0.07984374999999985 0.1309606481481481
10 0.5228125 0.4727835648148148 0.07998263888888886 0.1340856481481481
10 0.4446875 0.46815393518518517 0.08395833333333336 0.13587962962962977
10 0.3642534722222222 0.46416666666666667 0.08388888888888886 0.13431712962962958