12 0.08046875 0.53984375 0.04375 0.10546875
12 0.15 0.546875 0.04765625 0.103125
28 0.21796875 0.54609375 0.053125 0.10703125
31 0.2859375 0.5453125 0.05234375 0.10234375
34 0.35 0.5453125 0.053125 0.10703125
2 0.41640625 0.54453125 0.05546875 0.10078125
7 0.484375 0.54765625 0.0578125 0.103125
12 0.55078125 0.5453125 0.06015625 0.1015625
2 0.61640625 0.5484375 0.05859375 0.1015625
7 0.684375 0.54765625 0.05859375 0.1015625
12 0.75078125 0.55 0.06015625 0.1015625
17 0.81875 0.55 0.0578125 0.1046875
22 0.8875 0.55 0.05703125 0.09921875
25 0.94921875 0.55078125 0.05625 0.10078125