28 0.21335069444444446 0.48191550925925924 0.0509722222222222 0.058825231481481485
28 0.26793402777777775 0.48223379629629626 0.05142361111111118 0.06898148148148149
28 0.32496527777777773 0.4801215277777778 0.052881944444444426 0.0666956018518519
25 0.38196180555555553 0.47879050925925926 0.04592013888888884 0.06799768518518512
25 0.4358680555555555 0.4767939814814815 0.047378472222222356 0.06571180555555553
25 0.48828125 0.473292824074074 0.046527777777777855 0.06412037037037024
17 0.5423958333333333 0.46660879629629626 0.046527777777777855 0.06412037037037041
17 0.5983333333333333 0.471556712962963 0.046527777777777855 0.06412037037037041
3 0.8856076388888889 0.4835358796296296 0.060798611111111 0.06932870370370381
13 0.8254861111111111 0.48498263888888893 0.0600868055555555 0.07086226851851869
38 0.7690451388888888 0.47381365740740744 0.036232638888888856 0.06061921296296298
38 0.7134722222222222 0.47821180555555554 0.04326388888888886 0.06087962962962958
38 0.6595659722222222 0.4802083333333333 0.04092013888888886 0.06079282407407405
36 0.15706597222222224 0.4847800925925926 0.055190972222222225 0.06600115740740727
36 0.09911458333333334 0.49004629629629626 0.05529513888888889 0.06834490740740744
36 0.040902777777777774 0.48362268518518514 0.052309027777777774 0.07135416666666679