8 0.021788194444444443 0.4575636574074074 0.04186921296296296 0.07143518518518518
13 0.07039930555555556 0.4577314814814814 0.0457175925925926 0.07085648148148138
33 0.12364004629629628 0.45892361111111113 0.04788773148148149 0.06863425925925917
33 0.17268518518518516 0.46381944444444445 0.043605324074074046 0.0738599537037036
33 0.22401620370370373 0.4696180555555555 0.045052083333333395 0.07237847222222218
33 0.28049768518518514 0.4694097222222222 0.050115740740740745 0.06719328703703695
15 0.3330150462962963 0.4697800925925926 0.0448206018518519 0.06925347222222218
15 0.38938078703703705 0.4711342592592592 0.04458912037037042 0.06612847222222236
15 0.4416666666666666 0.4746296296296297 0.0471643518518519 0.06937500000000014
10 0.500925925925926 0.47927083333333337 0.05318287037037024 0.06657407407407412
10 0.5587962962962962 0.48148726851851853 0.05164930555555554 0.07739004629629634
10 0.6172743055555555 0.4860879629629629 0.05515046296296298 0.07212384259259252
20 0.6792824074074074 0.48538194444444444 0.054600694444444285 0.07520833333333332
20 0.7401041666666666 0.4901041666666667 0.054195601851851904 0.06973958333333333
20 0.8027777777777778 0.49100115740740746 0.06001157407407405 0.0747106481481481
26 0.8692997685185185 0.49288194444444444 0.06235532407407405 0.07483217592592588
26 0.9353587962962961 0.5010127314814815 0.05755208333333357 0.0730266203703703