32 0.821111111111111 0.5545949074074075 0.08390625000000007 0.1499479166666667
32 0.7352083333333332 0.5563599537037037 0.08703125000000007 0.1500405092592592
32 0.6460763888888889 0.5605613425925926 0.08927083333333333 0.1477662037037037
29 0.5569791666666667 0.5639814814814814 0.09168402777777765 0.14939814814814803
26 0.46944444444444444 0.5673553240740741 0.09104166666666665 0.15249999999999986
23 0.38116319444444446 0.5699710648148149 0.09107638888888889 0.15328125000000004
23 0.29281250000000003 0.5741493055555555 0.0957638888888889 0.15342013888888886
23 0.20215277777777776 0.5776157407407407 0.09487847222222223 0.1510532407407407
23 0.11149305555555555 0.5810821759259259 0.09729166666666669 0.1526851851851852
0 0.6488715277777778 0.4098958333333333 0.09001736111111107 0.14700810185185187
0 0.5621527777777777 0.41246527777777775 0.08927083333333333 0.1477662037037037
20 0.47539930555555554 0.4158159722222222 0.09005208333333332 0.14778935185185188
15 0.38711805555555556 0.418431712962963 0.09157986111111116 0.1470543981481482
10 0.29965277777777777 0.4202430555555555 0.09392361111111107 0.14712384259259254