24 0.10277777777777777 0.5822916666666667 0.044340277777777805 0.08130787037037024
25 0.16140046296296298 0.5840277777777778 0.04502314814814819 0.06805555555555554
25 0.22158564814814813 0.5857060185185186 0.044351851851851885 0.08287037037037041
25 0.2801909722222222 0.5850983796296296 0.03964699074074076 0.08035300925925917
25 0.34193287037037035 0.5859375 0.04361111111111118 0.08831018518518512
37 0.40128472222222217 0.5806134259259259 0.04520833333333343 0.09305555555555553
39 0.4614351851851852 0.5776041666666666 0.04756944444444429 0.09548611111111108
36 0.5224016203703703 0.5792534722222222 0.050688657407407335 0.0948206018518519
35 0.5818055555555556 0.5809606481481481 0.058553240740740795 0.1021412037037038
35 0.6428182870370371 0.5888599537037036 0.058547453703703664 0.1013599537037038
35 0.7022106481481482 0.5890046296296296 0.0537962962962963 0.09259259259259274
41 0.7663425925925926 0.5960069444444445 0.043501157407407474 0.07346643518518511
41 0.8296469907407408 0.5967881944444444 0.04259837962962969 0.05703125
41 0.8898090277777777 0.5953414351851852 0.03874421296296297 0.06391782407407405
19 0.9530787037037036 0.5914351851851851 0.05847800925925917 0.09198495370370381