38 0.92734375 0.5234375 0.0453125 0.075
38 0.8546875 0.5234375 0.05546875 0.07734375
37 0.78359375 0.5203125 0.05703125 0.07265625
37 0.71015625 0.52109375 0.05625 0.075
37 0.640625 0.51796875 0.05546875 0.071875
29 0.575 0.515625 0.05390625 0.0796875
29 0.5078125 0.51171875 0.0546875 0.075
29 0.43984375 0.50859375 0.05546875 0.07734375
25 0.3765625 0.50703125 0.05 0.07265625
25 0.3140625 0.50625 0.0546875 0.07265625
25 0.24765625 0.50546875 0.0578125 0.0765625
36 0.18125 0.50390625 0.05 0.06171875
36 0.11640625 0.49921875 0.05234375 0.06640625
36 0.053125 0.49609375 0.05546875 0.075