38 0.09784722222222222 0.47796296296296303 0.05769097222222221 0.10287615740740748
38 0.1603298611111111 0.47550347222222217 0.060850694444444464 0.10460069444444428
39 0.22133680555555557 0.46921875 0.0585243055555555 0.10526041666666668
39 0.2845833333333333 0.46749999999999997 0.06324652777777776 0.10706597222222225
37 0.34710069444444447 0.46347800925925925 0.06012152777777775 0.10690393518518526
37 0.40881944444444446 0.4602777777777778 0.06088541666666671 0.10616319444444447
36 0.47133680555555557 0.45625578703703706 0.06166666666666672 0.10620370370370366
36 0.5338715277777778 0.4514525462962963 0.060850694444444284 0.10460069444444446
34 0.5971354166666666 0.4489525462962963 0.06482638888888878 0.10792824074074084
34 0.6619965277777778 0.4448090277777778 0.06645833333333329 0.11113425925925924
28 0.7268576388888889 0.4406655092592592 0.06567708333333329 0.11109374999999985
28 0.7917187499999999 0.4365219907407408 0.06557291666666672 0.10640624999999986
25 0.8573958333333334 0.43077546296296293 0.0609375 0.10850694444444446
25 0.9237847222222222 0.42811342592592594 0.060989583333333285 0.11085069444444447