33 0.9476851851851851 0.475 0.05760995370370381 0.11328125
30 0.8877893518518519 0.4890625 0.06568287037037024 0.12734375
27 0.8240740740740741 0.49375 0.059982638888888926 0.12421875
27 0.763425925925926 0.49765625 0.06070601851851851 0.1234375
24 0.701880787037037 0.5 0.06472800925925917 0.125
21 0.6383391203703704 0.50703125 0.0706018518518519 0.13046875
16 0.5725694444444445 0.515625 0.07019675925925917 0.125
11 0.5065104166666666 0.5203125 0.06770833333333322 0.13359375
6 0.43978587962962956 0.5265625 0.06524884259259274 0.13203125
11 0.3740162037037037 0.53515625 0.0659143518518519 0.13046875
6 0.3065104166666667 0.54140625 0.0674768518518519 0.13046875
1 0.23828125 0.5484375 0.05859375 0.1265625
1 0.16649305555555555 0.56015625 0.06510416666666666 0.11953125
1 0.09456018518518519 0.559375 0.06736111111111112 0.12890625