32 0.8035069444444444 0.5386921296296296 0.07800347222222222 0.13904513888888878
29 0.7230555555555556 0.5436458333333334 0.07810763888888879 0.14373263888888896
26 0.6426041666666666 0.548599537037037 0.07960069444444447 0.14068865740740755
20 0.5613888888888889 0.5543750000000001 0.07963541666666671 0.14225115740740737
15 0.4809201388888889 0.5585474537037036 0.08043402777777775 0.14307291666666658
10 0.3997048611111111 0.5643229166666666 0.08357638888888888 0.14401620370370374
20 0.3176909722222222 0.5693576388888889 0.08435763888888888 0.14405671296296313
15 0.23491319444444442 0.5752141203703705 0.08510416666666672 0.14253472222222213
10 0.15055555555555555 0.5803703703703704 0.08505208333333333 0.14019097222222215
32 0.6378993055555556 0.40727430555555555 0.07958333333333342 0.13990740740740737
32 0.5567013888888889 0.4138310185185185 0.08269097222222221 0.13928819444444454
32 0.47782986111111114 0.41948495370370364 0.07715277777777771 0.13587962962962977
5 0.39736111111111116 0.4236574074074074 0.08109374999999996 0.13764467592592594
5 0.31536458333333334 0.4294733796296296 0.08427083333333334 0.14015046296296294