3 0.9321469907407408 0.59109375 0.05066550925925952 0.09243634259259252
9 0.8790335648148148 0.5899016203703704 0.05066550925925952 0.09243634259259252
14 0.826701388888889 0.58875 0.047517361111111 0.08914930555555553
2 0.7743460648148148 0.5844733796296296 0.05222800925925934 0.09251736111111111
7 0.7204513888888888 0.5832407407407407 0.051458333333333425 0.0940393518518519
12 0.6657754629629629 0.5819675925925927 0.051423611111111 0.0893518518518519
28 0.6118460648148147 0.5760474537037037 0.05379050925925917 0.09259837962962969
31 0.5571643518518519 0.5739930555555556 0.05458333333333343 0.09420138888888889
34 0.5024652777777778 0.5695949074074074 0.05222222222222221 0.09173611111111128
17 0.4462210648148148 0.5674594907407408 0.05455439814814813 0.09029513888888889
22 0.3899768518518519 0.565324074074074 0.05302083333333325 0.09412037037037031
25 0.3352777777777778 0.5609259259259259 0.05380208333333334 0.09416087962962968
12 0.2774768518518519 0.5594907407407408 0.05536458333333334 0.0942418981481481
12 0.22044560185185186 0.5565335648148148 0.05381944444444446 0.09650462962962969
12 0.1641840277777778 0.552054398148148 0.05536458333333334 0.0942418981481481
2 0.10637731481481483 0.5498379629629631 0.05773148148148151 0.09748842592592588
2 0.046996527777777776 0.5459780092592592 0.05381944444444444 0.09650462962962969