29 0.4875 0.59375 0.0734375 0.13125
29 0.409375 0.59453125 0.0765625 0.13125
29 0.33203125 0.59375 0.07734375 0.1296875
23 0.79375 0.46328125 0.071875 0.12265625
23 0.71875 0.4625 0.07265625 0.125
23 0.6421875 0.46171875 0.07421875 0.1265625
10 0.56484375 0.46328125 0.071875 0.12890625
10 0.48984375 0.46171875 0.07265625 0.1265625
10 0.4140625 0.4609375 0.07578125 0.128125
10 0.33671875 0.46171875 0.075 0.12890625
5 0.259375 0.459375 0.07421875 0.12578125
0 0.640625 0.59609375 0.0734375 0.1296875
0 0.5640625 0.59296875 0.07265625 0.12734375
0 0.18203125 0.4578125 0.07734375 0.12890625