18 0.10385416666666666 0.7216724537037037 0.0575520833333333 0.09366319444444446
13 0.15864583333333332 0.7191840277777778 0.057395833333333354 0.09131944444444447
14 0.21322916666666666 0.713570601851852 0.056770833333333305 0.09360532407407404
29 0.2692708333333333 0.7062789351851853 0.056770833333333395 0.09360532407407404
29 0.3232291666666667 0.7030671296296296 0.05671874999999993 0.09282407407407404
29 0.37703125000000004 0.697511574074074 0.057395833333333354 0.09131944444444447
23 0.43093750000000003 0.6935185185185185 0.05583333333333336 0.09120370370370363
23 0.48328125 0.6896412037037036 0.055052083333333356 0.09114583333333322
23 0.5363541666666667 0.6849247685185185 0.05734375000000007 0.09053819444444447
23 0.58859375 0.6794849537037037 0.05593749999999993 0.09276620370370381
32 0.6407812500000001 0.6732638888888889 0.05583333333333336 0.09120370370370381
32 0.6939062500000001 0.6693287037037037 0.05656250000000007 0.09048032407407405
37 0.74546875 0.6655092592592593 0.05671874999999993 0.09282407407407404
37 0.7978645833333333 0.6624131944444445 0.05598958333333322 0.0935474537037038
37 0.8494270833333333 0.65859375 0.055052083333333356 0.0911458333333334
40 0.90078125 0.6516493055555556 0.054947916666666784 0.08958333333333321
40 0.9525 0.650173611111111 0.05661458333333336 0.09126157407407405
40 0.9908203125 0.6455150462962963 0.018359375 0.08816550925925934