41 0.038107638888888885 0.5079803240740741 0.05480324074074074 0.09017361111111129
41 0.09042245370370369 0.5060474537037036 0.05095486111111112 0.09153356481481474
35 0.14270833333333335 0.5048958333333333 0.05555555555555554 0.08943287037037032
35 0.19670138888888888 0.4997569444444444 0.05234375 0.08692708333333332
35 0.24904513888888888 0.49704282407407413 0.053125 0.08696759259259253
30 0.3021122685185185 0.4958506944444444 0.054021990740740745 0.0901331018518519
30 0.3553819444444445 0.4891898148148147 0.05558449074074066 0.09021412037037031
30 0.4092013888888889 0.4887384259259259 0.05564236111111107 0.09177662037037031
1 0.4622685185185185 0.4875462962962963 0.052459490740740834 0.0900520833333335
1 0.5161747685185185 0.48475115740740743 0.05567129629629637 0.0925578703703703
1 0.570138888888889 0.4803935185185185 0.054890046296296194 0.09251736111111111
6 0.6247974537037038 0.47833912037037035 0.05642361111111107 0.09181712962962969
6 0.6794849537037038 0.47550347222222217 0.05564236111111107 0.09177662037037031
6 0.7357349537037037 0.4725868055555555 0.05789930555555554 0.0895543981481481
14 0.7934895833333334 0.47115162037037034 0.05703125 0.08717013888888889
13 0.8505787037037036 0.46663194444444445 0.057204861111111074 0.0918576388888889
3 0.9052951388888889 0.46301504629629625 0.05026041666666643 0.09383680555555554