18 0.933454861111111 0.49053819444444446 0.053767361111111 0.09764467592592592
19 0.8740682870370371 0.4915162037037037 0.05452546296296319 0.09610532407407409
16 0.8163136574074074 0.4971354166666666 0.052204861111111 0.09759837962962976
21 0.7577083333333333 0.49809027777777776 0.05220486111111118 0.09759837962962958
24 0.6991145833333333 0.4998263888888889 0.052170138888888926 0.09525462962962976
24 0.47011574074074075 0.5003587962962963 0.052204861111111 0.09759837962962958
27 0.4099826388888889 0.5037037037037038 0.05296296296296284 0.09605902777777775
30 0.35295138888888894 0.5053935185185185 0.05373263888888893 0.09530092592592591
28 0.6412673611111112 0.49919560185185186 0.054548611111111 0.09766782407407408
31 0.583431712962963 0.4993460648148148 0.05138888888888893 0.09523148148148142
34 0.5263888888888889 0.5002546296296296 0.052986111111111 0.09762152777777774
12 0.29441550925925924 0.5110358796296296 0.05449074074074076 0.09376157407407408
17 0.2365798611111111 0.5111863425925927 0.05454861111111118 0.09766782407407408
22 0.18035300925925926 0.5144155092592593 0.05377893518518517 0.09842592592592592
25 0.12336805555555556 0.519230324074074 0.04904513888888888 0.0951620370370371
25 0.06631365740740741 0.519357638888889 0.05138888888888889 0.0952314814814816