36 0.7536805555555556 0.4105902777777778 0.05142361111111118 0.06776620370370363
36 0.6935243055555556 0.4150462962962963 0.04907986111111118 0.06759259259259257
36 0.6334375 0.41637731481481477 0.05059027777777771 0.06536458333333339
20 0.8777777777777779 0.40685763888888893 0.056961805555555856 0.07129629629629619
20 0.8137326388888889 0.41082175925925923 0.056909722222222216 0.06895254629629637
26 0.5787152777777778 0.4219907407407407 0.04982638888888893 0.06608796296296297
26 0.5225173611111111 0.42381365740740745 0.04904513888888893 0.06603009259259256
26 0.4685763888888889 0.429369212962963 0.04670138888888893 0.06585648148148149
26 0.4147222222222222 0.4310185185185185 0.04357638888888893 0.065625
30 0.3639930555555556 0.43243634259259256 0.04425347222222218 0.06099537037037024
30 0.3116840277777778 0.43475115740740744 0.044305555555555556 0.06333912037037023
30 0.2617013888888889 0.4376736111111111 0.03967013888888893 0.0653356481481481
31 0.21564236111111112 0.43952546296296297 0.04194444444444443 0.06238425925925917
31 0.16567708333333334 0.4416666666666666 0.045902777777777806 0.06501736111111107
31 0.11956597222222223 0.4458622685185185 0.04670138888888888 0.06585648148148149
13 0.07039930555555556 0.4471643518518519 0.038107638888888885 0.06521990740740727