8 0.11261574074074074 0.3798958333333333 0.06035879629629628 0.09153356481481492
18 0.17285879629629627 0.38045717592592593 0.05616319444444447 0.08360532407407409
22 0.6033564814814815 0.4951851851851852 0.05778356481481488 0.08521412037037042
22 0.5399305555555556 0.49315393518518513 0.056076388888888926 0.08126157407407408
22 0.4766493055555555 0.4950289351851852 0.050868055555555534 0.0881307870370371
10 0.41177662037037044 0.4961689814814815 0.05778356481481488 0.08521412037037024
10 0.3484664351851852 0.49726273148148153 0.05465856481481488 0.08512152777777793
10 0.2866898148148148 0.49752893518518515 0.05538194444444446 0.08358217592592591
34 0.22722800925925926 0.4969444444444445 0.056944444444444464 0.08362847222222207
34 0.16553819444444445 0.49955439814814817 0.06328125 0.0861574074074074
24 0.9400462962962962 0.35772569444444446 0.06475694444444428 0.08385995370370374
24 0.8744212962962962 0.3596701388888889 0.06472800925925952 0.08307870370370374
24 0.811226851851852 0.3638888888888889 0.05769675925925917 0.08287037037037033
24 0.7479166666666666 0.36498263888888893 0.06076388888888893 0.08140046296296291
15 0.6855034722222222 0.36917824074074074 0.05700231481481488 0.08519097222222224
15 0.6236400462962963 0.3671006944444445 0.052777777777777854 0.07648148148148141
15 0.5643518518518519 0.3712037037037037 0.055353009259259164 0.08280092592592592