34 0.08461226851851852 0.622800925925926 0.05992476851851851 0.1047569444444445
34 0.14398726851851854 0.6263194444444444 0.06222222222222218 0.10411458333333332
34 0.20253472222222224 0.6305729166666667 0.06148726851851851 0.10484953703703699
31 0.264988425925926 0.6350578703703704 0.06383101851851851 0.10498842592592598
28 0.3267534722222222 0.6379340277777777 0.06314236111111118 0.10650462962962966
22 0.38773726851851853 0.6407638888888888 0.06392361111111118 0.10655092592592581
22 0.44789351851851855 0.6443287037037037 0.06392361111111118 0.10655092592592581
22 0.5080034722222223 0.6486747685185186 0.06553240740740733 0.10742476851851848
17 0.5697222222222222 0.652332175925926 0.06801504629629633 0.10990740740740748
12 0.6323148148148148 0.6544733796296296 0.06792245370370367 0.10834490740740747
7 0.6939872685185186 0.658912037037037 0.06847222222222218 0.10448495370370381
12 0.7547858796296296 0.6648668981481481 0.06640625 0.10903356481481481
7 0.8197222222222222 0.6671469907407407 0.07026620370370366 0.1084837962962963
2 0.8838310185185184 0.6701620370370371 0.0640625 0.1088946759259258