41 0.4130208333333333 0.6047743055555556 0.047274305555555604 0.06336805555555554
41 0.3475694444444445 0.603298611111111 0.04560763888888886 0.06096643518518512
17 0.28350694444444446 0.6056712962962962 0.05138888888888893 0.0682002314814815
17 0.21717013888888886 0.606568287037037 0.048090277777777767 0.06417824074074083
17 0.15395833333333334 0.607349537037037 0.048263888888888884 0.06808449074074083
21 0.8242534722222222 0.49516782407407406 0.061579861111111 0.06935763888888893
21 0.7650173611111111 0.4942418981481481 0.055329861111111 0.06912615740740727
21 0.7048958333333333 0.4956886574074074 0.05685763888888893 0.06840277777777785
26 0.64640625 0.4955150462962963 0.05604166666666668 0.06759259259259257
26 0.5871006944444443 0.4961516203703703 0.05131944444444443 0.06663773148148149
26 0.5294270833333333 0.49516782407407406 0.05074652777777775 0.07129629629629619
0 0.4715451388888889 0.4988715277777779 0.04802083333333336 0.06261574074074083
0 0.4162152777777777 0.49780092592592595 0.04805555555555543 0.06339699074074083
0 0.35616319444444444 0.4976851851851851 0.050434027777777855 0.06426504629629619
19 0.2983854166666667 0.4990451388888889 0.05611111111111109 0.06915509259259274