30 0.9256983562500001 0.089827690625 0.9123614906249999 0.1181251515625 0.9542448484375001 0.1542288734375 0.964784028125 0.126849315625 0.9256983562500001 0.089827690625
26 1 0.32188144687500003 0.98842128125 0.300736571875 0.96398014375 0.3138669421875 0.990801471875 0.3603053484375 1 0.35444978125 1 0.32188144687500003
25 1 0.39858722343749997 0.9888186937500001 0.3825379296875 0.96842235625 0.4011493640625 0.9964028671875 0.44380483125000003 1 0.44122324218750003 1 0.39858722343749997
32 0.9057778750000001 0.35757207812499997 0.9191695109375001 0.3992842484375 0.9593033015625 0.3902420421875 0.9455099 0.35030680937500003 0.9057778750000001 0.35757207812499997
7 1 0.2387659484375 0.9739076062500001 0.1956330828125 0.95193145 0.2098242828125 0.9798666421875 0.254353771875 1 0.2417781203125 1 0.2387659484375
20 0.9626431656250001 0.3183454265625 0.9380226781250001 0.3322462046875 0.9644969031249999 0.3817620828125 0.9911249062499999 0.3652940171875 0.9626431656250001 0.3183454265625
32 0.86220201875 0.2562174390625 0.8719416765625001 0.302009003125 0.9173945968749999 0.30303509375000004 0.9093826421875001 0.2602019515625 0.86220201875 0.2562174390625
33 0.9274716984375001 0.14602440625 0.908379759375 0.16767737968750002 0.942970884375 0.2111217109375 0.96373290625 0.1911386671875 0.9274716984375001 0.14602440625
17 0.9324577656249999 0.230966690625 0.9195124984374999 0.261953725 0.9608280062500001 0.295363234375 0.97231133125 0.26526048125 0.9324577656249999 0.230966690625
12 0.8575192765624999 0.30681786718750004 0.870881059375 0.3503752953125 0.914903065625 0.3465799140625 0.902694728125 0.30361937499999997 0.8575192765624999 0.30681786718750004
16 0.918334740625 0.47259741875000005 0.9435540609374999 0.5086892171875 0.974667746875 0.47855356093749996 0.9526887640625 0.4452227578125 0.918334740625 0.47259741875000005
29 1 0.45678095625 0.9732777578125 0.419337671875 0.9532439421875001 0.43889906874999995 0.9828815343749999 0.48119013437499997 1 0.46350365 1 0.45678095625
7 0.885949790625 0.4133499484375 0.91849345625 0.4045166015625 0.8989859140625001 0.3518111484375 0.8670979031250001 0.3582625265625 0.885949790625 0.4133499484375
7 0.9444966000000001 0.5208113625 0.9669877578125 0.5537100734375 0.9956653062499999 0.5255507203125 0.97611360625 0.493613578125 0.9444966000000001 0.5208113625
1 0.8669219375000001 0.47745499062499996 0.8888802546875001 0.515798353125 0.9264850875 0.492090778125 0.9081539484375 0.455074296875 0.8669219375000001 0.47745499062499996
17 0.8931859671875 0.42895475781250003 0.91816535625 0.4623662484375 0.95212146875 0.43302886249999994 0.929862828125 0.401462309375 0.8931859671875 0.42895475781250003
23 0.8094933937500001 0.335816359375 0.8509631390625 0.349063146875 0.8553295343749999 0.294372846875 0.8162802453125 0.27800924843749997 0.8094933937500001 0.335816359375
11 0.8218889875000001 0.356766546875 0.83567303125 0.41599211406250003 0.8723070859375 0.413531953125 0.85952661875 0.35526101718750003 0.8218889875000001 0.356766546875
41 0.8125925625000001 0.45933579375000005 0.8441548609374999 0.4951881734375 0.8797998828125 0.45633807656250003 0.8499883734375 0.421439315625 0.8125925625000001 0.45933579375000005
41 0.8634880359375 0.4845356734375 0.8341122406249999 0.5093918921875 0.868782634375 0.5584324828125 0.895592390625 0.532895634375 0.8634880359375 0.4845356734375
36 0.6143342281249999 0.875052071875 0.5850780140625 0.865145453125 0.6118336156249999 0.9188393375 0.640456528125 0.9296852734375 0.7057775703125 0.8832675328124999 0.6848655078125 0.8396327937500001 0.6818754421875 0.8362912609375 0.6789654390625001 0.83429718125 0.6143342281249999 0.875052071875
36 0.5867426625000001 0.822201225 0.5598179484375 0.8150263390625 0.5848884765625 0.8647516171875 0.6144075203125 0.8750161750000001 0.6830223015625 0.8313048359374999 0.6611009765625 0.7865927078125 0.658110909375 0.783251175 0.6552008671875 0.7812571546875 0.5867426625000001 0.822201225
36 0.55798485 0.7662078343750001 0.5313185515625001 0.7602383734375 0.5598798125 0.8149374296874999 0.5866135296875 0.822112209375 0.6560712546875 0.780307125 0.6333069859375 0.733688740625 0.6303169234375 0.7303472703125 0.627406878125 0.728353190625 0.55798485 0.7662078343750001
37 0.5297991343749999 0.7083913171875 0.5033289484375 0.704613253125 0.5314162687499999 0.7604281328125 0.557828403125 0.7658176359375 0.6301605796875 0.7269364031250001 0.6063776890625 0.6790935828125 0.6029440828125 0.6751541546875 0.59919195 0.674103259375 0.5297991343749999 0.7083913171875
37 0.5014053578125 0.6497541265625 0.47487460625000005 0.6482208 0.5034410703125001 0.704561465625 0.5296211921875 0.7082177421875 0.6034627421875001 0.67204129375 0.5795061625 0.6229834078125001 0.5761605109375 0.61935005625 0.5720026875 0.618215003125 0.5014053578125 0.6497541265625
30 0.4721622609375 0.5906814265625 0.4447565390625 0.5900697921875 0.47475039687500004 0.6481154515625 0.501417784375 0.649688575 0.5765303562499999 0.6163120453125 0.5518729984374999 0.5661050109375 0.5485851375 0.5633707328125 0.5444567984375001 0.5619354624999999 0.4721622609375 0.5906814265625
30 0.44136950468749997 0.530528778125 0.41693834062499996 0.532593515625 0.44532970625 0.5901561265625 0.471669940625 0.5905505890625 0.549581975 0.5600791859375 0.524375303125 0.50867464375 0.5213066125 0.506494621875 0.516920265625 0.5052923859375 0.44136950468749997 0.530528778125
30 0.408873884375 0.4695112484375 0.3863566890625 0.47333307187500007 0.41644331093750003 0.532418815625 0.44105825000000004 0.5301726046875 0.5216180031250001 0.5031178640625 0.49535639531250003 0.449978921875 0.49228770468749994 0.4477989296875 0.4879013578125 0.44659669375 0.408873884375 0.4695112484375
24 0.375963415625 0.4052880671875 0.35367596875 0.4123084125 0.3858080921875 0.4730521921875 0.40885457187499996 0.469301315625 0.492920884375 0.44510164531249996 0.4681951796875 0.392968415625 0.4613384640625 0.385972315625 0.4614579328125 0.38569903125 0.375963415625 0.4052880671875
24 0.342458809375 0.3407641125 0.32159734375000004 0.3486749265625 0.35379525625 0.412115996875 0.3753999265625 0.4060549375 0.4634270265625 0.38491034218750003 0.4366899671875 0.32910366406249997 0.4318242453125 0.3254821109375 0.42984296874999994 0.3244877765625 0.342458809375 0.3407641125
24 0.3097373765625 0.27238602031250003 0.2871828015625 0.2840639453125 0.3215829890625 0.348470240625 0.342592190625 0.3403233359375 0.43362781406249995 0.32333175000000003 0.4060977078125 0.26422864687500003 0.40519476093750006 0.2633974078125 0.3987070390625 0.25932667343750004 0.3097373765625 0.27238602031250003
6 0.2719012078125 0.203299621875 0.254329615625 0.2171696 0.287840146875 0.2839913015625 0.30875252343750004 0.2722816921875 0.40334953125000006 0.2583760671875 0.37297903125 0.19712441249999998 0.372341553125 0.1965030453125 0.3667220578125 0.1939073421875 0.2719012078125 0.203299621875
6 0.23740754531250002 0.13133108437500002 0.21959985624999998 0.14799095625 0.2534404078125 0.216954890625 0.272925015625 0.2030367875 0.37022811718750004 0.192648640625 0.3391842640625 0.12677695312499998 0.3378866390625 0.126982790625 0.335844234375 0.12553303124999998 0.23740754531250002 0.13133108437500002
6 0.20006570625000003 0.057397754687500004 0.1831574859375 0.076586334375 0.2195915296875 0.146912596875 0.23726962031249998 0.1317453265625 0.3385614734375 0.1257586234375 0.305936175 0.058705840625000005 0.30529871875 0.05808446874999999 0.2996792015625 0.055488771874999995 0.20006570625000003 0.057397754687500004