3 0.040850694444444446 0.4797395833333333 0.048263888888888884 0.06458333333333321
8 0.09706597222222221 0.47880208333333335 0.04756944444444446 0.06845486111111114
26 0.15098958333333332 0.47562499999999996 0.04977430555555555 0.06230902777777771
26 0.2080034722222222 0.47387152777777775 0.05293402777777771 0.06401041666666671
26 0.265 0.4728993055555556 0.05138888888888893 0.06472222222222221
0 0.3243576388888889 0.4710416666666667 0.048246527777777715 0.06380208333333322
0 0.3806076388888889 0.4685416666666667 0.05064236111111109 0.06624999999999996
0 0.43914930555555554 0.46828125 0.05076388888888879 0.07171874999999997
30 0.49463541666666677 0.4650347222222222 0.04743055555555564 0.06220486111111114
30 0.5517013888888889 0.4609375 0.04440972222222221 0.06675347222222214
30 0.6102430555555556 0.4606770833333334 0.04991319444444446 0.06855902777777771
2 0.6704513888888889 0.4556597222222223 0.054600694444444466 0.06876736111111122
2 0.7321701388888889 0.4529166666666667 0.05612847222222221 0.06727430555555554
31 0.7923263888888888 0.45024305555555555 0.055347222222222214 0.06723958333333328
31 0.8540625000000001 0.44671874999999994 0.05612847222222221 0.06727430555555572
31 0.9189236111111111 0.44305555555555554 0.053715277777777716 0.06404513888888878