24 0.8350347222222222 0.459375 0.04511574074074076 0.07578125
24 0.7834722222222222 0.459375 0.04952546296296312 0.07109375
24 0.7303472222222223 0.459375 0.04626736111111107 0.08203125
6 0.6768981481481482 0.45390625 0.049988425925925915 0.07890625
6 0.6213368055555556 0.45234375 0.045804398148148094 0.07421875
6 0.5705555555555556 0.45234375 0.045758101851851765 0.0734375
11 0.5197743055555556 0.45234375 0.048240740740740765 0.07578125
16 0.46963541666666664 0.45 0.04800925925925927 0.071875
21 0.41637152777777775 0.44765625 0.05044560185185176 0.0734375
30 0.3623726851851852 0.44609375 0.04745949074074076 0.07578125
30 0.30842013888888886 0.4453125 0.048240740740740765 0.07578125
35 0.2566724537037037 0.4421875 0.04538773148148145 0.0671875
35 0.2034548611111111 0.440625 0.04874421296296294 0.07109375
35 0.15156828703703704 0.43515625 0.04483796296296294 0.07109375
13 0.9873972800925926 0.4671875 0.025205439814814667 0.084375