37 0.9493634259259259 0.4963715277777778 0.06767939814814809 0.1618518518518517
37 0.884519675925926 0.49733217592592593 0.06458333333333321 0.16258680555555555
37 0.8188946759259259 0.49830439814814814 0.06542245370370381 0.1641608796296296
41 0.7547453703703704 0.49690972222222224 0.06469907407407405 0.16571180555555554
41 0.6906828703703705 0.49785879629629626 0.06681134259259273 0.15949652777777779
41 0.62578125 0.4972569444444444 0.06443865740740744 0.1586805555555557
39 0.5624710648148148 0.49741319444444443 0.06756365740740744 0.15872685185185187
39 0.4991319444444445 0.49678819444444444 0.06365740740740744 0.15866898148148145
39 0.43660300925925927 0.4969328703703704 0.06435185185185191 0.1563368055555557
35 0.37332175925925926 0.49787037037037035 0.06131365740740744 0.1586342592592592
35 0.31085069444444446 0.49957754629629625 0.060503472222222146 0.15784143518518512
40 0.24745370370370373 0.49739004629629624 0.055613425925925955 0.15230324074074061
40 0.18417245370370372 0.4983275462962963 0.058825231481481485 0.15469328703703694
40 0.12230902777777779 0.4953356481481482 0.05859375 0.14844328703703696