17 0.04689814814814815 0.5284143518518518 0.06258680555555556 0.0838136574074074
12 0.11808449074074075 0.5273958333333333 0.06506944444444444 0.08857060185185191
7 0.18108796296296298 0.5386458333333334 0.06274884259259261 0.08928240740740741
17 0.2506886574074074 0.5383622685185185 0.05886574074074069 0.08994791666666657
12 0.3145659722222222 0.5465104166666667 0.06267939814814812 0.0869386574074074
7 0.3823958333333334 0.5532118055555555 0.058084490740740694 0.08992476851851841
28 0.4463425925925926 0.5590162037037038 0.05893518518518519 0.09229166666666658
31 0.5086574074074074 0.5671180555555556 0.05498263888888886 0.09061342592592592
34 0.5773148148148148 0.5722800925925926 0.06042824074074069 0.08999421296296291
35 0.6443634259259259 0.5789583333333332 0.06049768518518519 0.0923379629629629
35 0.7122395833333334 0.5840972222222222 0.06120949074074069 0.09001736111111107
38 0.7784837962962963 0.5915335648148148 0.05342013888888886 0.09056712962962958
38 0.8486805555555555 0.5975231481481481 0.05422453703703702 0.09137152777777775
38 0.9166261574074074 0.600318287037037 0.05197337962962969 0.09442708333333343