19 0.13963540000000002 0.386737753125 0.068114375 0.3880228 0.031979345312500004 0.45391715625 0.107810415625 0.45410508906249997 0.13963540000000002 0.386737753125
34 0.3624959671875 0.3907307203125 0.2882917328125 0.3905875015625 0.26681084843749997 0.4580080625 0.34875693750000003 0.460110484375 0.3624959671875 0.3907307203125
31 0.286413775 0.391298053125 0.214342921875 0.391607140625 0.1889464125 0.45714278906250005 0.26539749375 0.46014641718749993 0.286413775 0.391298053125
28 0.21315962187499998 0.3911395125 0.13955504999999999 0.3907992390625 0.107640675 0.45686789375 0.187564109375 0.458469678125 0.21315962187499998 0.3911395125
25 0.3399201015625 0.46134458125 0.2645925234375 0.4600462203125 0.2424812546875 0.540816340625 0.325945025 0.542429428125 0.3399201015625 0.46134458125
25 0.2639670828125 0.46035763437500005 0.1843323484375 0.4599574640625 0.1536979953125 0.5441697359375001 0.2404313515625 0.5425010609375 0.2639670828125 0.46035763437500005
25 0.1834785296875 0.46075673906250003 0.1045436484375 0.458907753125 0.0655457734375 0.5423783875 0.1528977140625 0.5442343593750001 0.1834785296875 0.46075673906250003
12 0.323494784375 0.5427667453125 0.23692381093749998 0.5423255765625 0.2117313984375 0.6374738515625 0.306968303125 0.6367843109375 0.323494784375 0.5427667453125
12 0.236797246875 0.5445535765625 0.148145178125 0.54533481875 0.1159711734375 0.6381233187500001 0.21081733749999998 0.6382428390625 0.236797246875 0.5445535765625
12 0.1459014359375 0.546798978125 0.0614940609375 0.5429479296874999 0.019856818749999998 0.63862043125 0.1139598828125 0.6388936968750001 0.1459014359375 0.546798978125
36 0.9095188625 0.47119810624999997 0.8263268968749999 0.47102765625 0.8497328906250001 0.5549991203125 0.943401859375 0.555598425 0.9095188625 0.47119810624999997
36 0.825222640625 0.4691638171875 0.7392331515625 0.46772514843749996 0.7557231109375 0.5536505390625 0.8488361703124999 0.55343256875 0.825222640625 0.4691638171875
36 0.73964975 0.4710585515625 0.6572408359375 0.4700906609375 0.6630476375 0.5547957609374999 0.7564690875 0.555229575 0.73964975 0.4710585515625
22 0.65581708125 0.47400575468749995 0.5739068734375 0.4726157671875 0.5729995109375 0.5553386296875 0.66236049375 0.5565536515625 0.65581708125 0.47400575468749995
22 0.572974559375 0.473949325 0.489856409375 0.4717589125 0.4839460203125 0.555602021875 0.571525453125 0.5576261171875 0.572974559375 0.473949325