33 0.1050925925925926 0.4769444444444444 0.05341435185185182 0.11437500000000007
30 0.1665509259259259 0.4923611111111111 0.06096643518518521 0.12859374999999992
27 0.230787037037037 0.49847222222222226 0.05538194444444446 0.12534722222222214
27 0.291869212962963 0.503732638888889 0.05613425925925926 0.12458333333333335
24 0.35367476851851853 0.5074479166666667 0.060098379629629585 0.1262326388888889
21 0.4179976851851852 0.5159027777777778 0.06576967592592595 0.1318229166666665
16 0.4847222222222222 0.5259722222222222 0.06556712962962959 0.12635416666666668
11 0.5513020833333334 0.5321354166666666 0.06276041666666679 0.13487847222222218
6 0.6187210648148149 0.5398784722222223 0.06035879629629619 0.1332638888888889
11 0.6854456018518519 0.5499479166666668 0.06108217592592595 0.13171874999999994
6 0.7536458333333333 0.5577083333333334 0.06264467592592596 0.13175347222222217
1 0.82265625 0.5662673611111112 0.05390625 0.12765625000000008
1 0.8957465277777779 0.5796006944444445 0.06067708333333357 0.12078124999999992
1 0.9675925925925928 0.5804166666666667 0.06258680555555571 0.13019097222222237