33 0.8512905092592593 0.5474652777777778 0.09531828703703696 0.1641030092592592
33 0.7598611111111111 0.5544444444444444 0.09299768518518511 0.1655266203703704
33 0.666087962962963 0.5615625 0.0985474537037037 0.17131944444444436
30 0.5699826388888889 0.5680381944444444 0.0969849537037037 0.17122685185185188
27 0.47468171296296297 0.5729050925925926 0.09695023148148145 0.16888310185185187
24 0.3793576388888889 0.5793344907407407 0.09619212962962961 0.17039930555555555
21 0.28244791666666663 0.5874189814814814 0.09775462962962962 0.17049189814814802
16 0.18397569444444445 0.5955960648148148 0.0961342592592593 0.1664930555555557
16 0.6677372685185186 0.3975462962962963 0.09611111111111122 0.16493055555555552
16 0.5732060185185185 0.40314814814814814 0.09530671296296304 0.1633217592592592
11 0.08475694444444445 0.6014756944444445 0.09535300925925927 0.1664467592592594
11 0.47787037037037033 0.4103587962962963 0.09611111111111122 0.16493055555555552
6 0.3825694444444444 0.41522569444444446 0.09688078703703713 0.16419560185185186
1 0.28725694444444444 0.4208738425925926 0.09537615740740737 0.1680092592592592