2 0.13046875 0.49484374999999997 0.05355902777777777 0.09098958333333336
7 0.19291666666666668 0.49388888888888893 0.049704861111111144 0.09324652777777782
12 0.25465277777777773 0.4960416666666667 0.05437499999999993 0.09256944444444457
12 0.31713541666666667 0.49664930555555553 0.05355902777777777 0.09098958333333336
17 0.37883680555555554 0.49723958333333335 0.05348958333333327 0.08786458333333336
22 0.4397743055555555 0.49859375000000006 0.051979166666666646 0.09017361111111111
25 0.500763888888889 0.5022916666666666 0.05203124999999993 0.09251736111111111
25 0.5601041666666667 0.5020486111111111 0.048871527777777854 0.09088541666666679
25 0.6194791666666667 0.5033680555555555 0.04809027777777786 0.09086805555555558
28 0.6796354166666667 0.5047048611111111 0.05199652777777786 0.0909548611111111
28 0.7390104166666667 0.5060243055555556 0.05210069444444443 0.0956423611111111
28 0.7992013888888888 0.5089236111111111 0.05204861111111114 0.09329861111111111
37 0.8593055555555555 0.5079166666666667 0.04862847222222229 0.0799479166666666
37 0.9186979166666667 0.5100173611111111 0.04241319444444471 0.08137152777777779