24 0.07389467592592594 0.5552951388888889 0.042621527777777765 0.08509837962962977
24 0.1316145833333333 0.5658275462962964 0.04204861111111109 0.09910300925925916
27 0.19012731481481482 0.5756365740740741 0.042783564814814844 0.09603587962962976
30 0.24546875000000004 0.5883391203703704 0.04271412037037035 0.09134837962962976
33 0.3040277777777778 0.5950231481481482 0.04343750000000002 0.0875
21 0.3632986111111111 0.6064525462962963 0.046655092592592595 0.09398148148148149
24 0.42414351851851856 0.6172164351851852 0.0497800925925926 0.09421296296296297
27 0.48269097222222224 0.6246817129629629 0.047528935185185264 0.10028935185185191
6 0.5427662037037038 0.6346064814814815 0.048240740740740765 0.09565972222222215
11 0.6021643518518518 0.6374421296296295 0.04996527777777793 0.10671296296296298
16 0.6628703703703704 0.6575810185185185 0.05703125 0.1095775462962962
27 0.7230381944444445 0.661255787037037 0.06015625 0.10980902777777786
30 0.7853645833333334 0.6776041666666666 0.0609375 0.1098668981481481
33 0.8477835648148148 0.6877025462962963 0.06019097222222243 0.11215277777777785
13 0.9109953703703703 0.6970775462962964 0.05699652777777757 0.10723379629629619