4 0.05625 0.49375 0.0515625 0.08515625
3 0.11171875 0.49375 0.046875 0.08671875
36 0.16875 0.4953125 0.04765625 0.07890625
36 0.225 0.49609375 0.04609375 0.08203125
36 0.28046875 0.49765625 0.0453125 0.08203125
37 0.3390625 0.49609375 0.0453125 0.07890625
37 0.39609375 0.4984375 0.04609375 0.0828125
37 0.45 0.49765625 0.04453125 0.08203125
37 0.50546875 0.496875 0.04296875 0.0734375
24 0.5609375 0.49921875 0.04296875 0.07578125
24 0.61484375 0.5 0.04453125 0.07890625
16 0.6703125 0.49921875 0.04453125 0.07578125
16 0.728125 0.49921875 0.04921875 0.08046875
16 0.78359375 0.50078125 0.04296875 0.08046875
30 0.8390625 0.4984375 0.04375 0.078125
30 0.89453125 0.50078125 0.04609375 0.0828125
30 0.94609375 0.4984375 0.04375 0.07890625