34 0.11841435185185185 0.6158275462962963 0.05697337962962963 0.10443865740740747
31 0.17934027777777778 0.6182060185185185 0.05622685185185183 0.10674189814814809
28 0.2410358796296296 0.61984375 0.057789351851851835 0.10682291666666668
25 0.3035358796296296 0.6230844907407407 0.06012152777777775 0.10616319444444447
25 0.3668287037037037 0.6271469907407408 0.06168402777777775 0.10624421296296305
25 0.4300983796296296 0.6296469907407408 0.06168402777777775 0.10624421296296305
17 0.4925752314814815 0.6313252314814815 0.06247685185185183 0.10706597222222207
17 0.5550752314814815 0.6345659722222222 0.0625 0.10862847222222224
22 0.6191493055555555 0.6386689814814815 0.06407407407407409 0.10949074074074083
17 0.6839814814814815 0.64125 0.0656365740740739 0.10957175925925924
12 0.7496064814814816 0.6446527777777777 0.06645254629629634 0.11195601851851862
2 0.8152314814814815 0.6480555555555556 0.06253472222222207 0.11097222222222207
2 0.8792824074074075 0.6505960648148148 0.06645254629629634 0.11195601851851862
2 0.9433217592592591 0.652355324074074 0.06487847222222243 0.11109375000000003