38 0.07653356481481481 0.5255902777777778 0.04586805555555555 0.0763425925925926
38 0.1491898148148148 0.5277430555555556 0.05604166666666668 0.07898726851851841
37 0.22026041666666668 0.526724537037037 0.05756944444444443 0.07434606481481473
37 0.2937037037037037 0.5296817129629631 0.056805555555555554 0.07666666666666658
37 0.36321180555555554 0.528616898148148 0.05600115740740739 0.0735185185185184
29 0.4288194444444445 0.5282175925925926 0.05449652777777771 0.08128472222222224
29 0.49597800925925933 0.5263020833333334 0.05524305555555564 0.07662037037037024
29 0.5639236111111111 0.5251909722222223 0.05604166666666668 0.07898726851851841
25 0.627193287037037 0.5255034722222222 0.05053819444444443 0.07413773148148159
25 0.6896875 0.5265740740740741 0.05522569444444443 0.07427662037037042
25 0.756087962962963 0.5277604166666666 0.058379629629629545 0.07827546296296291
36 0.822482638888889 0.5281655092592592 0.05045717592592567 0.0632002314814816
36 0.8872916666666667 0.5253993055555555 0.0528356481481481 0.06795717592592591
36 0.9505497685185185 0.5241493055555555 0.05602430555555564 0.0766435185185184