27 0.10972222222222223 0.50390625 0.037118055555555515 0.0796875
1 0.1535300925925926 0.5 0.039589120370370344 0.08828125
6 0.20047453703703705 0.4953125 0.04038194444444443 0.0890625
30 0.2490277777777778 0.4875 0.04117476851851851 0.08984375
24 0.3014178240740741 0.484375 0.04353009259259259 0.090625
16 0.3592997685185185 0.4796875 0.04749421296296301 0.09453125
30 0.41563078703703704 0.47421875 0.04990740740740733 0.09921875
11 0.47429398148148144 0.46953125 0.052297453703703665 0.10234375
16 0.5392303240740741 0.46328125 0.0593055555555555 0.10078125
24 0.6096469907407407 0.45625 0.058640046296296336 0.10859375
24 0.6847858796296297 0.446875 0.06259259259259267 0.11171875
6 0.7669097222222222 0.440625 0.06510995370370373 0.1234375
11 0.8513657407407408 0.43515625 0.07061342592592582 0.12578125