5 0.3905157453125 0.0992801984375 0.3691230671875 0.13649056875 0.41809392812499996 0.15208741718750002 0.433070515625 0.1155916515625 0.3905157453125 0.0992801984375
22 0.2659273203125 0.1008661625 0.28846726562499997 0.12244844218749999 0.3312582765625 0.086120615625 0.30838678124999996 0.06460669531249999 0.2659273203125 0.1008661625
1 0.2444235328125 0.14254931875000001 0.21626907968750003 0.113289359375 0.1797805140625 0.1440517625 0.21116629687500002 0.1725697703125 0.2444235328125 0.14254931875000001
29 0.45374620312499997 0.030946884375 0.437464821875 0.0129619203125 0.4114176625 0.012190153125 0.39889064375 0.017836371875 0.42157825625 0.050577259375 0.45374620312499997 0.030946884375
0 0.36032110624999997 0.1553773734375 0.33144098125 0.1318971078125 0.2941197453125 0.172879475 0.32147226562500003 0.20052304062499998 0.36032110624999997 0.1553773734375
33 0.6423672859375 0.1234162375 0.60497558125 0.1326581421875 0.6177090890625 0.1855895390625 0.6587649234375 0.1743712734375 0.6423672859375 0.1234162375
26 0.5768295625000001 0.073753278125 0.5583010640625 0.104196940625 0.6018164015624999 0.1284540296875 0.6195680125 0.09738096874999999 0.5768295625000001 0.073753278125
2 0.1404935671875 0.2047286671875 0.134584690625 0.245385140625 0.1887611453125 0.2368211875 0.19542333437499998 0.19490459843750002 0.1404935671875 0.2047286671875
31 0.468006990625 0.14379036875 0.431388815625 0.1309105796875 0.4060786625 0.176751553125 0.4423808921875 0.1897535796875 0.468006990625 0.14379036875
30 0.1765309390625 0.296031484375 0.1708345015625 0.34966053750000003 0.2376465828125 0.334692378125 0.2413668 0.2809144578125 0.1765309390625 0.296031484375
20 0.33553216875 0.0869498328125 0.3236814953125 0.120496834375 0.3727017359375 0.12808021249999998 0.38185151875 0.091294828125 0.33553216875 0.0869498328125
27 0.45059896093749996 0.074366171875 0.43401905 0.1060700171875 0.47989161718749995 0.12358480937500001 0.49566034999999997 0.0909383265625 0.45059896093749996 0.074366171875
12 0.47368827812500003 0.020024215625 0.44623111875 0.0428415671875 0.47353885937499995 0.07562129375 0.5052678109375 0.052971798437499995 0.47368827812500003 0.020024215625
6 0.4480851921875 0.0673048734375 0.4166159515625 0.0518968359375 0.38855531249999997 0.0915568953125 0.41943511874999995 0.107983834375 0.4480851921875 0.0673048734375
6 0.07546065468749999 0.1774978015625 0.07106350156249999 0.23138664687500002 0.116793409375 0.2165102625 0.1196638328125 0.163984421875 0.07546065468749999 0.1774978015625
25 0.25728234843750003 0.0950651625 0.22634331875 0.12231935468749999 0.2559978859375 0.1504087515625 0.28707123437500004 0.12389313906249999 0.25728234843750003 0.0950651625
25 0.27732184375 0.16720485624999998 0.24474838906250002 0.197669084375 0.2787433265625 0.2301300953125 0.3106423671875 0.1986399984375 0.27732184375 0.16720485624999998
16 0.1988561890625 0.1862626484375 0.2256044046875 0.21250410468749997 0.268030334375 0.16986186406249998 0.24418958750000003 0.1458890203125 0.1988561890625 0.1862626484375
16 0.33011535468750003 0.1315482765625 0.305375940625 0.11068534375000001 0.261593290625 0.15046785625 0.2897371234375 0.175305846875 0.33011535468750003 0.1315482765625
12 0.344788728125 0.027474528124999998 0.30669605624999996 0.0568912625 0.32912978437499996 0.07765235000000001 0.3650091234375 0.048807096875 0.344788728125 0.027474528124999998
12 0.37336332968749997 0.21522091250000003 0.365861090625 0.25778840625 0.42310254374999995 0.25862487343749996 0.42921440625 0.21900335937499998 0.37336332968749997 0.21522091250000003
23 0.687059296875 0.044041356250000004 0.6754611171875 0.0751484125 0.7250549515625 0.0913982890625 0.7323620671875 0.060892596875 0.687059296875 0.044041356250000004
23 0.371911565625 0.1420194984375 0.35041012656250003 0.19023494999999999 0.3877063609375 0.202048140625 0.4070608046875 0.150038146875 0.371911565625 0.1420194984375
32 0.45521442187499994 0.1789621890625 0.44894655937500005 0.2345360921875 0.49188561875000003 0.23602173125 0.49636233125 0.1790352859375 0.45521442187499994 0.1789621890625
32 0.50094160625 0.226167184375 0.5329239968749999 0.2535116984375 0.567253190625 0.21040094531250003 0.5369743062500001 0.1849601734375 0.50094160625 0.226167184375
40 0.49763268125 0.09312758125000001 0.5008262890624999 0.1257397609375 0.551443490625 0.12000019843750001 0.546023821875 0.0878158609375 0.49763268125 0.09312758125000001
35 0 0.328702784375 0.0502062140625 0.332829509375 0.0716684609375 0.27977245 0.0158911796875 0.276272615625 0 0.30895839999999997 0 0.328702784375
39 0.5198436796875 0.048164179687499996 0.5151557703125 0.0785463015625 0.5636322015624999 0.08013809375 0.5656962765625 0.051415670312499995 0.5198436796875 0.048164179687499996
39 0.1296937609375 0.15869131718750001 0.1331029015625 0.203484153125 0.176169971875 0.18611779374999998 0.17126915468749998 0.1415703328125 0.1296937609375 0.15869131718750001
37 0.28342175 0.060344075 0.2609481078125 0.04164844375 0.2234836578125 0.07710691875 0.2463401796875 0.0936619078125 0.28342175 0.060344075
37 0.186300465625 0.24055901093749998 0.19239474375 0.28220647187500003 0.25109469375 0.2538575453125 0.24351320781250002 0.214369821875 0.186300465625 0.24055901093749998
21 0.1140862015625 0.2595886578125 0.10044225468750001 0.3037299046875 0.1638776 0.294541675 0.17178333125 0.255442725 0.1140862015625 0.2595886578125
21 0.4501348046875 0.2748158875 0.4557304109375 0.3234288140625 0.516559065625 0.3078719890625 0.5085894375 0.2586126234375 0.4501348046875 0.2748158875
36 0.34677045624999997 0.19398300625 0.30649643125 0.2116546375 0.315262884375 0.2656104125 0.3602913 0.24501931875 0.34677045624999997 0.19398300625
36 0.35523988906250004 0.26371629375 0.30838845312499996 0.269914921875 0.30545672968750004 0.33167176249999997 0.353398596875 0.324350196875 0.35523988906250004 0.26371629375
30 0 0.7193848390625 0.0344043765625 0.7219348859375 0.069671421875 0.60387378125 0.011420565625 0.6020441921875 0 0.6350172546875 0 0.7193848390625
30 0.13014305312500002 0.6047114640625 0.07189219687500001 0.6028818765625 0.036722384375 0.7208483234374999 0.097891240625 0.724376834375 0.13014305312500002 0.6047114640625
27 0.18997270625 0.6047315140625 0.1317218515625 0.602901928125 0.09941862500000001 0.7229010703125 0.1611244671875 0.7255798234374999 0.18997270625 0.6047315140625
24 0.252979821875 0.604848759375 0.1923646453125 0.6027418453125 0.1630492734375 0.725862415625 0.22742461249999998 0.730339415625 0.252979821875 0.604848759375
21 0.31277848124999996 0.6092450203124999 0.2521633046875 0.6071381046875 0.2281673515625 0.731498378125 0.2922883640625 0.7342578359374999 0.31277848124999996 0.6092450203124999
16 0.37446522656250003 0.61051191875 0.314179565625 0.6071162593749999 0.29319289375 0.7330928140624999 0.360061721875 0.737067596875 0.37446522656250003 0.61051191875
11 0.4373015609375 0.6105661890625 0.3770159 0.6071705296875 0.3618904984375 0.737015096875 0.42741370625 0.739636259375 0.4373015609375 0.6105661890625
6 0.4987097234375 0.6131812531249999 0.4384240640625 0.6097855937500001 0.4283873921875 0.7387720046874999 0.491213475 0.7423252359375 0.4987097234375 0.6131812531249999
30 0.5603050671875 0.614789884375 0.5000194062500001 0.611394225 0.4937757234375 0.7392219453125 0.5579121687499999 0.743036515625 0.5603050671875 0.614789884375
27 0.6222755953125 0.6158914453125 0.5626548609375 0.614899134375 0.55973071875 0.741773603125 0.624654625 0.74540728125 0.6222755953125 0.6158914453125
24 0.684554865625 0.6170966484375 0.6249341296875001 0.616104334375 0.626104559375 0.746148265625 0.690945575 0.7491210875000001 0.684554865625 0.6170966484375
11 0.7474803359375 0.623121815625 0.68598524375 0.6214247140625 0.692485525 0.752577584375 0.7569071828125 0.754635734375 0.7474803359375 0.623121815625
11 0.809456915625 0.6270918578125 0.7498361796874999 0.6260995453125 0.7582625468749999 0.7553800125000001 0.8252940750000001 0.7579178453125001 0.809456915625 0.6270918578125
11 0.8727291796875001 0.6272718265624999 0.8113575359375 0.629178234375 0.8276153484375 0.7580689234375 0.8921507984374999 0.7599384125 0.8727291796875001 0.6272718265624999
8 0.8926088109375 0.759784334375 0.9510975500000001 0.7631663765625001 0.9543650015624999 0.7141546140624999 0.9358109140625 0.6316221 0.87340145 0.629693678125 0.8926088109375 0.759784334375