3 0.825 0.45390625 0.11796875 0.140625
13 0.359375 0.440625 0.1 0.1390625
18 0.73203125 0.45 0.1140625 0.13984375
15 0.41484375 0.1609375 0.04296875 0.06015625
8 0.45078125 0.44296875 0.09375 0.13828125
9 0.6390625 0.44609375 0.10625 0.1421875
28 0.43671875 0.19921875 0.03984375 0.0328125
20 0.459375 0.16328125 0.046875 0.0578125
19 0.26484375 0.44375 0.10859375 0.140625
10 0.36484375 0.1609375 0.04375 0.06328125
23 0.5109375 0.17578125 0.04921875 0.08046875
0 0.265625 0.1546875 0.0453125 0.0625
29 0.6109375 0.16875 0.0484375 0.06328125
30 0.7328125 0.27265625 0.07265625 0.0359375
14 0.1671875 0.43984375 0.11015625 0.140625
26 0.5609375 0.1671875 0.046875 0.0609375
27 0.66875 0.27421875 0.075 0.03828125
5 0.3140625 0.16015625 0.04296875 0.06171875
32 0.659375 0.1703125 0.0515625 0.06484375
24 0.5984375 0.26875 0.06953125 0.0375
4 0.54609375 0.4453125 0.09296875 0.13359375
33 0.80078125 0.27578125 0.06796875 0.03671875
31 0.48984375 0.20625 0.053125 0.02734375
11 0.3359375 0.26875 0.0734375 0.03984375
21 0.47109375 0.2703125 0.0640625 0.03828125
11 0.2703125 0.2640625 0.0765625 0.03984375
16 0.40546875 0.2671875 0.065625 0.0453125
1 0.20390625 0.26171875 0.05859375 0.04609375
35 0.8546875 0.26875 0.05703125 0.0390625
39 0.91953125 0.2625 0.05625 0.0359375
2 0.09296875 0.19609375 0.0515625 0.0375
7 0.14765625 0.1953125 0.0453125 0.0421875
12 0.20390625 0.19921875 0.040625 0.02734375
17 0.26328125 0.20234375 0.0453125 0.034375
22 0.32109375 0.203125 0.040625 0.03125
25 0.37734375 0.2015625 0.03984375 0.0328125
34 0.575 0.21015625 0.04765625 0.03046875
38 0.6296875 0.21484375 0.03828125 0.03203125
36 0.68359375 0.215625 0.040625 0.03828125
40 0.73828125 0.20859375 0.0453125 0.03828125
41 0.79453125 0.21015625 0.04296875 0.0359375
37 0.85546875 0.21640625 0.0484375 0.03828125