8 0.25 0.6015625 0.06171875 0.1046875
13 0.31015625 0.6046875 0.0625 0.10546875
11 0.27734375 0.40234375 0.06171875 0.10390625
26 0.675 0.80625 0.06484375 0.1109375
6 0.33671875 0.4046875 0.0625 0.1015625
15 0.23984375 0.81875 0.06328125 0.1109375
17 0.2875 0.15703125 0.06171875 0.09921875
10 0.29921875 0.81640625 0.06328125 0.109375
35 0.57109375 0.38984375 0.0609375 0.1109375
18 0.6078125 0.6171875 0.06328125 0.10390625
14 0.4328125 0.603125 0.0625 0.10390625
2 0.46484375 0.18515625 0.0625 0.1
22 0.228125 0.16796875 0.0625 0.09765625
31 0.05234375 0.1515625 0.06328125 0.09765625
20 0.1734375 0.80625 0.065625 0.1125
32 0.54765625 0.81796875 0.06484375 0.11015625
9 0.66796875 0.6140625 0.0640625 0.10859375
39 0.45703125 0.396875 0.06171875 0.10078125
28 0.109375 0.15703125 0.0640625 0.09765625
30 0.69453125 0.43984375 0.06171875 0.10546875
27 0.75703125 0.43828125 0.06171875 0.103125
19 0.371875 0.60703125 0.0640625 0.10625
34 0.88125 0.1921875 0.05859375 0.09765625
16 0.21640625 0.39453125 0.06171875 0.10546875
0 0.4265625 0.82890625 0.06328125 0.11015625
37 0.58203125 0.1875 0.059375 0.09765625
5 0.3640625 0.83359375 0.06328125 0.11015625
12 0.34609375 0.16796875 0.0609375 0.09765625
1 0.39921875 0.3859375 0.0609375 0.10234375
29 0.609375 0.81875 0.065625 0.1109375
23 0.7359375 0.81328125 0.06015625 0.11328125
38 0.8203125 0.19140625 0.06171875 0.0984375
24 0.8171875 0.40234375 0.059375 0.10390625
33 0.6328125 0.4140625 0.0609375 0.10546875
41 0.640625 0.190625 0.06015625 0.096875
36 0.76171875 0.209375 0.06171875 0.0984375
7 0.40703125 0.1671875 0.0625 0.096875
21 0.15546875 0.38203125 0.06328125 0.10546875
3 0.54609375 0.61875 0.0609375 0.10546875
40 0.69921875 0.1921875 0.059375 0.0953125
25 0.16796875 0.16171875 0.06328125 0.0984375
4 0.7296875 0.6140625 0.0609375 0.10625