10 0.2812673611111111 0.81015625 0.08399884259259256 0.13828125
0 0.4259490740740741 0.8299479166666668 0.07929976851851847 0.1371875000000003
27 0.7729513888888889 0.44020833333333337 0.07403356481481485 0.09781249999999986
35 0.578587962962963 0.38588541666666665 0.06385416666666668 0.0955729166666667
11 0.27807291666666667 0.3838020833333333 0.07012731481481485 0.09755208333333343
9 0.6973726851851852 0.6068749999999999 0.0774131944444445 0.11520833333333336
13 0.3004745370370371 0.5788541666666667 0.07346064814814816 0.11182291666666658
33 0.6461226851851852 0.4138020833333334 0.06463541666666668 0.09562500000000007
20 0.13277199074074075 0.7963541666666667 0.09189236111111114 0.1442708333333334
30 0.7112326388888889 0.43609375000000006 0.06779513888888893 0.09817708333333322
32 0.5694675925925926 0.82390625 0.07942708333333322 0.14578125000000028
14 0.4379050925925926 0.5833333333333334 0.06796875 0.10989583333333322
24 0.8326099537037038 0.4106249999999999 0.07320601851851834 0.09463541666666657
29 0.6436979166666668 0.8296354166666667 0.07936921296296298 0.14187499999999992
8 0.2340451388888889 0.5728645833333333 0.07737847222222224 0.11286458333333335
2 0.46678240740740745 0.21453124999999998 0.058200231481481526 0.08270833333333334
18 0.6271643518518518 0.6092187499999999 0.07348379629629634 0.11338541666666657
19 0.37004050925925924 0.5858333333333333 0.07190972222222225 0.1125
17 0.30015625 0.18859375 0.06359953703703702 0.07838541666666665
34 0.8675173611111111 0.238125 0.06674768518518519 0.08015625000000001
21 0.15674768518518517 0.3601041666666667 0.07479166666666667 0.09630208333333332
6 0.33826388888888886 0.39015625 0.06856481481481484 0.09744791666666668
3 0.5599652777777777 0.6039583333333333 0.07192129629629633 0.11328125
15 0.2079224537037037 0.8115104166666667 0.08957175925925923 0.14567708333333335
31 0.07746527777777777 0.17140625 0.06910300925925925 0.08109375
22 0.2432291666666667 0.19182291666666668 0.06442708333333336 0.08156249999999998
28 0.12989004629629627 0.18036458333333333 0.06832175925925928 0.08104166666666668
7 0.4150231481481481 0.1978125 0.059704861111111104 0.07890625
26 0.7208796296296296 0.8238541666666667 0.08171296296296297 0.14203125000000014
39 0.4623206018518518 0.3875 0.06309606481481467 0.09708333333333333
1 0.40361111111111114 0.37578125 0.0646238425925926 0.09484375000000007
38 0.8128414351851851 0.23526041666666667 0.06679398148148152 0.08328125000000001
23 0.7935821759259258 0.8318229166666666 0.08410300925925931 0.1453125
4 0.7622048611111112 0.6104166666666666 0.07660879629629633 0.11359375000000008
12 0.3557060185185185 0.19776041666666666 0.06049768518518519 0.07973958333333338
16 0.21860532407407404 0.37359375000000006 0.07168981481481485 0.09765625
41 0.6386574074074074 0.22598958333333333 0.061302083333333354 0.08135416666666666
36 0.7536631944444444 0.24458333333333332 0.06601273148148153 0.08322916666666665
40 0.6949074074074074 0.22973958333333333 0.06127893518518519 0.07979166666666666
37 0.5800289351851852 0.21973958333333332 0.05816550925925927 0.08036458333333334
25 0.18928819444444445 0.18588541666666666 0.06596643518518519 0.08010416666666664
5 0.35260416666666666 0.8313020833333333 0.08326388888888889 0.14135416666666673