28 0.590625 0.46328125 0.06484375 0.0875
12 0.28359375 0.4609375 0.06953125 0.08828125
7 0.34375 0.4609375 0.06796875 0.08828125
17 0.22109375 0.4609375 0.0734375 0.08984375
8 0.09453125 0.4609375 0.08046875 0.0890625
31 0.5296875 0.4625 0.059375 0.08515625
19 0.7109375 0.4671875 0.06796875 0.0875
35 0.8921875 0.46875 0.0796875 0.08984375
2 0.40859375 0.4609375 0.0640625 0.08671875
22 0.1578125 0.4609375 0.075 0.08828125
9 0.76875 0.46640625 0.0703125 0.08828125
14 0.8328125 0.4703125 0.07578125 0.08828125
34 0.4671875 0.4625 0.059375 0.0875
25 0.65 0.46328125 0.06640625 0.0859375