14 0.721875 0.44921875 0.0703125 0.090625
17 0.22421875 0.44296875 0.0734375 0.0921875
31 0.475 0.446875 0.06015625 0.08984375
8 0.346875 0.446875 0.06953125 0.09140625
28 0.4140625 0.44453125 0.0640625 0.08984375
2 0.59765625 0.446875 0.06484375 0.08984375
9 0.78515625 0.4515625 0.07421875 0.0921875
7 0.10078125 0.44375 0.08046875 0.09453125
12 0.16328125 0.44296875 0.0765625 0.09140625
34 0.5375 0.44609375 0.0625 0.090625
22 0.28515625 0.44375 0.07109375 0.090625
35 0.66015625 0.44765625 0.06796875 0.09140625
19 0.84609375 0.4515625 0.07734375 0.09140625
36 0.68828125 0.175 0.0375 0.02734375
25 0.91015625 0.45078125 0.08046875 0.09375
38 0.64921875 0.1734375 0.0375 0.02890625
32 0.6125 0.171875 0.0359375 0.028125
40 0.721875 0.17578125 0.04140625 0.02734375
41 0.7609375 0.17734375 0.04140625 0.02734375
10 0.5671875 0.18515625 0.03359375 0.02109375
5 0.5265625 0.18203125 0.03515625 0.0203125
0 0.48984375 0.17734375 0.0328125 0.01875
37 0.453125 0.1765625 0.0328125 0.01796875
29 0.41640625 0.1765625 0.03046875 0.0234375
26 0.3796875 0.17265625 0.03125 0.02578125
23 0.34140625 0.175 0.03046875 0.0234375
20 0.3046875 0.175 0.0328125 0.01875
15 0.26640625 0.17734375 0.02734375 0.021875