31 0.47094907407407405 0.28016203703703707 0.06753472222222215 0.09086805555555558
14 0.7672453703703704 0.6138715277777778 0.08579282407407404 0.11635416666666672
8 0.5582175925925925 0.6029803240740741 0.07881944444444447 0.11692708333333321
35 0.18776041666666665 0.4142708333333333 0.08269675925925926 0.10612847222222221
13 0.627806712962963 0.6042592592592593 0.08026620370370381 0.11541087962962955
27 0.5197337962962962 0.4248900462962963 0.07039930555555554 0.09796875000000008
23 0.44027777777777777 0.8210648148148149 0.08423032407407405 0.13735532407407405
10 0.6666666666666666 0.8301215277777778 0.0893518518518519 0.13282986111111086
15 0.5921296296296296 0.8216493055555556 0.08958333333333321 0.13595486111111085
39 0.12118055555555556 0.41464699074074074 0.08258101851851851 0.10456597222222222
32 0.2124710648148148 0.8205787037037038 0.09221643518518521 0.13993055555555572
20 0.5153935185185186 0.8217245370370371 0.08729745370370363 0.13666666666666671
33 0.390943287037037 0.41950810185185183 0.0729166666666666 0.1003819444444444
9 0.417332175925926 0.5917592592592593 0.07821180555555554 0.11924768518518522
22 0.6534722222222222 0.2894849537037037 0.07216435185185191 0.0902256944444444
0 0.815943287037037 0.8337615740740741 0.09415509259259273 0.13453124999999985
28 0.5320023148148149 0.2804050925925926 0.0674768518518519 0.09008680555555557
11 0.7798900462962962 0.43259837962962966 0.07905092592592596 0.09900462962962955
12 0.7784143518518519 0.2939699074074074 0.07282986111111107 0.08868634259259256
16 0.7158854166666666 0.4299189814814815 0.07604166666666679 0.10047453703703706
2 0.8952835648148149 0.29116898148148146 0.07595486111111142 0.08877893518518523
1 0.9075810185185185 0.43168402777777776 0.08295717592592596 0.09912037037037039
24 0.5837962962962963 0.42678819444444444 0.07280092592592595 0.09881944444444439
3 0.27717013888888886 0.5813425925925926 0.0843460648148148 0.11787037037037038
17 0.7140914351851851 0.2850173611111111 0.07216435185185191 0.0902256944444444
38 0.3450810185185185 0.267037037037037 0.07155671296296298 0.09254629629629622
6 0.8443576388888889 0.4290277777777778 0.08217592592592596 0.09909722222222221
37 0.09716435185185185 0.25264467592592593 0.07870370370370369 0.09431712962962964
19 0.698119212962963 0.6063425925925926 0.0826099537037038 0.11548032407407405
26 0.36516203703703703 0.8204050925925926 0.08796296296296298 0.13512731481481452
4 0.48897569444444444 0.597013888888889 0.07731481481481488 0.11766203703703706
29 0.28541666666666665 0.8188252314814815 0.09108796296296298 0.13521990740740755
21 0.647800925925926 0.4294675925925926 0.07291666666666678 0.1003819444444444
40 0.22523148148148148 0.2572222222222222 0.07355324074074074 0.08792824074074072
36 0.28695023148148147 0.25905092592592593 0.07384259259259256 0.09183449074074072
34 0.40850694444444446 0.2775289351851852 0.06759259259259257 0.09164930555555557
30 0.45405092592592594 0.4237268518518519 0.07057291666666679 0.10031250000000007
5 0.7402777777777778 0.8299537037037037 0.09493634259259257 0.134554398148148
41 0.16085069444444444 0.24905092592592593 0.07853009259259261 0.09197337962962963
7 0.8359664351851851 0.2886284722222222 0.07511574074074083 0.08797453703703706
18 0.34965277777777776 0.5858391203703703 0.08211805555555554 0.11936342592592589
25 0.5940393518518519 0.28850694444444447 0.0698206018518519 0.09015624999999998