38 0.6515625 0.5671875 0.06953125 0.11171875
28 0.44921875 0.56328125 0.06640625 0.1109375
31 0.515625 0.5625 0.065625 0.109375
12 0.17734375 0.55625 0.06875 0.1125
34 0.5828125 0.56484375 0.0671875 0.11171875
2 0.04296875 0.55234375 0.07109375 0.11328125
36 0.71796875 0.56640625 0.0703125 0.11015625
37 0.91796875 0.57734375 0.0796875 0.1125
7 0.11015625 0.553125 0.07109375 0.11171875
22 0.31171875 0.5609375 0.06875 0.1125
17 0.2453125 0.559375 0.06875 0.11328125
11 0.27265625 0.46953125 0.04609375 0.04375
41 0.8484375 0.5734375 0.07265625 0.11015625
40 0.7796875 0.57109375 0.07109375 0.1109375
25 0.3828125 0.5625 0.06640625 0.11171875
6 0.228125 0.4671875 0.046875 0.0453125
1 0.1765625 0.46640625 0.053125 0.04609375
16 0.321875 0.471875 0.04765625 0.0421875
27 0.46640625 0.4796875 0.046875 0.0421875
24 0.415625 0.478125 0.0484375 0.04140625
21 0.36875 0.47578125 0.04765625 0.040625
30 0.5390625 0.4765625 0.04453125 0.03828125
33 0.5921875 0.4796875 0.04296875 0.03515625