27 0.7993229166666667 0.7871122685185186 0.06800347222222225 0.10718750000000003
10 0.3306597222222222 0.3429571759259259 0.0663368055555555 0.10482060185185187
8 0.23909722222222224 0.14485532407407406 0.06545138888888893 0.10246527777777778
24 0.8589409722222221 0.7934606481481482 0.06644097222222242 0.10716435185185187
18 0.6147222222222222 0.16447337962962966 0.07041666666666657 0.1087847222222222
35 0.6171701388888889 0.7992476851851851 0.0639930555555555 0.10478587962962962
32 0.5965972222222222 0.35392361111111115 0.07289930555555557 0.11194444444444436
23 0.7786458333333334 0.3745775462962963 0.07282986111111107 0.11038194444444435
26 0.7188888888888889 0.3651041666666667 0.07282986111111107 0.11038194444444445
33 0.6793229166666667 0.7923611111111111 0.06715277777777776 0.10561342592592596
22 0.27307291666666667 0.5755439814814814 0.06470486111111118 0.1032349537037037
16 0.27177083333333335 0.7746122685185185 0.06473958333333334 0.10401620370370387
19 0.3760416666666667 0.16952546296296295 0.06875 0.10641782407407412
13 0.3 0.14497685185185186 0.06864583333333334 0.10407407407407407
39 0.5599999999999999 0.7952777777777778 0.0647743055555555 0.10479745370370389
11 0.3329340277777778 0.7981597222222222 0.0647048611111111 0.10323495370370388
28 0.15347222222222223 0.5722106481481481 0.06552083333333333 0.10402777777777779
2 0.5165277777777778 0.5900810185185186 0.06402777777777775 0.10556712962962962
9 0.67484375 0.16458333333333336 0.07190972222222207 0.10724537037037037
6 0.39203124999999994 0.7927893518518518 0.06776041666666668 0.10171875000000004
20 0.20880208333333333 0.3591087962962963 0.06470486111111118 0.1032349537037037
31 0.09190972222222223 0.5572453703703704 0.06310763888888889 0.10243055555555554
5 0.38993055555555556 0.34149305555555554 0.06633680555555559 0.10482060185185187
0 0.45223958333333336 0.3556886574074074 0.06487847222222225 0.1071412037037037
38 0.8551215277777778 0.5318576388888889 0.07190972222222243 0.10724537037037045
14 0.4353472222222223 0.16884259259259257 0.0678993055555555 0.10484375000000004
36 0.7977604166666667 0.5411574074074075 0.06953125 0.10642939814814803
29 0.6569618055555555 0.3595023148148148 0.07439236111111107 0.11040509259259253
15 0.27102430555555557 0.35378472222222224 0.0655555555555555 0.10480902777777779
21 0.20939236111111112 0.7939872685185185 0.06467013888888892 0.1024537037037037
40 0.7346180555555556 0.5433449074074075 0.07269097222222225 0.10725694444444436
41 0.6777430555555556 0.563582175925926 0.07034722222222207 0.10722222222222229
34 0.9175520833333334 0.5312210648148148 0.06644097222222242 0.10716435185185187
17 0.3344097222222222 0.5678645833333333 0.06552083333333333 0.10402777777777779
12 0.39477430555555554 0.5734432870370371 0.06392361111111108 0.10322337962962962
30 0.7381597222222223 0.7986979166666667 0.0663368055555555 0.10482060185185187
37 0.6175520833333333 0.5619097222222222 0.0694618055555555 0.10486689814814802
7 0.4571006944444445 0.570462962962963 0.06630208333333343 0.10403935185185187
25 0.2166840277777778 0.5715856481481482 0.06548611111111109 0.10324652777777779
1 0.4558680555555556 0.8062268518518518 0.0647743055555555 0.10479745370370389
4 0.7342881944444445 0.16702546296296297 0.0711631944444445 0.10801504629629628
3 0.5551736111111112 0.1596875 0.069670138888889 0.10955439814814816