11 0.33241898148148147 0.5199768518518518 0.06808449074074074 0.11321759259259263
27 0.650318287037037 0.5034780092592592 0.07047453703703699 0.11491898148148146
33 0.522974537037037 0.5110243055555556 0.0664756944444445 0.11156249999999997
13 0.07784722222222222 0.5311631944444445 0.07040509259259257 0.11257523148148145
24 0.7150925925925926 0.5019791666666666 0.06969328703703699 0.11487268518518512
16 0.27076967592592593 0.5212905092592592 0.06495949074074074 0.11303240740740747
6 0.39576967592592593 0.5138831018518519 0.06730324074074065 0.1131712962962963
1 0.45826967592592593 0.5101793981481482 0.06489004629629633 0.11068865740740748
21 0.20755787037037038 0.5226967592592592 0.06571759259259258 0.11229745370370381
30 0.5877951388888889 0.507962962962963 0.0672569444444445 0.1116087962962963
18 0.14342592592592593 0.5288368055555555 0.07042824074074075 0.11335648148148145
39 0.9109548611111112 0.49817129629629625 0.066545138888889 0.11390625000000014
4 0.8461805555555555 0.4996701388888889 0.07118634259259267 0.11262152777777779
3 0.7806481481481481 0.5004340277777778 0.06424768518518516 0.11532986111111114