32 0.09966435185185185 0.4798958333333333 0.07880208333333334 0.09314236111111107
0 0.46597222222222223 0.4584722222222222 0.060827546296296296 0.09196180555555564
38 0.16057291666666668 0.47463541666666664 0.07724537037037038 0.093888888888889
23 0.7769444444444444 0.45625 0.07412615740740733 0.0946006944444445
10 0.5862962962962962 0.4573611111111111 0.06315393518518526 0.08967013888888893
15 0.6495833333333334 0.4567361111111111 0.0662962962962963 0.09208333333333343
20 0.7144328703703703 0.4560763888888889 0.06942708333333343 0.09293402777777793
29 0.9011574074074075 0.4527083333333334 0.08039351851851854 0.09708333333333333
36 0.21914351851851852 0.47020833333333334 0.07411458333333334 0.0930381944444445
26 0.8386516203703703 0.4533159722222222 0.07647569444444428 0.09543402777777779
40 0.2816550925925926 0.4703819444444445 0.06940972222222222 0.09059027777777792
41 0.3425810185185185 0.4674652777777778 0.06863425925925926 0.09135416666666671
5 0.5261284722222221 0.45713541666666674 0.060821759259259166 0.09118055555555564
37 0.4035069444444444 0.4645486111111111 0.06393518518518526 0.08968750000000014