28 0.39907986111111116 0.4450868055555556 0.06678819444444448 0.09038194444444443
12 0.7061631944444444 0.4290972222222222 0.07149305555555543 0.09137152777777775
7 0.6460069444444445 0.4317708333333334 0.06993055555555543 0.09130208333333342
17 0.7686631944444444 0.4263194444444444 0.07543402777777786 0.093107638888889
8 0.8952256944444444 0.4206944444444445 0.08244791666666665 0.0926388888888889
31 0.4600347222222222 0.4415972222222222 0.061267361111111106 0.08779513888888886
19 0.27868055555555554 0.45434027777777786 0.06991319444444448 0.09052083333333343
35 0.09739583333333333 0.46395833333333336 0.08168402777777779 0.09338541666666664
2 0.5811631944444444 0.43465277777777783 0.06598958333333335 0.08956597222222236
22 0.8319444444444445 0.4235069444444444 0.07696180555555543 0.09161458333333332
9 0.22088541666666667 0.4561284722222222 0.07227430555555552 0.09140625
14 0.1567361111111111 0.4628819444444444 0.07774305555555552 0.09164930555555557
34 0.5225347222222222 0.43881944444444443 0.06131944444444439 0.09013888888888885
25 0.3397048611111111 0.4477256944444445 0.06831597222222215 0.08888888888888893