32 0.359375 0.469212962962963 0.0609375 0.0887326388888889
31 0.77109375 0.45991319444444445 0.06796875 0.09112847222222217
27 0.3 0.47043402777777776 0.0671875 0.08956018518518523
26 0.184375 0.47441550925925924 0.06796875 0.08956597222222218
19 0.4203125 0.4656365740740741 0.0609375 0.0887326388888889
28 0.83203125 0.4578993055555555 0.06953125 0.09192129629629626
37 0.89140625 0.4566782407407407 0.071875 0.09037615740740748
0 0.7125 0.4595659722222222 0.0640625 0.08953703703703705
34 0.47734375 0.4659953703703703 0.05703125 0.08870370370370359
29 0.2421875 0.4724247685185185 0.06953125 0.09114004629629627
18 0.653125 0.4600057870370371 0.06171875 0.08795717592592603
17 0.59453125 0.4643460648148148 0.059375 0.08872106481481482
30 0.1265625 0.47640625 0.07265625 0.09116319444444443
4 0.53671875 0.4671180555555555 0.05859375 0.08793402777777785
38 0.26875 0.33316550925925925 0.05390625 0.029305555555555605
15 0.56953125 0.32390625 0.04140625 0.02530671296296294
12 0.609375 0.2978298611111111 0.0421875 0.02218749999999998
40 0.74296875 0.32184027777777774 0.05234375 0.026950231481481523
3 0.7890625 0.3207175925925926 0.0546875 0.02774884259259256
5 0.3609375 0.33013888888888887 0.04140625 0.02765046296296294
8 0.48515625 0.32609374999999996 0.040625 0.02686342592592599
2 0.440625 0.3272048611111111 0.0421875 0.02531250000000007
36 0.65390625 0.3225 0.04609375 0.02221643518518519
10 0.61171875 0.32515625 0.04453125 0.026111111111111106
23 0.44609375 0.3006018518518519 0.0390625 0.021383101851851903
20 0.53046875 0.32341435185185186 0.0390625 0.026851851851851904
6 0.56796875 0.2973553240740741 0.03984375 0.020607638888888856
1 0.653125 0.29672453703703705 0.04609375 0.01987268518518519
37 0.7 0.3229398148148148 0.05 0.026151620370370398
9 0.4890625 0.30028356481481483 0.03984375 0.021388888888888857
25 0.3265625 0.3038310185185185 0.04609375 0.02143518518518519
7 0.3984375 0.32751736111111107 0.0375 0.02684027777777782
11 0.3140625 0.33048611111111115 0.04453125 0.027673611111111107
22 0.22265625 0.3350694444444445 0.046875 0.026128472222222143
33 0.7703125 0.2927314814814815 0.034375 0.025254629629629655
24 0.73203125 0.2937962962962963 0.02890625 0.022870370370370364
16 0.68984375 0.2956712962962963 0.03671875 0.02370949074074069
41 0.52890625 0.29920717592592594 0.03359375 0.024467592592592614
13 0.40703125 0.3024537037037037 0.03984375 0.025295138888888857
39 0.36796875 0.3019618055555556 0.0328125 0.02133680555555557
14 0.2859375 0.30413194444444447 0.0375 0.02371527777777782
21 0.2453125 0.30833912037037037 0.0390625 0.026070601851851904