14 0.278125 0.4368576388888889 0.0703125 0.09375
17 0.77578125 0.40848958333333335 0.0734375 0.09545138888888882
31 0.525 0.42354166666666665 0.06015625 0.09251736111111111
8 0.653125 0.4178472222222222 0.06953125 0.09449652777777776
28 0.5859375 0.4184895833333334 0.0640625 0.09269097222222236
2 0.40234375 0.42899305555555556 0.06484375 0.09272569444444442
9 0.21484375 0.44201388888888893 0.07421875 0.09548611111111108
7 0.89921875 0.4037847222222222 0.08046875 0.09810763888888889
12 0.83671875 0.40578125 0.0765625 0.09480902777777782
34 0.4625 0.4255381944444444 0.0625 0.09340277777777786
22 0.71484375 0.4119791666666667 0.07109375 0.09378472222222226
35 0.33984375 0.4325520833333334 0.06796875 0.09442708333333343
19 0.15390625 0.4447222222222222 0.07734375 0.09484375000000007
36 0.31171875 0.16114583333333332 0.0375 0.02901041666666666
25 0.08984375 0.44678819444444445 0.08046875 0.09732638888888889
38 0.35078125 0.15784722222222222 0.0375 0.03057291666666666
32 0.3875 0.1546527777777778 0.0359375 0.02972222222222225
40 0.278125 0.1634201388888889 0.04140625 0.029184027777777777
41 0.2390625 0.16671875 0.04140625 0.029184027777777777
10 0.4328125 0.1659201388888889 0.03359375 0.02258680555555559
5 0.4734375 0.16098958333333332 0.03515625 0.021875
0 0.51015625 0.15467013888888886 0.0328125 0.02020833333333334
37 0.546875 0.15225694444444443 0.0328125 0.019427083333333338
29 0.58359375 0.150625 0.03046875 0.024791666666666677
26 0.6203125 0.14508680555555556 0.03125 0.027170138888888883
23 0.65859375 0.14572916666666666 0.03046875 0.024791666666666677
20 0.6953125 0.14409722222222224 0.0328125 0.02020833333333334
15 0.73359375 0.1447395833333333 0.02734375 0.02309027777777777