31 0.6582638888888889 0.39156250000000004 0.08838541666666658 0.10967013888888885
34 0.744375 0.3895659722222223 0.09005208333333332 0.11204861111111111
7 0.13961805555555556 0.37769097222222225 0.09015624999999998 0.1143923611111111
28 0.5715798611111111 0.38885416666666667 0.086857638888889 0.11041666666666661
10 0.22130208333333332 0.4928993055555556 0.09019097222222223 0.1151736111111111
25 0.48720486111111116 0.38697916666666665 0.08760416666666657 0.10965277777777774
15 0.3095486111111111 0.4956423611111111 0.0902256944444444 0.11595486111111111
5 0.13451388888888888 0.4925347222222222 0.09182291666666668 0.11677083333333335
6 0.14461805555555554 0.2651909722222222 0.09243055555555557 0.1128819444444444
37 0.7404166666666667 0.6193923611111111 0.09206597222222221 0.12223958333333336
17 0.31468749999999995 0.3800173611111111 0.08934027777777782 0.11359375000000008
20 0.3970486111111111 0.49758680555555557 0.08628472222222223 0.11508680555555557
19 0.6519618055555556 0.6213368055555556 0.08869791666666664 0.11670138888888885
24 0.4898958333333333 0.2736458333333333 0.08923611111111107 0.11124999999999999
23 0.5673958333333333 0.5005902777777778 0.08621527777777782 0.11352430555555557
29 0.6548958333333333 0.5025347222222223 0.08781250000000007 0.11434027777777764
0 0.046232638888888886 0.49057291666666664 0.09026041666666666 0.11673611111111111
26 0.4806076388888888 0.5002256944444444 0.08937500000000007 0.11437500000000007
40 0.8384722222222223 0.2782638888888889 0.08909722222222242 0.10812500000000007
12 0.2247048611111111 0.38114583333333335 0.09008680555555557 0.11282986111111111
32 0.7416840277777779 0.5028993055555555 0.08940972222222214 0.11515625000000007
11 0.23140624999999998 0.26555555555555554 0.09005208333333332 0.11204861111111111
27 0.5797048611111111 0.2764236111111111 0.088420138888889 0.11045138888888886
41 0.8194791666666668 0.7407986111111111 0.0813194444444445 0.108732638888889
30 0.6634722222222222 0.274375 0.09079861111111107 0.11128472222222223
2 0.050416666666666665 0.3788368055555556 0.08859375 0.11435763888888886
35 0.8240104166666666 0.6212500000000001 0.08805555555555564 0.11980902777777765
39 0.7326909722222222 0.7404340277777778 0.08458333333333332 0.11192708333333332
1 0.057013888888888885 0.2655902777777778 0.08848958333333334 0.11201388888888886
33 0.7524652777777778 0.2779166666666667 0.08987847222222226 0.10814236111111111
16 0.3180208333333333 0.2698263888888889 0.09008680555555557 0.11282986111111111
14 0.5644965277777778 0.6186111111111112 0.08727430555555564 0.11979166666666678
22 0.4005208333333333 0.38427083333333334 0.08692708333333332 0.1119791666666666
4 0.38871527777777776 0.6147048611111111 0.08652777777777772 0.12055555555555557
9 0.47546875 0.6158506944444444 0.08798611111111114 0.11824652777777782
38 0.8340798611111111 0.39468749999999997 0.0889930555555555 0.10578124999999998
36 0.8298958333333333 0.5064236111111111 0.08512152777777793 0.10647569444444435
21 0.40708333333333335 0.2718055555555555 0.08434027777777775 0.10645833333333332