35 0.6223958333333333 0.4379166666666666 0.11484375 0.11122106481481478
35 0.6369212962962962 0.21415509259259258 0.12228009259259257 0.12252314814814813
11 0.6142361111111111 0.552962962962963 0.12132523148148149 0.11779513888888893
6 0.6188078703703703 0.8084837962962963 0.12398726851851852 0.1265104166666667
12 0.29024884259259254 0.8582696759259261 0.13127893518518513 0.1549594907407407
34 0.8118344907407409 0.27058449074074076 0.13336226851851835 0.12699652777777776
22 0.36258680555555556 0.21044560185185182 0.11614583333333339 0.10427083333333335
17 0.1703125 0.24380787037037038 0.11617476851851852 0.12610532407407407
22 0.8124710648148149 0.14813078703703703 0.13353587962962976 0.13168402777777777
2 0.1917824074074074 0.33782407407407405 0.11461226851851851 0.12602430555555558
5 0.2598668981481481 0.7311863425925926 0.13237847222222224 0.1425405092592591
9 0.29855324074074074 0.5919444444444444 0.1263020833333334 0.1258506944444445
28 0.07073929398148147 0.8868807870370372 0.14147858796296295 0.171232638888889
41 0.8829282407407406 0.49848379629629636 0.13125 0.13312500000000008
16 0.8922164351851851 0.752980324074074 0.15205439814814808 0.14745949074074077
4 0.6284143518518519 0.31752314814814814 0.12010995370370381 0.12708912037037035
17 0.1355324074074074 0.6144328703703703 0.12855902777777778 0.12362847222222229
7 0.8861979166666666 0.6207349537037037 0.1424768518518519 0.14150462962962962
33 0.3263020833333333 0.3269502314814815 0.1109375 0.11101851851851849
30 0.1368634259259259 0.49428240740740736 0.12699652777777776 0.12354745370370371
5 0.12141203703703703 0.7430439814814814 0.13680555555555554 0.13575231481481503
3 0.32372685185185185 0.45964120370370376 0.12311921296296298 0.12412615740740733
37 0.6088831018518518 0.6764409722222222 0.12468171296296297 0.12420717592592592
30 0.8223958333333334 0.38543981481481476 0.1009837962962962 0.09490740740740744