25 0.11906249999999999 0.7455208333333333 0.15727430555555558 0.26713541666666674
8 0.86359375 0.20296875 0.1407465277777778 0.22546875000000002
11 0.4301388888888889 0.6958333333333334 0.14220486111111103 0.2559895833333332
34 0.28175347222222225 0.21515625 0.15852430555555558 0.2531770833333333
38 0.27407986111111116 0.71484375 0.15902777777777777 0.27583333333333326
6 0.5739930555555557 0.23322916666666668 0.15602430555555563 0.24598958333333334
1 0.8904166666666666 0.670625 0.1375 0.2548958333333333
36 0.4296006944444445 0.21390625000000002 0.14340277777777785 0.23968749999999997
35 0.7262847222222222 0.22072916666666664 0.14027777777777786 0.23947916666666663
33 0.58640625 0.6861979166666666 0.1563715277777778 0.26161458333333343
10 0.1145486111111111 0.2959375 0.19428819444444442 0.28286458333333336
33 0.7284374999999998 0.6696875 0.15842013888888892 0.2484895833333333