0 0.04375 0.48515625 0.0703125 0.7359375
0 0.11484375 0.49375 0.06875 0.7703125
0 0.18359375 0.48125 0.06796875 0.771875
35 0.2546875 0.55234375 0.06953125 0.765625
35 0.32421875 0.47265625 0.06875 0.7453125
35 0.39375 0.46640625 0.065625 0.7765625
39 0.46328125 0.48984375 0.06953125 0.75390625
39 0.53203125 0.4765625 0.06640625 0.74375
39 0.59921875 0.48359375 0.065625 0.74140625
41 0.665625 0.503125 0.06640625 0.7796875
41 0.73359375 0.42890625 0.0671875 0.7625
41 0.80390625 0.47265625 0.06875 0.7796875
37 0.87578125 0.53046875 0.06875 0.8171875
37 0.95 0.54453125 0.06953125 0.8453125