0 0.3280208333333333 0.6565856481481481 0.1274131944444445 0.12366898148148149
20 0.8590798611111111 0.31330439814814814 0.13382523148148132 0.12688657407407417
34 0.686255787037037 0.5840393518518519 0.12124421296296291 0.12513888888888883
15 0.34932291666666665 0.8110763888888888 0.12872106481481485 0.13383680555555558
25 0.17655671296296296 0.7964351851851852 0.14461805555555554 0.15436921296296297
26 0.18826967592592594 0.5398148148148147 0.12404513888888888 0.11893518518518516
36 0.34347800925925925 0.39678240740740744 0.11931712962962963 0.11808449074074065
38 0.18766203703703704 0.4225462962962963 0.1196122685185185 0.10872106481481474
39 0.8319270833333334 0.4380208333333334 0.1331655092592591 0.12921875000000008
2 0.3498611111111111 0.2786284722222222 0.12334490740740742 0.12048611111111107
21 0.16850694444444442 0.20391203703703703 0.11439814814814815 0.09849537037037033
38 0.3680497685185185 0.5238599537037036 0.12675347222222227 0.12600115740740742
41 0.6582870370370371 0.33113425925925927 0.11668981481481477 0.1125810185185185
15 0.6959837962962963 0.7113368055555556 0.1258506944444445 0.12364583333333332
17 0.8891898148148147 0.878917824074074 0.1290046296296296 0.13930555555555557
32 0.19839699074074074 0.3129282407407407 0.11439814814814815 0.09849537037037041
13 0.8866087962962963 0.7085127314814815 0.1260532407407407 0.12755208333333332
23 0.7113425925925926 0.8416782407407407 0.13012152777777786 0.13073495370370375
16 0.675150462962963 0.2190798611111111 0.1171875 0.10712384259259258
7 0.8396759259259259 0.5723842592592593 0.14469907407407412 0.155931712962963
14 0.8485185185185184 0.20009259259259257 0.12979745370370352 0.12448495370370374
37 0.15848958333333335 0.6590972222222222 0.10760995370370371 0.10307870370370367
27 0.6735648148148148 0.45991319444444445 0.11328125 0.10706597222222225
37 0.34983217592592586 0.15744212962962964 0.11834490740740744 0.09933449074074074