21 0.477662037037037 0.5224305555555555 0.05740740740740744 0.07384259259259256
20 0.4769097222222222 0.6060416666666667 0.059375 0.08479166666666664
29 0.3013310185185185 0.5992708333333333 0.06568287037037042 0.08640046296296297
28 0.34696180555555556 0.6965104166666667 0.06765046296296298 0.09734953703703705
15 0.5355613425925926 0.6049131944444445 0.06258680555555554 0.0871585648148148
14 0.38721064814814815 0.39047453703703705 0.050434027777777765 0.05426504629629632
10 0.5916666666666666 0.6092361111111111 0.06409143518518512 0.08560763888888889
11 0.5862557870370371 0.5232349537037038 0.05896990740740744 0.07385416666666664
25 0.41186342592592595 0.6954282407407407 0.06455439814814809 0.09810763888888889
35 0.5833333333333333 0.45444444444444443 0.054600694444444466 0.06132523148148152
5 0.6518518518518519 0.608900462962963 0.06889467592592595 0.08876736111111114
32 0.242505787037037 0.6050868055555556 0.07201967592592595 0.08879050925925931
31 0.28431712962962963 0.6999537037037037 0.07086226851851851 0.09971643518518505
23 0.4185474537037037 0.5993576388888889 0.05931712962962958 0.08322916666666665
7 0.6599247685185186 0.7074247685185184 0.07404513888888893 0.10130208333333321
34 0.2185185185185185 0.7041550925925926 0.07867476851851851 0.09977430555555564
0 0.707204861111111 0.6124363425925926 0.06961805555555571 0.08721064814814809
26 0.359837962962963 0.6020486111111112 0.06255787037037042 0.08637731481481481
12 0.6013599537037038 0.7062094907407408 0.07170138888888893 0.10128472222222236
6 0.6400173611111111 0.5275405092592592 0.06368634259259273 0.07467013888888889
13 0.5753761574074074 0.394994212962963 0.05196759259259274 0.05349537037037031
16 0.5323206018518519 0.5236168981481482 0.05740740740740726 0.07384259259259274
41 0.6309027777777778 0.4571412037037037 0.05616319444444447 0.06133680555555561
33 0.25873842592592594 0.5254976851851852 0.0635706018518519 0.07154513888888889
30 0.31524884259259256 0.5188831018518518 0.06212384259259256 0.07465856481481481
24 0.42306134259259254 0.519681712962963 0.055092592592592735 0.07460648148148152
22 0.4733796296296296 0.7013541666666667 0.06371527777777786 0.09653935185185177
3 0.6736400462962963 0.4004108796296296 0.058362268518518515 0.05744791666666664
27 0.3683738425925926 0.5192766203703704 0.05746527777777777 0.07540509259259257
18 0.5324652777777777 0.3931134259259259 0.045630787037037025 0.05110532407407407
19 0.34186921296296297 0.3909201388888889 0.051851851851851906 0.0503703703703704
1 0.6938368055555555 0.5302835648148149 0.06521990740740743 0.07390046296296297
17 0.5367476851851852 0.6994791666666667 0.06524884259259256 0.09576967592592603
40 0.3780671296296296 0.44745370370370374 0.05390625 0.06366319444444439
4 0.483912037037037 0.39587962962962964 0.047366898148148096 0.05580439814814806
9 0.43483796296296295 0.3916087962962963 0.04565972222222214 0.051886574074074154
8 0.626099537037037 0.3969328703703704 0.05040509259259256 0.053483796296296314
38 0.48177083333333337 0.4536921296296296 0.05387731481481488 0.0628819444444444
2 0.725462962962963 0.7102546296296296 0.0763310185185185 0.09975694444444443
37 0.5326388888888889 0.45172453703703697 0.05295138888888893 0.05896990740740726
36 0.42876157407407406 0.4501736111111111 0.05066550925925917 0.06051504629629641
39 0.684693287037037 0.4606655092592593 0.05778356481481488 0.06291087962962968