40 0.41583333333333333 0.5436516203703704 0.07642361111111118 0.06936342592592588
37 0.49012152777777784 0.5474131944444445 0.07411458333333343 0.07007523148148138
36 0.26664930555555555 0.5400115740740741 0.07904513888888882 0.07568287037037039
38 0.3399479166666667 0.5390625 0.0765625 0.07248842592592589
19 0.6085590277777777 0.47368055555555555 0.07645833333333343 0.07014467592592588
41 0.5673611111111111 0.5473611111111112 0.0758506944444445 0.07402777777777772
18 0.23770833333333333 0.46815393518518517 0.07734375 0.07251157407407405
14 0.6867534722222223 0.47755787037037034 0.0772743055555555 0.07094907407407405
9 0.3875 0.4679108796296296 0.07645833333333325 0.07014467592592588
4 0.46019097222222227 0.4708449074074075 0.0757118055555555 0.07090277777777772
8 0.5366840277777778 0.47155092592592596 0.07567708333333342 0.07012152777777772
3 0.7616493055555555 0.47743634259259266 0.08125 0.07262731481481488
13 0.31178819444444444 0.4672280092592593 0.07869791666666667 0.06787037037037039
35 0.7197743055555555 0.5534375 0.0766319444444445 0.07405092592592588
39 0.6438194444444445 0.5472858796296297 0.08213541666666657 0.07499421296296305