20 0.45936921296296296 0.5026388888888889 0.07380787037037032 0.13472800925925926
20 0.16225115740740742 0.5014525462962963 0.11556712962962963 0.10832175925925931
20 0.3786458333333333 0.5150578703703703 0.07765625000000007 0.13105324074074076
20 0.27936921296296297 0.5130844907407408 0.1068807870370371 0.1015625
23 0.5620543981481482 0.5384375 0.10862847222222224 0.11415509259259267
23 0.7747743055555556 0.5361863425925926 0.09188078703703706 0.14282407407407405
23 0.8575636574074075 0.5426562500000001 0.09265046296296298 0.1420891203703704
34 0.16811342592592596 0.052968749999999995 0.07465277777777776 0.08638310185185186
23 0.6708680555555555 0.5300289351851852 0.11408564814814817 0.11369791666666665
34 0.09704282407407408 0.04719328703703704 0.05502893518518519 0.07897569444444444
34 0.03535879629629629 0.04119212962962963 0.05811921296296296 0.07681712962962964