27 0.7152662037037038 0.36288194444444444 0.14193865740740746 0.1794270833333333
6 0.27362847222222225 0.3381712962962963 0.15287037037037035 0.17880787037037038
10 0.08872106481481482 0.6909490740740741 0.16694444444444445 0.2860358796296296
24 0.43905671296296295 0.3091550925925926 0.1347743055555556 0.16135416666666663
1 0.1399363425925926 0.32686921296296295 0.1513773148148148 0.18815972222222221
33 0.5875289351851852 0.6280844907407408 0.15802083333333333 0.2413773148148149
27 0.5726793981481482 0.31108217592592596 0.1270138888888889 0.16826967592592598
28 0.42421296296296296 0.6258159722222223 0.16038194444444454 0.24375578703703696
38 0.8564236111111111 0.32719328703703704 0.1295370370370371 0.19252314814814814
11 0.7459490740740741 0.6022974537037037 0.17362847222222227 0.2392650462962962
1 0.911066261574074 0.6802893518518518 0.17786747685185206 0.2659664351851852
0 0.24395833333333333 0.6573958333333334 0.16519097222222223 0.26023148148148145