7 0.3984375 0.44609375 0.05078125 0.0890625
25 0.59609375 0.4453125 0.0484375 0.0875
33 0.75078125 0.53046875 0.05078125 0.08984375
27 0.646875 0.53671875 0.0484375 0.08828125
21 0.5484375 0.53515625 0.04765625 0.0890625
28 0.64765625 0.446875 0.04765625 0.08671875
34 0.74453125 0.43984375 0.04921875 0.08828125
11 0.45 0.53984375 0.0484375 0.08828125
31 0.6953125 0.44375 0.0484375 0.08828125
16 0.4984375 0.53671875 0.0484375 0.08828125
6 0.4 0.5375 0.04921875 0.0875
22 0.55 0.44609375 0.04765625 0.08828125
12 0.45 0.44765625 0.0484375 0.08828125
17 0.49921875 0.4484375 0.04765625 0.08671875
30 0.7 0.53359375 0.04765625 0.08828125
24 0.59921875 0.53671875 0.04609375 0.0890625
1 0.3484375 0.5390625 0.04921875 0.08984375
2 0.34765625 0.44921875 0.05078125 0.08984375