25 0.14011574074074074 0.29008680555555555 0.19641203703703702 0.2965451388888889
41 0.764375 0.3825 0.1616782407407406 0.2702893518518518
26 0.5961400462962964 0.6707060185185185 0.14661458333333321 0.2545659722222222
23 0.9079976851851852 0.38242476851851853 0.16791666666666671 0.2698784722222222
35 0.2975636574074074 0.3275173611111111 0.1711342592592592 0.2763136574074074
24 0.28745949074074073 0.6992476851851851 0.1685706018518518 0.2613310185185185
40 0.752181712962963 0.6659027777777778 0.1451446759259259 0.26072337962962955
40 0.42059027777777774 0.6759143518518519 0.16086226851851854 0.2678993055555555
39 0.5922453703703704 0.3551273148148148 0.16958333333333328 0.2770023148148148
31 0.44634837962962964 0.3597511574074074 0.1514525462962963 0.26499999999999996
21 0.12574074074074076 0.6896643518518518 0.13235532407407408 0.24045138888888892
17 0.9094560185185185 0.6916145833333334 0.17507523148148146 0.2788888888888888