15 0.46453125 0.6028298611111111 0.16614583333333338 0.14020833333333335
0 0.5247395833333333 0.5071006944444445 0.1794791666666667 0.12958333333333344
22 0.42859375 0.4515104166666667 0.16296874999999994 0.12765625000000008
21 0.2722916666666667 0.6078819444444445 0.16885416666666667 0.13402777777777786
23 0.31859375 0.32289930555555557 0.14406249999999998 0.08979166666666671
10 0.5561979166666667 0.3745659722222222 0.17177083333333343 0.13097222222222218
28 0.5646354166666667 0.6692534722222222 0.18067708333333332 0.13585069444444428
4 0.13760416666666667 0.33472222222222225 0.14494791666666665 0.07967013888888888
38 0.7338541666666666 0.5063541666666667 0.1851041666666667 0.13204861111111105
2 0.9138020833333332 0.03512586805555555 0.11140625000000029 0.0702517361111111
26 0.29260416666666667 0.43190972222222224 0.14812499999999992 0.09222222222222225
31 0.7923958333333333 0.028797743055555557 0.13369791666666658 0.057595486111111115
36 0.19885416666666664 0.5510069444444444 0.165625 0.13239583333333335
8 0.8677083333333332 0.4526736111111111 0.18067708333333315 0.13585069444444448
14 0.10265625 0.5196006944444445 0.16859375000000001 0.13012152777777786
37 0.46552083333333333 0.33055555555555555 0.16526041666666663 0.12692708333333336
31 0.5444270833333332 0.2351909722222222 0.15401041666666657 0.12199652777777778
5 0.6972395833333334 0.23647569444444444 0.13973958333333342 0.10685763888888893
27 0.38234375 0.23255208333333335 0.15786458333333328 0.10960069444444445
36 0.3770833333333333 0.7327083333333333 0.14588541666666668 0.1288368055555555
19 0.7363020833333334 0.4111284722222222 0.171875 0.12083333333333339