7 0.6048668981481481 0.46837384259259257 0.051440972222222214 0.09094328703703702
25 0.40720486111111115 0.46027199074074077 0.04908564814814813 0.08929398148148149
33 0.2531481481481482 0.539699074074074 0.051446759259259255 0.09172453703703702
27 0.3571006944444445 0.5497974537037037 0.049091435185185175 0.09007523148148149
21 0.4555266203703704 0.551880787037037 0.04831597222222221 0.09082754629629619
28 0.3556539351851852 0.4599247685185185 0.04829861111111118 0.08848379629629619
34 0.25872685185185185 0.4493055555555555 0.04987268518518526 0.09010416666666679
11 0.5539988425925927 0.5602141203703704 0.04909143518518526 0.0900752314814813
31 0.30797453703703703 0.45503472222222224 0.049091435185185175 0.09007523148148149
16 0.5055381944444445 0.5552951388888889 0.04909143518518526 0.09007523148148149
6 0.6039814814814815 0.5597222222222222 0.04986689814814813 0.08932291666666661
22 0.4533043981481482 0.4627604166666666 0.04831018518518526 0.0900462962962962
12 0.5533159722222223 0.4680266203703704 0.04909143518518526 0.0900752314814813
17 0.5041030092592592 0.46698495370370363 0.048298611111111 0.08848379629629619
30 0.3039525462962963 0.544704861111111 0.04831018518518517 0.0900462962962962
24 0.40475694444444443 0.5515625 0.04675347222222222 0.09076967592592596
1 0.6555555555555556 0.5631944444444444 0.04988425925925917 0.09166666666666679
2 0.6556712962962964 0.4733796296296296 0.051446759259259164 0.09172453703703702