12 0.11796875 0.765625 0.16640625 0.27890625
3 0.5875 0.70234375 0.146875 0.25078125
9 0.421875 0.70546875 0.14140625 0.25703125
17 0.87578125 0.27109375 0.1859375 0.27734375
2 0.74609375 0.365625 0.17734375 0.27421875
28 0.0875 0.315625 0.16875 0.26484375
5 0.26484375 0.6578125 0.1640625 0.27265625
17 0.3890625 0.34609375 0.14296875 0.24921875
33 0.76328125 0.6703125 0.159375 0.2484375
22 0.928125 0.71484375 0.12890625 0.25234375
5 0.24140625 0.371875 0.14921875 0.25625
30 0.53984375 0.2953125 0.13515625 0.225