31 0.30617476851851855 0.46428819444444436 0.10094328703703699 0.056915509259259166
22 0.5795254629629629 0.48004629629629625 0.08848958333333332 0.05751157407407419
7 0.8451967592592592 0.4847627314814815 0.10030092592592581 0.059247685185185264
2 0.9294791666666666 0.4844502314814815 0.10429976851851848 0.0608680555555555
25 0.48701388888888886 0.47321180555555553 0.0875694444444445 0.05515624999999993
12 0.7537905092592594 0.48340856481481487 0.09565972222222215 0.059959490740740765
30 0.2990277777777778 0.40954282407407405 0.09579282407407401 0.04903356481481484
24 0.4688368055555555 0.41674189814814816 0.08329282407407419 0.04884837962962969
17 0.6647743055555555 0.48287037037037034 0.09400462962962948 0.058373842592592595
21 0.5517881944444445 0.4203125 0.08329282407407401 0.04884837962962969
16 0.637175925925926 0.425480324074074 0.08646412037037035 0.049675925925926026
34 0.2188136574074074 0.4653356481481481 0.10678240740740738 0.06324652777777792
28 0.4001099537037037 0.4688020833333333 0.0914756944444445 0.055214120370370524
33 0.2084953703703704 0.40976273148148146 0.09662037037037034 0.04982638888888893
6 0.8034895833333333 0.4263831018518519 0.09184027777777785 0.04819444444444443
27 0.38505787037037037 0.41237847222222224 0.0835243055555555 0.05275462962962969
11 0.7197569444444445 0.42280092592592594 0.09037037037037035 0.04973379629629626
1 0.8848784722222222 0.4299305555555556 0.08982060185185184 0.05362847222222218