14 0.8828125 0.709375 0.159375 0.259375
15 0.2875 0.296875 0.14375 0.23515625
41 0.7265625 0.29296875 0.140625 0.24140625
23 0.14375 0.30625 0.1375 0.23984375
20 0.7484375 0.70390625 0.1546875 0.25625
39 0.5921875 0.61484375 0.15546875 0.25390625
27 0.5671875 0.28984375 0.15078125 0.2484375
7 0.4421875 0.60390625 0.184375 0.27734375
17 0.1078125 0.646875 0.1359375 0.2421875
34 0.428125 0.30390625 0.14140625 0.2390625
13 0.29140625 0.66796875 0.1375 0.24375
16 0.86875 0.33515625 0.14296875 0.24140625