33 0.07123842592592593 0.27496527777777774 0.09681712962962963 0.42452546296296295
30 0.15176504629629628 0.2512210648148148 0.09088541666666669 0.432795138888889
27 0.23449074074074075 0.24458333333333332 0.09210069444444446 0.42350115740740746
21 0.31114004629629627 0.2640914351851852 0.09004629629629637 0.4311921296296296
16 0.3890625 0.27570601851851856 0.08666087962962958 0.4239988425925926
11 0.4651041666666666 0.2154050925925926 0.07974537037037024 0.38465277777777784
40 0.78125 0.18186921296296296 0.07199074074074083 0.3637384259259259
40 0.8496527777777778 0.18830729166666665 0.08715277777777786 0.3766145833333333
40 0.9217303240740741 0.18573640046296297 0.07728587962962977 0.37147280092592594
35 0.9566550925925925 0.6165162037037037 0.07141203703703702 0.4122916666666665
35 0.8822916666666668 0.6164583333333333 0.07242476851851834 0.4185821759259259
35 0.8060185185185185 0.6071064814814815 0.08220486111111107 0.3878993055555554
3 0.9742983217592591 0.2170529513888889 0.051403356481481664 0.4341059027777778
36 0.6172743055555555 0.24508680555555556 0.07745949074074084 0.38609375
36 0.540943287037037 0.2341724537037037 0.0794270833333334 0.37605902777777783