9 0.6160763888888889 0.45825810185185184 0.0787962962962963 0.09048032407407405
13 0.6919791666666667 0.45835648148148145 0.0882118055555555 0.09153935185185187
40 0.5916319444444444 0.37917245370370367 0.06696759259259259 0.07296874999999999
36 0.7272858796296295 0.36967592592592596 0.08517939814814816 0.07818865740740737
37 0.5221412037037038 0.3820138888888889 0.06918981481481482 0.0706944444444444
14 0.31784143518518515 0.47100694444444446 0.09528356481481488 0.0925289351851852
38 0.6626446759259259 0.37550347222222225 0.07724537037037038 0.07561342592592597
41 0.4574594907407407 0.3870601851851852 0.070954861111111 0.07464699074074073
3 0.24872685185185187 0.46601273148148153 0.10063078703703701 0.09034722222222236
19 0.39218171296296295 0.4711516203703704 0.0882118055555555 0.09153935185185169
39 0.3934375 0.38973958333333336 0.07494212962962958 0.07632523148148156
18 0.7619675925925926 0.45002314814814814 0.0967650462962963 0.09101273148148152
35 0.31897569444444446 0.38725115740740745 0.09076967592592596 0.08069444444444444
4 0.5410763888888889 0.46048032407407413 0.07599537037037045 0.09663773148148139
8 0.4678819444444445 0.46734375000000006 0.08043981481481488 0.09208912037037038