40 0.8875 0.49375 0.1890625 0.15546875
9 0.61171875 0.62109375 0.20703125 0.15546875
20 0.48203125 0.24140625 0.1578125 0.07578125
20 0.5671875 0.32890625 0.165625 0.1125
34 0.21171875 0.6484375 0.19140625 0.1359375
7 0.73671875 0.3984375 0.17421875 0.1453125
9 0.61953125 0.4390625 0.1703125 0.14375
1 0.3578125 0.3265625 0.17890625 0.14296875
12 0.34765625 0.1671875 0.171875 0.125
33 0.14609375 0.365625 0.17734375 0.10703125
10 0.29453125 0.43359375 0.17265625 0.11484375
30 0.471875 0.42734375 0.15703125 0.134375
41 0.51328125 0.1625 0.15625 0.08671875
35 0.44453125 0.67421875 0.18515625 0.16328125
26 0.528125 0.54375 0.18984375 0.14296875
35 0.28046875 0.24765625 0.16640625 0.13359375
21 0.2609375 0.5359375 0.1625 0.14765625
1 0.88125 0.3546875 0.178125 0.14453125
38 0.66640625 0.215625 0.115625 0.08125
37 0.740625 0.5359375 0.109375 0.09921875