33 0.9431828703703704 0.3198611111111111 0.0874768518518522 0.42392361111111115
30 0.8616435185185185 0.29671875000000003 0.08135416666666657 0.4322395833333334
27 0.7787962962962963 0.2906944444444445 0.08277777777777792 0.4229340277777777
21 0.7033622685185186 0.3107638888888889 0.08054976851851858 0.43064236111111115
16 0.62625 0.32295138888888886 0.07732060185185183 0.42347222222222225
11 0.5472916666666666 0.2632291666666666 0.07127314814814803 0.38416666666666666
40 0.2296875 0.2210069444444444 0.06348379629629627 0.38538194444444446
40 0.1618923611111111 0.22970486111111107 0.07845486111111111 0.3946354166666667
40 0.09009837962962963 0.23197916666666668 0.06888310185185183 0.38093750000000004
35 0.07781828703703704 0.6678645833333333 0.0623148148148148 0.41187500000000005
35 0.15197916666666667 0.6672569444444445 0.06318865740740742 0.4181597222222223
35 0.22756365740740742 0.65734375 0.07366319444444444 0.3873958333333333
3 0.030486111111111113 0.26602430555555556 0.0595949074074074 0.43907986111111114
36 0.3970659722222222 0.2940277777777778 0.06895254629629637 0.385625
36 0.4726273148148149 0.2825520833333333 0.07114583333333328 0.3755729166666667