5 0.6936979166666667 0.6516493055555556 0.12219907407407397 0.1326909722222222
20 0.3402662037037037 0.17171875 0.10462962962962959 0.10614583333333334
29 0.6582407407407407 0.5273611111111111 0.11014467592592592 0.109513888888889
29 0.8775752314814813 0.29324652777777777 0.12188657407407391 0.11159722222222221
29 0.1293113425925926 0.3382291666666667 0.106099537037037 0.09996527777777775
20 0.3336631944444445 0.5175520833333334 0.10548032407407408 0.1108680555555555
5 0.853761574074074 0.5327430555555556 0.1277141203703703 0.13605902777777779
22 0.7121064814814815 0.7860763888888889 0.13025462962962955 0.14944444444444455
6 0.3204166666666667 0.41494791666666664 0.11021412037037041 0.11420138888888882
12 0.12461226851851852 0.23211805555555554 0.11232638888888888 0.09868055555555558
31 0.8622048611111112 0.41666666666666663 0.11975115740740741 0.12555555555555564
40 0.12732638888888886 0.6791666666666666 0.12363425925925924 0.12416666666666672
41 0.33001157407407405 0.640451388888889 0.1151446759259259 0.13081597222222213
22 0.929971064814815 0.7693576388888889 0.13667824074074061 0.16144097222222217
31 0.11295138888888889 0.44762152777777775 0.11958912037037037 0.11461805555555564
25 0.6657638888888889 0.19086805555555555 0.11091435185185183 0.10876736111111111
2 0.3203935185185185 0.30784722222222227 0.10550347222222226 0.1124305555555555
30 0.3445023148148148 0.7742708333333332 0.12151041666666665 0.13890625000000015
11 0.8657812500000001 0.6580729166666666 0.12865740740740747 0.14703124999999986
21 0.6727719907407408 0.29453125 0.11092592592592591 0.10954861111111107
27 0.12556712962962963 0.5604166666666666 0.11883101851851849 0.11614583333333321
7 0.6705787037037038 0.4103298611111111 0.11497106481481474 0.11909722222222215
37 0.09554976851851851 0.8033159722222223 0.09918402777777777 0.10746527777777785
24 0.8807002314814815 0.18756944444444446 0.11869212962962976 0.1067708333333333