4 0.5400810185185184 0.581105324074074 0.07634837962962955 0.07462384259259273
35 0.2947974537037037 0.49398148148148147 0.07388888888888889 0.07063078703703703
13 0.6909548611111112 0.5898148148148149 0.07869212962962954 0.0747106481481481
8 0.4634722222222223 0.5767071759259259 0.07710648148148139 0.07387152777777786
36 0.7442708333333334 0.5192129629629629 0.07715277777777771 0.07543402777777786
38 0.6676851851851853 0.5155960648148149 0.07464699074074091 0.06987847222222214
3 0.24067708333333337 0.563773148148148 0.07951967592592588 0.07630208333333321
9 0.6120254629629629 0.586111111111111 0.07712962962962955 0.07465277777777786
37 0.5168344907407407 0.5076678240740741 0.07384259259259256 0.06906828703703702
41 0.44422453703703707 0.506539351851852 0.07393518518518505 0.07219328703703702
39 0.36995949074074075 0.5022280092592593 0.07791087962962973 0.07468171296296297
18 0.7659780092592593 0.5933738425925925 0.07866898148148138 0.0739293981481481
19 0.39076967592592593 0.5724537037037036 0.07710648148148147 0.07387152777777786
40 0.5918576388888889 0.5112268518518519 0.07225694444444439 0.06822916666666679
14 0.3157002314814815 0.567332175925926 0.07554398148148148 0.07381365740740745