25 0.8640625 0.28203125 0.1921875 0.28515625
41 0.240625 0.3375 0.1578125 0.2609375
26 0.41328125 0.6359375 0.14296875 0.24609375
23 0.096875 0.32890625 0.1640625 0.26015625
35 0.70703125 0.31015625 0.1671875 0.26640625
24 0.72265625 0.6828125 0.16484375 0.2515625
40 0.25703125 0.621875 0.14140625 0.25234375
40 0.5890625 0.6515625 0.15703125 0.25859375
39 0.4125 0.3203125 0.165625 0.2671875
31 0.55859375 0.33359375 0.14765625 0.25625
21 0.884375 0.6828125 0.12890625 0.2328125
17 0.1 0.63828125 0.17109375 0.26875