33 0.15494791666666666 0.5473668981481481 0.03807291666666668 0.09181134259259274
21 0.2182291666666667 0.5263310185185185 0.04270833333333339 0.09120370370370381
11 0.1796875 0.7548032407407407 0.03994791666666666 0.09655671296296298
1 0.15750000000000003 0.3635416666666667 0.04098958333333336 0.07711226851851852
16 0.18322916666666667 0.6325810185185186 0.03385416666666665 0.0752893518518519
30 0.22005208333333334 0.6238136574074075 0.045052083333333305 0.09129050925925916
30 0.25828125 0.6244502314814815 0.04755208333333325 0.09372106481481488
6 0.21729166666666666 0.3252314814814815 0.039010416666666714 0.08249421296296297
11 0.15015625 0.7560474537037037 0.03807291666666668 0.09181134259259256
21 0.25505208333333335 0.49418402777777776 0.04572916666666664 0.08975694444444446
33 0.18901041666666668 0.5322627314814815 0.039270833333333324 0.08640046296296297
1 0.18671875 0.35760995370370374 0.041302083333333336 0.08179976851851851
27 0.2503125 0.39971064814814816 0.04411458333333336 0.08891782407407404
24 0.15677083333333336 0.4461226851851851 0.03770833333333332 0.07465277777777786
27 0.21765625000000002 0.42421875 0.03953124999999993 0.0786168981481481
16 0.15166666666666667 0.638425925925926 0.04083333333333332 0.08645833333333322
24 0.18812500000000001 0.4371527777777778 0.03947916666666664 0.0778356481481481
6 0.24906249999999996 0.31082175925925926 0.041145833333333395 0.0911458333333333