32 0.69609375 0.4421875 0.05859375 0.140625
32 0.26328125 0.47578125 0.06015625 0.14296875
15 0.06796875 0.48046875 0.0703125 0.15546875
0 0.44765625 0.44609375 0.06015625 0.14140625
41 0.32578125 0.47421875 0.0609375 0.13984375
26 0.3875 0.48125 0.0609375 0.1421875
33 0.509375 0.46875 0.0609375 0.13984375
20 0.2 0.49765625 0.065625 0.1453125
2 0.5703125 0.46875 0.0609375 0.1390625
1 0.7625 0.4390625 0.06796875 0.146875
0 0.88984375 0.471875 0.071875 0.153125
2 0.8203125 0.46328125 0.06953125 0.146875
29 0.1328125 0.49375 0.06640625 0.15078125
23 0.63203125 0.453125 0.059375 0.13984375