23 0.56015625 0.31328125 0.15859375 0.25234375
10 0.57421875 0.6828125 0.14296875 0.24453125
29 0.26640625 0.33828125 0.14296875 0.2375
15 0.29765625 0.68515625 0.128125 0.23203125
20 0.11640625 0.70390625 0.1375 0.24765625
39 0.86171875 0.2609375 0.13984375 0.23828125
32 0.43203125 0.33828125 0.153125 0.2484375
28 0.87578125 0.70390625 0.14375 0.2453125
32 0.73203125 0.721875 0.16875 0.2640625
40 0.44921875 0.70234375 0.146875 0.24765625
16 0.69296875 0.3078125 0.1578125 0.2515625
28 0.12265625 0.3234375 0.15 0.25