26 0.7938368055555556 0.8193460648148149 0.04545717592592595 0.10968171296296277
38 0.7503761574074075 0.8063831018518519 0.03903356481481488 0.10494791666666678
31 0.812673611111111 0.2307638888888889 0.04592013888888893 0.037829861111111106
38 0.7056423611111111 0.801244212962963 0.04212962962962976 0.10418981481481496
12 0.8609375 0.43671296296296297 0.05121527777777786 0.05427083333333336
7 0.375 0.7568055555555555 0.04528356481481479 0.10499421296296294
36 0.5405092592592593 0.7735532407407407 0.04103009259259256 0.09559027777777782
38 0.532349537037037 0.025752314814814815 0.024768518518518513 0.036111111111111115
35 0.5094618055555555 0.01967013888888889 0.023148148148148095 0.03453703703703703
36 0.49823495370370374 0.7715219907407407 0.04100115740740744 0.09480902777777764
35 0.6405671296296296 0.26798611111111115 0.03909143518518512 0.04324652777777782
10 0.4457175925925926 0.5351273148148149 0.04528356481481488 0.08390625000000007
26 0.8380208333333332 0.8307407407407407 0.04618055555555571 0.10812500000000007
11 0.8420717592592591 0.3493287037037037 0.04933449074074048 0.045665509259259274
36 0.459837962962963 0.7686805555555555 0.04337384259259256 0.09560763888888886
35 0.465306712962963 0.3044502314814815 0.03171296296296298 0.054907407407407405
2 0.8515046296296298 0.3930208333333334 0.04476273148148167 0.04875578703703702
7 0.41730324074074077 0.7596180555555556 0.04285300925925935 0.1026331018518519
28 0.4346354166666667 0.29920717592592594 0.03336226851851851 0.05726273148148149
2 0.660619212962963 0.13420717592592593 0.030989583333333393 0.035376157407407405
2 0.4827835648148149 0.016741898148148148 0.027690972222222145 0.03066550925925926
37 0.5288483796296296 0.3110127314814815 0.030844907407407262 0.052557870370370366
1 0.5933738425925925 0.3230381944444444 0.03185763888888893 0.058813657407407405
31 0.5559027777777777 0.028703703703703703 0.025520833333333392 0.035335648148148144
12 0.3555555555555555 0.4006018518518519 0.05390625 0.06366319444444439
26 0.8788194444444445 0.8351273148148148 0.050115740740740836 0.10893518518518519
2 0.3143229166666667 0.38449652777777776 0.05063657407407405 0.05973379629629623
25 0.7945891203703704 0.16447337962962966 0.044212962962962975 0.033912037037037025
38 0.30115740740740743 0.7253125 0.06478587962962959 0.08326967592592602
20 0.7645543981481481 0.04982060185185185 0.03778935185185191 0.029178240740740734
20 0.7579282407407407 0.018611111111111113 0.03541666666666661 0.028379629629629633
34 0.633275462962963 0.15550925925925924 0.03478009259259256 0.03228009259259261
34 0.632986111111111 0.18989583333333332 0.03802083333333321 0.03542824074074078
37 0.45451388888888894 0.014574652777777777 0.025405092592592736 0.029149305555555553
27 0.3265914351851852 0.2304571759259259 0.04609375 0.04251736111111111
6 0.8320023148148149 0.3095486111111111 0.04704861111111107 0.04721064814814815
35 0.3870659722222222 0.1331076388888889 0.03715277777777768 0.033078703703703735
11 0.4991608796296296 0.3112326388888889 0.03417245370370381 0.05804976851851853
21 0.6601851851851851 0.10138888888888889 0.03472222222222214 0.030717592592592612
1 0.38842592592592595 0.10652777777777778 0.03874421296296297 0.03387152777777778
11 0.5635416666666667 0.31935185185185183 0.03179976851851851 0.0572511574074074
22 0.7880497685185185 0.13560763888888888 0.0411168981481481 0.0346701388888889
22 0.7822048611111111 0.10439236111111112 0.039467592592592735 0.03231481481481482
28 0.8051215277777779 0.1956539351851852 0.046817129629629764 0.04096064814814815
20 0.7764467592592592 0.07552083333333333 0.03695023148148149 0.027609953703703692
33 0.37800925925925927 0.20506944444444447 0.04048032407407405 0.038570601851851904
1 0.8226851851851851 0.2689814814814815 0.04444444444444429 0.040162037037037024
41 0.4302083333333333 0.012322048611111112 0.026012731481481487 0.024644097222222223
0 0.48888888888888893 0.5402777777777779 0.03637152777777786 0.07524884259259253
40 0.583767361111111 0.7810474537037037 0.03952546296296298 0.09714120370370374
40 0.6239583333333334 0.7901273148148149 0.03776041666666678 0.09166087962962965
40 0.6664930555555555 0.7991898148148148 0.03868634259259256 0.0955729166666666
21 0.669994212962963 0.17633680555555556 0.03417245370370381 0.036961805555555574
0 0.6366898148148149 0.22659722222222226 0.03628472222222214 0.030729166666666606
41 0.625636574074074 0.09695601851851851 0.030005787037037025 0.029901620370370363
41 0.6274305555555555 0.12429398148148149 0.029427083333333215 0.035364583333333324
37 0.38046875 0.16597800925925926 0.03706597222222223 0.030734953703703737
0 0.34105902777777775 0.1568923611111111 0.03828125 0.042459490740740735
7 0.33770254629629626 0.19286458333333334 0.04198495370370363 0.0370196759259259
17 0.3910300925925926 0.0713425925925926 0.03475115740740744 0.03149884259259259