25 0.8936284722222222 0.31339699074074073 0.16039930555555557 0.2775173611111111
29 0.41578703703703707 0.29519675925925926 0.17540509259259257 0.28353587962962956
31 0.539525462962963 0.701880787037037 0.14248263888888885 0.19959490740740726
24 0.8091145833333334 0.7426215277777778 0.12529513888888885 0.1989583333333334
22 0.15384837962962963 0.786400462962963 0.18402777777777776 0.20581597222222214
11 0.2674710648148148 0.6916666666666667 0.17888310185185183 0.21655092592592595
22 0.08778501157407408 0.4142650462962963 0.17557002314814815 0.27418981481481486
29 0.6752719907407407 0.7296296296296296 0.13002893518518518 0.20069444444444445
21 0.7479456018518519 0.3312789351851852 0.1555497685185184 0.271875
5 0.4057986111111111 0.6849826388888889 0.16233796296296302 0.211255787037037
7 0.5717534722222222 0.325318287037037 0.1674074074074074 0.27699652777777783
5 0.2572916666666667 0.37676504629629626 0.16646412037037042 0.27149884259259255