35 0.05390625 0.390625 0.03046875 0.08828125
37 0.14453125 0.428125 0.034375 0.096875
36 0.11171875 0.528125 0.03515625 0.0984375
36 0.1484375 0.52734375 0.0375 0.096875
37 0.1109375 0.4421875 0.03359375 0.09140625
38 0.07421875 0.559375 0.0328125 0.0921875
40 0.08515625 0.66171875 0.0375 0.09375
35 0.08359375 0.36796875 0.03046875 0.0921875
38 0.04140625 0.5765625 0.0328125 0.09296875
41 0.07578125 0.45859375 0.0328125 0.08515625
41 0.04609375 0.48203125 0.02890625 0.08125
39 0.11796875 0.3515625 0.03359375 0.09140625
40 0.05 0.66328125 0.03671875 0.0921875
39 0.1546875 0.33125 0.0359375 0.09296875