35 0.79921875 0.5293923611111111 0.065625 0.15623263888888878
20 0.4703125 0.46302662037037035 0.06484375 0.15618634259259262
33 0.13203125 0.5007928240740741 0.06953125 0.16115162037037045
35 0.203125 0.5120370370370371 0.06953125 0.15802662037037046
37 0.665625 0.5058506944444444 0.0671875 0.15320023148148146
41 0.33671875 0.4652662037037037 0.07265625 0.16055555555555562
16 0.0640625 0.5162962962962963 0.06796875 0.16262152777777777
7 0.8671875 0.549045138888889 0.06953125 0.15880787037037045
36 0.7328125 0.5028009259259258 0.065625 0.1570138888888888
5 0.403125 0.4465451388888889 0.06796875 0.1579340277777778
25 0.5390625 0.4725694444444445 0.06484375 0.15462384259259263
17 0.2734375 0.48964120370370373 0.06796875 0.1602777777777778
8 0.603125 0.44277199074074075 0.06328125 0.15453124999999995
4 0.9359375 0.5554629629629629 0.06875 0.1540740740740741