19 0.6898726851851851 0.33641203703703704 0.1476851851851851 0.23693287037037036
21 0.8281539351851851 0.7417303240740741 0.14076967592592596 0.23984953703703696
34 0.4215277777777778 0.33862847222222225 0.15526620370370364 0.2519849537037036
12 0.5578414351851853 0.3325 0.15164930555555553 0.2386111111111111
26 0.10876736111111111 0.758738425925926 0.17196180555555554 0.26028356481481474
12 0.6640046296296296 0.7392129629629629 0.14383680555555572 0.2383796296296296
15 0.28217592592592594 0.3212037037037037 0.13897569444444446 0.2335532407407408
36 0.5287326388888889 0.7172164351851852 0.13995949074074082 0.23904513888888895
7 0.24013310185185185 0.7172685185185186 0.16096643518518522 0.25839699074074074
2 0.12002314814814814 0.3070138888888889 0.17199074074074075 0.2610648148148148
16 0.3927083333333333 0.7366493055555556 0.13993055555555553 0.23826388888888897
30 0.8540798611111111 0.3373668981481482 0.13336226851851868 0.22948495370370373