10 0.39380208333333333 0.5297395833333334 0.07036458333333337 0.1418576388888889
32 0.5174479166666666 0.504079861111111 0.07135416666666679 0.14498842592592603
13 0.5780208333333333 0.5217245370370371 0.07270833333333329 0.14187499999999992
15 0.0846875 0.5469907407407407 0.06744791666666665 0.14495949074074072
32 0.7738541666666666 0.5388078703703704 0.07718750000000014 0.15049768518518505
0 0.6477083333333333 0.5081712962962963 0.07385416666666664 0.14734953703703707
10 0.1471875 0.5240046296296296 0.06979166666666665 0.14497685185185177
3 0.8376562499999999 0.5666377314814814 0.07953125000000014 0.15051504629629625
36 0.7128645833333334 0.5039641203703704 0.07713541666666668 0.14971643518518504
22 0.26598958333333333 0.5710011574074073 0.07265625 0.14109374999999993
24 0.030104166666666664 0.5559432870370371 0.06020833333333333 0.1402662037037036
38 0.20625 0.5291319444444444 0.07151041666666665 0.14733217592592585
30 0.456875 0.5216087962962963 0.07041666666666657 0.1426388888888889
40 0.33338541666666666 0.5449247685185185 0.07114583333333328 0.14186342592592602
40 0.9146354166666667 0.52578125 0.08510416666666672 0.15211805555555563