22 0.5061574074074073 0.5569270833333333 0.0667650462962964 0.06916666666666664
2 0.2332233796296296 0.5293749999999999 0.06442129629629623 0.06901041666666678
31 0.7123611111111111 0.5691145833333333 0.06589120370370374 0.06598958333333335
30 0.7228240740740741 0.5011979166666667 0.06653356481481473 0.06135416666666664
12 0.36849537037037033 0.5422916666666666 0.06671875000000008 0.06760416666666665
33 0.7909548611111111 0.5111979166666666 0.06731481481481474 0.061406249999999926
25 0.572494212962963 0.5590104166666666 0.0674768518518519 0.06687499999999993
11 0.38449652777777776 0.4770833333333333 0.06653356481481473 0.06135416666666664
34 0.77890625 0.5782291666666667 0.06832754629629641 0.06927083333333339
28 0.6388773148148148 0.5626562500000001 0.06743055555555558 0.06531249999999993
17 0.439681712962963 0.55015625 0.06515625000000007 0.06750000000000007
7 0.30128472222222225 0.5370312500000001 0.07060185185185182 0.06708333333333343
27 0.6548784722222222 0.49744791666666666 0.06894675925925924 0.06385416666666668
24 0.5853703703703703 0.49359374999999994 0.06901620370370373 0.06619791666666668
21 0.5182291666666667 0.49067708333333326 0.06896990740740741 0.0646354166666665
16 0.45177662037037036 0.4846875 0.06823495370370374 0.06614583333333339
6 0.315769675925926 0.47328125 0.07129050925925924 0.06401041666666671
1 0.24848958333333337 0.4656770833333333 0.07315393518518523 0.07427083333333329