8 0.4257291666666667 0.6235069444444445 0.2677083333333332 0.2594791666666666
9 0.3990104166666667 0.36355902777777777 0.26385416666666667 0.26017361111111115
19 0.88765625 0.35859375 0.22468749999999993 0.26003472222222224
14 0.6563020833333333 0.3617534722222222 0.26984375000000005 0.25640624999999995
4 0.14447916666666666 0.3715625 0.23817708333333334 0.24946180555555558
4 0.13161458333333334 0.12144965277777778 0.2566666666666667 0.24289930555555556
9 0.38093750000000004 0.11927951388888888 0.25895833333333335 0.23855902777777777
14 0.6324479166666667 0.116484375 0.2590624999999999 0.23296875
19 0.8774218749999999 0.11544270833333332 0.24515625000000013 0.23088541666666665
3 0.17072916666666665 0.6244791666666666 0.27369791666666665 0.24401041666666679
3 0.19067708333333333 0.8767534722222223 0.2613020833333334 0.2452951388888888
8 0.4401041666666667 0.8743402777777778 0.25 0.2395833333333332
18 0.88765625 0.35859375 0.22468749999999993 0.26003472222222224
13 0.6708854166666667 0.6157118055555555 0.24765625 0.2512326388888889
13 0.6930729166666667 0.8663715277777777 0.2572916666666666 0.24364583333333342
18 0.8977864583333334 0.6148090277777778 0.2044270833333332 0.24670138888888893
18 0.9077994791666667 0.8609027777777778 0.18440104166666665 0.24342013888888908