13 0.39932291666666664 0.3244560185185185 0.06293402777777786 0.09852430555555554
27 0.2834375 0.47498263888888886 0.06381944444444443 0.10087962962962962
10 0.16527777777777777 0.6270370370370371 0.06559027777777775 0.10559027777777778
15 0.22590277777777779 0.6209085648148148 0.0671180555555555 0.10483217592592595
35 0.4682291666666666 0.6276215277777778 0.063923611111111 0.10322337962962962
32 0.22256944444444446 0.4756423611111111 0.06388888888888893 0.10244212962962962
2 0.8916666666666668 0.6338946759259259 0.06708333333333343 0.10405092592592595
28 0.5802430555555556 0.47781828703703705 0.06225694444444443 0.10085648148148145
14 0.21800347222222222 0.3202083333333333 0.06375000000000001 0.09931712962962962
11 0.6485937500000001 0.6279513888888889 0.066267361111111 0.10325810185185169
26 0.40062499999999995 0.47671875 0.062291666666666676 0.10163773148148145
8 0.8291319444444444 0.6321875 0.06708333333333343 0.10405092592592595
16 0.8140972222222222 0.32903935185185185 0.06453124999999993 0.0993287037037037
0 0.6980381944444445 0.4756597222222222 0.06541666666666668 0.10168402777777778
20 0.2882986111111111 0.6194907407407407 0.06630208333333334 0.10403935185185187
6 0.6328125 0.32557291666666666 0.06371527777777786 0.09853587962962962
39 0.33923611111111107 0.3251273148148148 0.06378472222222217 0.10009837962962961
23 0.4564583333333333 0.3276446759259259 0.06147569444444443 0.10084490740740737
22 0.7715625 0.6367997685185185 0.06324652777777776 0.10555555555555554
31 0.6387326388888889 0.4763425925925926 0.06381944444444443 0.10087962962962962
17 0.8215451388888889 0.47905092592592596 0.0646354166666665 0.1016724537037037
33 0.9333506944444444 0.3245601851851852 0.06446180555555543 0.0977662037037037
38 0.70875 0.6288425925925927 0.0663368055555555 0.10482060185185169
30 0.46092013888888894 0.4807349537037037 0.06395833333333342 0.10400462962962961
12 0.6943576388888889 0.3225810185185185 0.06371527777777786 0.09853587962962962
1 0.7509201388888889 0.33044560185185184 0.06374999999999993 0.09931712962962962
24 0.8702430555555555 0.3275289351851852 0.06453125000000029 0.0993287037037037
7 0.9538888888888888 0.6285706018518519 0.06552083333333343 0.10402777777777779
29 0.3428819444444445 0.4774247685185185 0.06460069444444443 0.1008912037037037
36 0.5268229166666667 0.6284895833333334 0.06463541666666668 0.1016724537037037
25 0.2812847222222222 0.32114583333333335 0.06374999999999993 0.09931712962962962
34 0.9405902777777777 0.46988425925925925 0.0639930555555555 0.10478587962962962
5 0.5871180555555555 0.6325057870370371 0.06385416666666668 0.10166087962962962
21 0.16053819444444445 0.32716435185185183 0.06307291666666667 0.10164930555555554
40 0.40868055555555555 0.6228356481481481 0.0655555555555555 0.10480902777777779
37 0.5203645833333332 0.48317708333333337 0.06147569444444443 0.10084490740740737
19 0.16517361111111112 0.4841608796296296 0.06548611111111109 0.10324652777777779
41 0.575 0.32471643518518517 0.06286458333333336 0.09696180555555553
9 0.5158680555555556 0.3293055555555556 0.06300347222222218 0.10008680555555553
3 0.3477430555555555 0.6219328703703704 0.06630208333333325 0.10403935185185169
18 0.7592881944444445 0.48359375 0.06460069444444443 0.1008912037037037
4 0.8815625 0.47681712962962963 0.06552083333333343 0.10402777777777779