13 0.6684780092592593 0.6030671296296296 0.06295717592592602 0.10007523148148145
10 0.8082986111111111 0.20850694444444445 0.06460069444444443 0.10166087962962962
15 0.7497048611111111 0.209375 0.06456018518518505 0.10087962962962962
32 0.4626909722222222 0.22300925925925927 0.06147569444444443 0.10161458333333329
11 0.6938425925925926 0.3986284722222222 0.06373842592592602 0.10008680555555553
0 0.9233449074074074 0.21071180555555555 0.06315972222222221 0.10398148148148145
27 0.464681712962963 0.41218750000000004 0.06443865740740726 0.09853587962962962
6 0.7516956018518519 0.3985532407407407 0.06542245370370381 0.1024537037037037
20 0.692511574074074 0.2070949074074074 0.06365740740740744 0.09852430555555554
22 0.5911168981481482 0.784820601851852 0.06303819444444443 0.10163773148148145
17 0.6503703703703704 0.7815972222222223 0.06377893518518522 0.10086805555555553
24 0.5229513888888888 0.4050694444444445 0.06365740740740726 0.09852430555555554
26 0.5763483796296296 0.21350694444444446 0.06217592592592602 0.10006365740740737
14 0.5500231481481481 0.5954398148148148 0.06295717592592602 0.10007523148148145
38 0.40495949074074067 0.22542824074074072 0.06258101851851841 0.10787615740740737
7 0.7657928240740741 0.7759780092592592 0.06460069444444443 0.10166087962962962
33 0.3495023148148148 0.4224942129629629 0.06542245370370373 0.1024537037037037
37 0.17597222222222225 0.22725694444444447 0.06394097222222221 0.10399305555555553
9 0.49311342592592594 0.5986284722222222 0.06377893518518504 0.10086805555555553
21 0.5798206018518519 0.40109953703703705 0.06295717592592602 0.10007523148148145
28 0.4770543981481481 0.7865104166666667 0.062135416666666644 0.09928240740740754
31 0.4193634259259259 0.7897106481481482 0.061394675925926026 0.10005208333333329
16 0.6343460648148148 0.39716435185185184 0.062135416666666644 0.09928240740740746
2 0.8222569444444444 0.7641956018518519 0.06385995370370381 0.10243055555555536
35 0.37625000000000003 0.6066145833333334 0.062135416666666644 0.09928240740740737
30 0.40723379629629636 0.42007523148148146 0.06542245370370381 0.1024537037037037
5 0.8654108796296296 0.20922453703703706 0.06534143518518505 0.1008912037037037
12 0.7074016203703704 0.7807523148148148 0.062135416666666644 0.09928240740740754
29 0.5203009259259259 0.21824652777777778 0.06225694444444443 0.10162615740740737
25 0.5342592592592592 0.7739351851851851 0.06229745370370363 0.10240740740740736
40 0.28803819444444445 0.20214120370370373 0.06324074074074079 0.10554398148148145
18 0.7278935185185185 0.6029687499999999 0.06205439814814824 0.09771990740740755
1 0.8066377314814815 0.38757523148148143 0.06390046296296284 0.10321180555555554
3 0.03095486111111111 0.22002314814814813 0.04350694444444445 0.10134837962962964
34 0.36072916666666666 0.7897974537037037 0.061556712962963014 0.10317708333333328
41 0.23259837962962965 0.21859953703703705 0.06451967592592593 0.10009837962962961
36 0.3486284722222222 0.2246990740740741 0.0648032407407408 0.10556712962962962
39 0.32119791666666664 0.6003935185185185 0.06299768518518523 0.10085648148148145
37 0.03239583333333333 0.3232060185185185 0.036637731481481486 0.10436921296296298
23 0.6346180555555556 0.2063888888888889 0.06369791666666665 0.09930555555555554
8 0.6083738425925926 0.5898842592592592 0.06369791666666665 0.09930555555555554
34 0.04703703703703704 0.6357291666666667 0.033431712962962955 0.10276041666666665
21 0.05238425925925927 0.7388541666666667 0.03355324074074075 0.10510416666666664
41 0.037002314814814814 0.4271238425925926 0.03519675925925926 0.1066898148148148
4 0.841579861111111 0.6091030092592593 0.06295717592592567 0.10007523148148145
19 0.4342361111111111 0.5940277777777778 0.06369791666666665 0.09930555555555572
3 0.7832407407407407 0.5998032407407408 0.06057291666666664 0.09925925925925938
8 0.0416087962962963 0.5310416666666666 0.03343171296296297 0.10276041666666665