18 0.3130729166666667 0.4588541666666666 0.06645833333333329 0.09045138888888893
32 0.8535590277777778 0.46774305555555556 0.07515624999999986 0.09298611111111103
15 0.8171354166666667 0.31552083333333336 0.06927083333333321 0.08348958333333334
10 0.8718229166666667 0.3167361111111111 0.06927083333333357 0.08348958333333334
19 0.9129340277777779 0.46906250000000005 0.07902777777777778 0.09229166666666658
13 0.6975173611111112 0.6445659722222222 0.0758506944444445 0.10861111111111121
31 0.43480902777777786 0.45843749999999994 0.06329861111111121 0.08960069444444443
27 0.7941493055555556 0.465642361111111 0.07366319444444436 0.09451388888888879
11 0.4288541666666667 0.30689236111111107 0.058975694444444574 0.0801388888888889
4 0.1911979166666667 0.45614583333333336 0.07277777777777779 0.09215277777777775
20 0.7609201388888889 0.31505208333333334 0.06685763888888889 0.08187499999999996
3 0.7047048611111111 0.3145833333333333 0.06526041666666664 0.08105902777777771
6 0.44109375 0.6349652777777778 0.07105902777777776 0.10616319444444447
17 0.25135416666666666 0.4574826388888889 0.07046875000000004 0.09288194444444446
38 0.37104166666666666 0.3056076388888889 0.059687499999999984 0.07859374999999993
29 0.7358333333333333 0.47059027777777784 0.07135416666666661 0.0952430555555555
28 0.49421874999999993 0.4605381944444444 0.06092013888888879 0.08876736111111114
12 0.3708854166666667 0.6357465277777778 0.07347222222222224 0.10777777777777775
8 0.2563715277777778 0.3069618055555555 0.06444444444444439 0.08026041666666668
9 0.5708506944444445 0.6394097222222223 0.07105902777777776 0.10616319444444447
2 0.20079861111111114 0.30338541666666663 0.06845486111111114 0.08269097222222221
34 0.13104166666666667 0.45480902777777776 0.0736284722222222 0.09373263888888879
33 0.10895833333333334 0.6252430555555556 0.08213541666666666 0.10953125000000004
24 0.17934027777777778 0.6283680555555555 0.0796875 0.10713541666666657
23 0.631076388888889 0.6423090277777778 0.0703819444444445 0.10848958333333343
35 0.5968576388888889 0.31140625 0.059791666666666646 0.08093749999999993
1 0.30756944444444445 0.6335590277777777 0.075 0.10703125
39 0.7624305555555555 0.6475694444444444 0.0766319444444445 0.10862847222222224
0 0.37777777777777777 0.4571701388888889 0.060850694444444464 0.08720486111111114
26 0.6748958333333334 0.46923611111111113 0.06656250000000004 0.09279513888888893
16 0.2419791666666667 0.6328819444444445 0.0758506944444445 0.10861111111111121
22 0.3126215277777778 0.30821180555555555 0.0628819444444444 0.08022569444444443
30 0.615451388888889 0.46635416666666674 0.06411458333333328 0.09039930555555564
7 0.1446527777777778 0.3044791666666667 0.06831597222222223 0.07956597222222221
37 0.5574999999999999 0.46194444444444444 0.061701388888888785 0.08878472222222218
21 0.9575651041666667 0.6511284722222221 0.08486979166666657 0.10725694444444436
5 0.4819097222222222 0.3065104166666667 0.058229166666666644 0.08090277777777777
36 0.5389756944444445 0.3085590277777778 0.06125000000000007 0.07862847222222218
41 0.50515625 0.6363888888888889 0.06949652777777775 0.10612847222222221
25 0.8272048611111111 0.6474479166666667 0.07979166666666657 0.10947916666666657
40 0.6515798611111111 0.3134027777777778 0.060538194444444395 0.08017361111111114
14 0.8919791666666667 0.6473263888888889 0.0844444444444445 0.10880208333333333