0 0.8823784722222221 0.6353125000000001 0.067048611111111 0.10718749999999985
27 0.36920138888888887 0.7846354166666667 0.06746527777777782 0.11421875000000004
8 0.5494270833333333 0.29781250000000004 0.0671875 0.10953125000000004
20 0.6372974537037036 0.6150520833333333 0.06631365740740733 0.10791666666666658
6 0.6732465277777777 0.8025520833333333 0.070451388888889 0.11208333333333335
17 0.5649305555555555 0.47296875 0.065486111111111 0.10708333333333328
26 0.515787037037037 0.6140104166666667 0.06631365740740733 0.10791666666666658
15 0.6989699074074075 0.6199479166666666 0.067829861111111 0.10723958333333332
23 0.5770023148148148 0.6133854166666667 0.06709490740740734 0.10796875000000003
10 0.7590798611111111 0.6247395833333333 0.06622106481481467 0.10635416666666657
31 0.3240277777777778 0.4616145833333333 0.06635995370370366 0.10869791666666657
11 0.6116203703703704 0.796875 0.06893518518518515 0.11276041666666678
33 0.24369212962962963 0.7848958333333333 0.0683391203703704 0.11583333333333332
30 0.3043113425925926 0.7810937499999999 0.06907407407407407 0.11510416666666679
24 0.42811921296296296 0.7830729166666667 0.06755787037037031 0.11578125000000003
34 0.2629976851851852 0.4591145833333333 0.06796875 0.10958333333333332
32 0.3964814814814815 0.61546875 0.06622106481481475 0.10635416666666657
38 0.3321875 0.6151041666666666 0.06635995370370366 0.10869791666666657
21 0.4891493055555555 0.7855729166666666 0.06833912037037031 0.1158333333333335
16 0.550775462962963 0.79125 0.06746527777777782 0.11421875000000004
29 0.4561342592592593 0.6147395833333333 0.06553240740740733 0.10786458333333329
28 0.38381944444444444 0.45854166666666674 0.06553240740740733 0.10786458333333329
35 0.3114178240740741 0.2905729166666666 0.06700231481481485 0.10640625000000004
41 0.15024884259259258 0.6014062499999999 0.06792245370370371 0.10880208333333333
7 0.6860706018518519 0.4802604166666667 0.06773726851851851 0.10567708333333332
36 0.27437500000000004 0.61125 0.06714120370370366 0.10875000000000004
12 0.6259143518518518 0.47624999999999995 0.06525462962962969 0.10317708333333328
9 0.43127314814814816 0.2930729166666667 0.06728009259259267 0.11109375000000003
37 0.09068865740740742 0.6005729166666667 0.0671875 0.10953125000000004
22 0.5046354166666667 0.47130208333333334 0.063923611111111 0.10697916666666671
5 0.8214872685185185 0.63046875 0.06787615740740734 0.10802083333333332
2 0.7470081018518518 0.4843229166666667 0.06617476851851851 0.10557291666666657
1 0.7334953703703704 0.805 0.06971643518518515 0.11281249999999972
18 0.6694675925925926 0.2971875 0.06598958333333335 0.10244791666666675
40 0.2120138888888889 0.6047395833333333 0.06714120370370366 0.10874999999999986
39 0.2533796296296297 0.2772916666666666 0.06543981481481484 0.10630208333333328
3 0.72875 0.30270833333333336 0.06502314814814802 0.09927083333333328
25 0.4437905092592592 0.4656770833333333 0.064704861111111 0.10703125
14 0.48917824074074073 0.2953645833333333 0.06489004629629633 0.11015625
19 0.3709317129629629 0.2921875 0.06543981481481484 0.10630208333333328
4 0.7906539351851851 0.3036979166666667 0.06525462962962969 0.10317708333333328
13 0.6090335648148149 0.2978645833333333 0.06690972222222218 0.10484375000000004