22 0.367650462962963 0.5810069444444445 0.06576967592592595 0.10983217592592602
5 0.20043402777777777 0.5383506944444445 0.05772569444444446 0.10352430555555543
12 0.4102141203703704 0.5922627314814815 0.07126736111111107 0.11065393518518504
2 0.5194444444444445 0.6180787037037037 0.0934606481481481 0.11940972222222221
12 0.4612847222222222 0.605925925925926 0.08000578703703702 0.11462384259259259
25 0.3219039351851852 0.5712905092592593 0.06495949074074074 0.10904513888888889
34 0.2786458333333333 0.5576851851851853 0.06414930555555554 0.10825810185185177
34 0.23605324074074074 0.5472106481481481 0.06252893518518521 0.10668402777777786
16 0.1577835648148148 0.5294386574074074 0.03446180555555554 0.08695023148148148
24 0.11982060185185187 0.5205613425925926 0.03428819444444446 0.08226273148148149
24 0.08579282407407407 0.5109317129629629 0.02479745370370372 0.07906828703703699
40 0.054108796296296294 0.5013194444444444 0.02719907407407407 0.0806481481481482
40 0.023234953703703702 0.49093171296296295 0.030989583333333338 0.07755208333333333