22 0.6109375 0.578125 0.06171875 0.109375
5 0.7796875 0.53671875 0.05390625 0.103125
12 0.56796875 0.5890625 0.0671875 0.11015625
2 0.4578125 0.6140625 0.0890625 0.11875
12 0.51640625 0.60234375 0.07578125 0.1140625
25 0.65703125 0.56875 0.0609375 0.10859375
34 0.70078125 0.55546875 0.06015625 0.1078125
34 0.74375 0.5453125 0.05859375 0.10625
16 0.82265625 0.528125 0.03125 0.08671875
24 0.8609375 0.51953125 0.03125 0.08203125
24 0.8953125 0.51015625 0.021875 0.07890625
40 0.92734375 0.50078125 0.02421875 0.08046875
40 0.95859375 0.490625 0.028125 0.07734375