41 0.0796875 0.0515625 0.109375 0.09296875
6 0.08125 0.46875 0.11953125 0.109375
41 0.4453125 0.6953125 0.1140625 0.10546875
36 0.31171875 0.1578125 0.109375 0.0984375
6 0.20390625 0.4828125 0.11796875 0.10703125
40 0.43203125 0.26015625 0.10703125 0.10078125
16 0.0765625 0.15234375 0.1109375 0.09921875
40 0.321875 0.5859375 0.11484375 0.11015625
36 0.43671875 0.47265625 0.1109375 0.1078125
0 0.5390625 0.1578125 0.10625 0.09296875
0 0.56640625 0.69453125 0.1078125 0.10546875
39 0.553125 0.47578125 0.10703125 0.103125
11 0.68515625 0.921875 0.1265625 0.11796875
36 0.8625 0.0609375 0.10859375 0.08984375
38 0.2015625 0.1609375 0.10703125 0.096875
28 0.44765625 0.8125 0.11015625 0.10859375
11 0.65390625 0.26015625 0.1046875 0.09296875
35 0.42109375 0.05859375 0.10703125 0.09765625
36 0.5484375 0.3703125 0.103125 0.1
7 0.9359375 0.803125 0.11171875 0.11015625
24 0.43984375 0.9265625 0.121875 0.12109375
7 0.67578125 0.58203125 0.1140625 0.109375
30 0.3265625 0.8109375 0.11484375 0.11171875
33 0.434375 0.3671875 0.1078125 0.10390625
10 0.19921875 0.26484375 0.11015625 0.10546875
1 0.5421875 0.26484375 0.103125 0.09453125
24 0.0796875 0.690625 0.11640625 0.1125
21 0.646875 0.1625 0.10625 0.0953125
16 0.19765625 0.5890625 0.115625 0.109375
38 0.4375 0.58203125 0.1125 0.10546875
16 0.07890625 0.57578125 0.115625 0.109375
27 0.78359375 0.4703125 0.11875 0.10703125
21 0.80546875 0.690625 0.1171875 0.1078125
21 0.07890625 0.25234375 0.11015625 0.09921875
35 0.553125 0.58203125 0.10625 0.10390625
22 0.69140625 0.8109375 0.1078125 0.109375
35 0.6671875 0.47421875 0.1125 0.1046875
7 0.8109375 0.80859375 0.11328125 0.11015625
35 0.6828125 0.69140625 0.11796875 0.10859375
8 0.934375 0.91875 0.121875 0.115625
11 0.31328125 0.2609375 0.10859375 0.1015625
17 0.08046875 0.36015625 0.1140625 0.10703125
33 0.3046875 0.05703125 0.1046875 0.09375
27 0.93125 0.690625 0.1109375 0.10390625
17 0.66171875 0.36796875 0.10703125 0.1078125
19 0.8703125 0.159375 0.1109375 0.09296875
21 0.90234375 0.465625 0.1203125 0.10625
10 0.63984375 0.06015625 0.1015625 0.096875
33 0.89453125 0.3609375 0.11328125 0.1015625
37 0.31484375 0.4734375 0.10859375 0.1078125
17 0.88515625 0.2609375 0.1125 0.09609375
30 0.07890625 0.80625 0.12265625 0.11484375
30 0.20703125 0.8171875 0.1203125 0.115625
37 0.2046875 0.371875 0.11484375 0.11015625
6 0.42734375 0.16015625 0.10859375 0.0953125
24 0.3265625 0.70078125 0.1140625 0.10859375
27 0.78828125 0.575 0.11875 0.1078125
39 0.5328125 0.059375 0.1015625 0.09140625
6 0.315625 0.365625 0.11015625 0.10546875
4 0.06328125 0.92734375 0.12421875 0.121875
25 0.56875 0.809375 0.10546875 0.10390625
38 0.753125 0.0609375 0.103125 0.09140625
1 0.759375 0.1609375 0.10703125 0.0921875
37 0.19453125 0.05859375 0.10859375 0.09296875
24 0.20625 0.7015625 0.1171875 0.11171875
9 0.190625 0.9328125 0.121875 0.1171875
1 0.77890625 0.3609375 0.1140625 0.1
25 0.8171875 0.9234375 0.1171875 0.1078125
3 0.56484375 0.92734375 0.12734375 0.11953125
18 0.9171875 0.571875 0.12109375 0.109375
14 0.315625 0.93359375 0.121875 0.11875
27 0.7671875 0.2578125 0.10234375 0.09296875