16 0.5527083333333334 0.5492766203703704 0.05368055555555564 0.12155671296296297
22 0.32340277777777776 0.469068287037037 0.04857638888888882 0.11183449074074084
25 0.28673611111111114 0.45532407407407405 0.048680555555555574 0.11417824074074083
11 0.597013888888889 0.5585358796296296 0.05282986111111114 0.11993634259259274
17 0.3990104166666667 0.4948206018518519 0.04888888888888889 0.11886574074074083
23 0.18105902777777777 0.4231770833333333 0.04381944444444445 0.10992476851851851
7 0.4730902777777778 0.5214699074074074 0.04949652777777782 0.11501736111111108
27 0.5128472222222222 0.5342013888888889 0.051406249999999966 0.12294560185185191
12 0.4387326388888889 0.5067708333333334 0.05166666666666657 0.11128472222222215
17 0.36078125 0.4811921296296296 0.04711805555555557 0.1140625
26 0.14460069444444446 0.4141203703703704 0.039131944444444414 0.1095775462962962
15 0.25017361111111114 0.44392361111111106 0.04711805555555557 0.1140625
17 0.17395833333333333 0.8806712962962961 0.07538194444444443 0.15431134259259238
15 0.21684027777777776 0.4346354166666667 0.04314236111111107 0.1122106481481481
12 0.36265625 0.10011574074074074 0.04307291666666666 0.04056712962962963