1 0.40390625 0.47265625 0.040625 0.0984375
39 0.303125 0.41875 0.03359375 0.09609375
12 0.18359375 0.3453125 0.02890625 0.103125
16 0.47265625 0.5140625 0.04453125 0.10625
39 0.3375 0.4359375 0.034375 0.09609375
11 0.4375 0.49140625 0.040625 0.10546875
10 0.2734375 0.40234375 0.0359375 0.103125
1 0.36796875 0.45 0.03828125 0.09921875
24 0.5484375 0.553125 0.05078125 0.115625
21 0.509375 0.53125 0.04375 0.10546875
31 0.9875 0.50859375 0.025 0.10703125
5 0.2421875 0.3796875 0.03203125 0.10078125
28 0.96484375 0.53515625 0.0328125 0.10859375
2 0.15390625 0.3328125 0.028125 0.0921875
28 0.9375 0.55625 0.03203125 0.1046875
0 0.21328125 0.365625 0.0328125 0.1
2 0.86171875 0.89140625 0.0578125 0.13046875