15 0.6723958333333333 0.5744270833333334 0.04690972222222225 0.14411458333333335
33 0.4378993055555555 0.4 0.039722222222222214 0.12260416666666671
30 0.47482638888888895 0.42791666666666667 0.049843750000000145 0.12249999999999997
30 0.5132118055555556 0.4580729166666666 0.03873263888888889 0.11786458333333343
6 0.021718750000000002 0.05463541666666667 0.03819444444444445 0.08822916666666666
33 0.39998263888888885 0.3768229166666667 0.03649305555555564 0.12005208333333331
10 0.7160416666666667 0.6089062500000001 0.05380208333333343 0.1414583333333333
27 0.5519097222222222 0.4811979166666667 0.037378472222222216 0.1224479166666665
16 0.5902951388888888 0.5113541666666667 0.05630208333333329 0.1276041666666668
25 0.3645486111111111 0.35036458333333337 0.03461805555555557 0.11291666666666664
35 0.2651041666666667 0.2744270833333333 0.036961805555555574 0.11307291666666668
41 0.32979166666666665 0.32619791666666664 0.03562500000000002 0.10052083333333339
5 0.7641145833333333 0.6314062500000001 0.04184027777777786 0.1352083333333333
1 0.6334027777777778 0.5404166666666667 0.043906250000000036 0.1291145833333333
41 0.2951388888888889 0.2996875 0.033611111111111126 0.09026041666666665
1 0.31539930555555556 0.10671875 0.062413194444444466 0.05479166666666666
38 0.9076041666666667 0.2596354166666667 0.050416666666666644 0.04776041666666666
34 0.8660243055555557 0.23125 0.06496527777777779 0.0596354166666667
36 0.8223958333333334 0.21390625000000002 0.044166666666666646 0.04734375000000002
37 0.7837673611111111 0.18921875 0.05184027777777782 0.04473958333333332