11 0.6296064814814815 0.5202604166666667 0.043177083333333324 0.11515625000000007
16 0.6691782407407407 0.5056770833333333 0.04547453703703699 0.11374999999999993
25 0.47125000000000006 0.5809375 0.04724537037037031 0.12088541666666668
31 0.5506712962962963 0.5423958333333333 0.0421875 0.1080729166666666
30 0.7472627314814815 0.48583333333333334 0.04699074074074083 0.11229166666666668
27 0.7055324074074074 0.4940104166666666 0.046255787037037165 0.11380208333333322
6 0.5908854166666666 0.5325520833333334 0.04547453703703717 0.11374999999999993
29 0.8557523148148147 0.44375 0.037112268518518475 0.12098958333333343
12 0.43016203703703704 0.5938541666666667 0.04876157407407398 0.11942708333333325
28 0.5109375 0.5624479166666666 0.047060185185185156 0.11463541666666668
35 0.8400636574074074 0.9384244791666667 0.06418402777777779 0.12315104166666657
12 0.3881076388888889 0.6129687500000001 0.0526446759259259 0.11890625000000003
12 0.8172337962962963 0.3699479166666667 0.05679976851851833 0.10125000000000002
33 0.7859606481481481 0.47432291666666665 0.04085648148148131 0.11578125000000003
23 0.8207060185185184 0.4641145833333333 0.03851273148148167 0.115625
34 0.2731365740740741 0.34541666666666665 0.07390624999999992 0.04703125000000004
32 0.2852546296296296 0.3063020833333333 0.06446180555555561 0.044062499999999984