10 0.5613020833333333 0.5719560185185185 0.03902777777777775 0.10534722222222222
30 0.46035300925925926 0.5138194444444444 0.044346064814814845 0.09551504629629619
31 0.4942592592592593 0.5329224537037037 0.035775462962962835 0.09656828703703706
33 0.3949074074074074 0.47703703703703704 0.032662037037037 0.0971643518518519
10 0.02507523148148148 0.05637731481481482 0.03725694444444444 0.09119212962962961
28 0.5289467592592592 0.5519791666666667 0.04520833333333343 0.10103009259259252
11 0.3357349537037037 0.4414467592592592 0.032638888888888926 0.09560185185185191
30 0.428755787037037 0.4922337962962963 0.04119791666666668 0.09376736111111121
0 0.5952199074074074 0.5918402777777778 0.03902777777777775 0.10534722222222222
6 0.36487268518518523 0.4553587962962963 0.031064814814814844 0.09472800925925924
1 0.3080555555555556 0.42041087962962964 0.02551504629629626 0.08893518518518526