34 0.75859375 0.9453125 0.07578125 0.075
35 0.50078125 0.83515625 0.04765625 0.07265625
32 0.63515625 0.93203125 0.0546875 0.103125
7 0.9015625 0.93359375 0.05859375 0.1046875
32 0.69140625 0.93125 0.05546875 0.10546875
17 0.9546875 0.9328125 0.07265625 0.10859375
38 0.44609375 0.83828125 0.04609375 0.07734375
38 0.390625 0.834375 0.046875 0.071875
30 0.5703125 0.9265625 0.05078125 0.09921875
38 0.3375 0.83515625 0.04765625 0.0796875
30 0.5171875 0.925 0.0484375 0.0984375
30 0.37734375 0.92109375 0.0515625 0.09765625
12 0.8390625 0.9453125 0.06875 0.07890625
1 0.42421875 0.384375 0.03203125 0.04453125
2 0.54921875 0.58984375 0.04453125 0.06484375
30 0.44765625 0.9390625 0.06953125 0.07265625
36 0.38671875 0.38125 0.0328125 0.0421875
37 0.56796875 0.38984375 0.03203125 0.040625
21 0.46015625 0.3875 0.03203125 0.04375
15 0.49453125 0.3859375 0.03125 0.04609375
0 0.53203125 0.38828125 0.02890625 0.04609375