36 0.4609375 0.48359375 0.03359375 0.10078125
32 0.334375 0.409375 0.03046875 0.10234375
32 0.3078125 0.38828125 0.0296875 0.10078125
35 0.86484375 0.8875 0.065625 0.1453125
36 0.49765625 0.5078125 0.0390625 0.1
35 0.3953125 0.44453125 0.02890625 0.1015625
26 0.428125 0.46640625 0.034375 0.10703125
35 0.36328125 0.43046875 0.03125 0.10078125
22 0.9640625 0.5859375 0.03515625 0.11171875
7 0.9859375 0.55859375 0.02734375 0.109375
5 0.58515625 0.68671875 0.06484375 0.04921875
5 0.640625 0.71484375 0.046875 0.05703125
5 0.68203125 0.73515625 0.05 0.05703125