33 0.54609375 0.43046875 0.03984375 0.1234375
10 0.25625 0.6609375 0.05390625 0.1421875
16 0.34140625 0.58203125 0.05078125 0.125
30 0.46171875 0.4859375 0.0421875 0.12109375
33 0.50546875 0.459375 0.04140625 0.1296875
6 0.97578125 0.05625 0.03515625 0.08828125
30 0.4203125 0.51875 0.0515625 0.1203125
31 0.61875 0.3796875 0.03828125 0.11953125
25 0.58203125 0.40625 0.040625 0.121875
15 0.296875 0.62109375 0.05 0.1375
27 0.3859375 0.55234375 0.04453125 0.121875
21 0.72421875 0.2953125 0.03203125 0.12265625
41 0.6515625 0.35234375 0.0453125 0.10703125
5 0.2 0.6875 0.05859375 0.1515625
41 0.69140625 0.32734375 0.03671875 0.11171875
1 0.6796875 0.13046875 0.05703125 0.0421875
1 0.07265625 0.36796875 0.05546875 0.04453125
35 0.2390625 0.221875 0.0515625 0.04296875
37 0.20078125 0.2453125 0.04296875 0.0390625
36 0.1640625 0.2703125 0.0484375 0.0546875
34 0.1171875 0.29296875 0.06171875 0.0703125