1 0.41015625 0.66953125 0.04453125 0.159375
29 0.746875 0.31796875 0.03359375 0.15546875
23 0.71015625 0.35078125 0.03359375 0.16328125
25 0.32734375 0.77109375 0.0453125 0.18125
22 0.28125 0.81953125 0.04765625 0.18984375
30 0.60703125 0.4609375 0.03359375 0.15390625
6 0.4515625 0.62734375 0.04140625 0.16171875
25 0.36640625 0.72109375 0.04296875 0.17421875
21 0.571875 0.503125 0.0359375 0.15859375
20 0.6734375 0.3875 0.0359375 0.1546875
11 0.5359375 0.54140625 0.0375 0.159375
6 0.496875 0.5828125 0.040625 0.159375
10 0.64296875 0.43046875 0.0296875 0.1640625
11 0.77734375 0.275 0.02578125 0.14921875