28 0.45859375 0.51015625 0.05546875 0.13046875
23 0.68125 0.41953125 0.0484375 0.121875
25 0.415625 0.52578125 0.0578125 0.13515625
16 0.76171875 0.384375 0.046875 0.11640625
34 0.55 0.47109375 0.05546875 0.12734375
34 0.59609375 0.45234375 0.0515625 0.1203125
31 0.5046875 0.4890625 0.0484375 0.1234375
25 0.36875 0.546875 0.05859375 0.13671875
17 0.31796875 0.5640625 0.0578125 0.14453125
20 0.63828125 0.43515625 0.046875 0.121875
6 0.7203125 0.40078125 0.04609375 0.11484375
24 0.80234375 0.3703125 0.0421875 0.11640625
41 0.83828125 0.35234375 0.04140625 0.109375
22 0.38046875 0.11015625 0.0484375 0.109375
37 0.37109375 0.253125 0.05234375 0.03203125
34 0.33203125 0.23046875 0.06171875 0.03671875