22 0.4025289351851852 0.6349479166666667 0.038425925925925954 0.12750000000000003
12 0.5023842592592592 0.555625 0.030474537037036953 0.10822916666666664
22 0.43713541666666667 0.6059895833333334 0.034484953703703705 0.12255208333333342
10 0.5668865740740741 0.5005208333333334 0.03440972222222225 0.11239583333333343
35 0.6863020833333333 0.41859375 0.024942129629629762 0.09927083333333328
17 0.46859375 0.5799479166666666 0.033686342592592664 0.12015625000000014
37 0.6258333333333332 0.4567708333333334 0.025677083333333427 0.09307291666666657
27 0.7366666666666667 0.3727083333333333 0.02574074074074062 0.10166666666666666
38 0.5361863425925926 0.5297395833333333 0.028917824074074082 0.10890625000000007
1 0.7649537037037037 0.35270833333333335 0.024172453703703668 0.10078125
37 0.598292824074074 0.4815104166666667 0.0272743055555555 0.09786458333333332
39 0.6557060185185185 0.43375 0.02649884259259263 0.09859374999999986
36 0.9792881944444444 0.11921875000000001 0.040474537037037094 0.08781249999999999
34 0.25285300925925924 0.2646354166666667 0.06828703703703702 0.047499999999999966
41 0.7083854166666667 0.39192708333333337 0.024855324074074047 0.08755208333333338