16 0.365625 0.88125 0.0390625 0.06171875
30 0.534375 0.878125 0.03828125 0.059375
23 0.6140625 0.878125 0.03984375 0.06328125
24 0.4078125 0.88046875 0.0375 0.06328125
26 0.65859375 0.87578125 0.04140625 0.065625
20 0.5734375 0.87890625 0.040625 0.0609375
30 0.45 0.8796875 0.0375 0.06015625
11 0.32578125 0.88515625 0.040625 0.0625
30 0.4890625 0.8796875 0.03671875 0.06015625
35 0.45859375 0.45390625 0.0296875 0.04140625
11 0.2859375 0.8859375 0.03984375 0.0640625
34 0.5328125 0.50859375 0.0328125 0.04609375
23 0.42890625 0.5015625 0.03203125 0.0484375
34 0.49765625 0.5046875 0.03203125 0.046875
37 0.51015625 0.25 0.025 0.03125
33 0.4921875 0.45234375 0.0296875 0.0453125
38 0.584375 0.45625 0.0296875 0.04609375
6 0.484375 0.21015625 0.025 0.034375
1 0.525 0.45234375 0.0296875 0.04375
36 0.54140625 0.25 0.02578125 0.03125
37 0.42890625 0.45234375 0.0296875 0.04140625
22 0.55703125 0.4546875 0.03203125 0.04609375
36 0.43203125 0.23671875 0.028125 0.03359375
29 0.53984375 0.215625 0.02734375 0.03359375
39 0.5671875 0.25 0.02734375 0.03125
1 0.565625 0.21953125 0.025 0.03125
39 0.48515625 0.25 0.02578125 0.0328125
35 0.36171875 0.26640625 0.03984375 0.0265625
5 0.196875 0.3609375 0.040625 0.02890625
25 0.5671875 0.5078125 0.0296875 0.0453125
32 0.46171875 0.50546875 0.03046875 0.04765625
33 0.509375 0.21015625 0.02578125 0.03984375
31 0.45625 0.24765625 0.0265625 0.03359375