22 0.5568055555555557 0.575 0.038836805555555645 0.11796875
22 0.524375 0.5484375 0.035642361111111145 0.11640625
31 0.5895486111111111 0.60859375 0.034079861111111144 0.11640625
27 0.2444097222222222 0.29609375 0.023697916666666607 0.09375
35 0.2949305555555556 0.34296875 0.026684027777777786 0.090625
17 0.49017361111111113 0.5171875 0.03258680555555564 0.11796875
10 0.4022916666666666 0.43828125 0.02972222222222225 0.10625
12 0.46171875 0.4921875 0.03178819444444443 0.1
38 0.43468750000000006 0.4640625 0.029583333333333427 0.103125
37 0.3484375 0.38671875 0.027291666666666714 0.08671875
39 0.3223611111111111 0.3625 0.027465277777777786 0.090625
41 0.2711631944444444 0.31796875 0.027083333333333393 0.08203125
37 0.3747569444444444 0.41640625 0.028246527777777787 0.090625
36 0.022708333333333334 0.05390625 0.0428125 0.084375