38 0.7265625 0.29921875 0.03203125 0.1203125
10 0.97578125 0.05859375 0.0359375 0.08984375
31 0.47578125 0.50078125 0.03203125 0.1203125
29 0.2546875 0.68046875 0.05703125 0.15703125
15 0.3 0.63046875 0.0578125 0.13515625
24 0.66171875 0.3578125 0.03828125 0.115625
12 0.43671875 0.53359375 0.040625 0.11171875
25 0.6265625 0.38671875 0.04921875 0.1234375
11 0.3984375 0.5625 0.0375 0.13828125
31 0.36015625 0.6078125 0.0484375 0.13515625
36 0.696875 0.33125 0.03203125 0.109375
22 0.55546875 0.44375 0.04140625 0.1265625
0 0.51640625 0.46953125 0.0359375 0.11328125
1 0.58828125 0.40859375 0.0328125 0.109375