22 0.37292824074074077 0.1140625 0.04760995370370367 0.1046875
16 0.4261111111111111 0.6140625 0.021660879629629547 0.0359375
37 0.4230150462962962 0.653125 0.018535879629629548 0.0359375
30 0.45585069444444437 0.3890625 0.01715856481481488 0.0390625
27 0.48875 0.61171875 0.017065972222222215 0.0375
37 0.5041666666666667 0.3515625 0.017112268518518547 0.03828125
17 0.6188831018518519 0.64375 0.021290509259259238 0.0296875
21 0.4424710648148148 0.61484375 0.01715856481481488 0.0390625
41 0.45740740740740743 0.61328125 0.01619212962962955 0.0359375
20 0.4729861111111111 0.6140625 0.01692708333333339 0.03515625
0 0.504375 0.61171875 0.01766203703703706 0.034375
20 0.4379513888888889 0.6515625 0.01692708333333339 0.03515625
1 0.45431134259259254 0.65234375 0.016284722222222214 0.0375
32 0.4692476851851852 0.65078125 0.01715856481481488 0.0390625
26 0.4849189814814815 0.65 0.01803240740740737 0.040625
24 0.4721354166666666 0.3515625 0.016145833333333214 0.03515625
6 0.48927662037037034 0.35234375 0.017019675925925883 0.03671875
20 0.5197916666666667 0.3515625 0.017112268518518547 0.03828125
36 0.44096064814814817 0.38984375 0.017019675925925883 0.03671875
27 0.47152199074074075 0.38828125 0.016145833333333214 0.03515625
0 0.4871006944444445 0.3890625 0.016053240740740726 0.03359375
32 0.5035532407407407 0.38828125 0.019959490740740726 0.03359375
33 0.5190856481481482 0.38984375 0.016053240740740726 0.03359375
15 0.5429166666666667 0.4359375 0.021012731481481594 0.025
32 0.539537037037037 0.49296875 0.020324074074074085 0.0265625
35 0.5411574074074074 0.465625 0.02184027777777775 0.02578125
29 0.5386979166666667 0.5203125 0.021012731481481594 0.025
15 0.533755787037037 0.57734375 0.02027777777777793 0.02578125
39 0.5361111111111111 0.55078125 0.021793981481481595 0.025
36 0.5557233796296297 0.57578125 0.02170138888888893 0.0234375
5 0.55734375 0.5484375 0.023356481481481596 0.025
1 0.5589178240740741 0.521875 0.020873842592592597 0.02265625
30 0.5604918981481481 0.4953125 0.020370370370370417 0.02734375
39 0.41575810185185186 0.4328125 0.022390046296296262 0.021875
41 0.4149652777777778 0.459375 0.021747685185185262 0.02421875
37 0.4140798611111111 0.4875 0.020324074074074085 0.0265625
1 0.41241319444444446 0.515625 0.02105902777777775 0.02578125
39 0.410792824074074 0.54296875 0.022575231481481595 0.025
36 0.4099537037037037 0.5703125 0.02276041666666657 0.028125
35 0.3946180555555555 0.43359375 0.022482638888888927 0.0234375
26 0.3946064814814815 0.46015625 0.022528935185185173 0.02421875
33 0.39284722222222224 0.48984375 0.02211805555555557 0.03046875
31 0.39205439814814813 0.51640625 0.022390046296296262 0.021875
40 0.39038773148148154 0.54453125 0.020462962962962995 0.02890625