28 0.55546875 0.53828125 0.03671875 0.0953125
39 0.70625 0.44296875 0.03046875 0.0890625
22 0.5859375 0.51484375 0.034375 0.096875
6 0.7375 0.4234375 0.02890625 0.08828125
0 0.4875 0.57578125 0.034375 0.09765625
23 0.42265625 0.62421875 0.040625 0.11015625
23 0.45546875 0.6 0.03828125 0.10546875
30 0.61484375 0.5015625 0.03828125 0.090625
10 0.52109375 0.5546875 0.0359375 0.09765625
10 0.97734375 0.05859375 0.03515625 0.0875
33 0.81953125 0.36796875 0.02890625 0.09453125
39 0.6765625 0.4578125 0.03046875 0.0859375
11 0.76640625 0.40390625 0.0265625 0.09140625
30 0.6484375 0.47578125 0.03359375 0.0890625
5 0.69609375 0.2671875 0.03515625 0.03359375