21 0.4880150462962963 0.5783854166666667 0.0390625 0.10796874999999986
1 0.5210821759259259 0.5633854166666666 0.04059027777777775 0.10572916666666661
16 0.4501793981481482 0.5985416666666666 0.04226851851851841 0.11364583333333336
10 0.6496759259259259 0.4875 0.03905092592592592 0.10718750000000003
39 0.6134953703703705 0.5015104166666667 0.03504050925925917 0.09989583333333343
1 0.5541956018518519 0.5452604166666667 0.038969907407407335 0.10171874999999986
39 0.5842881944444445 0.5198958333333333 0.032662037037037094 0.09739583333333321
28 0.025677083333333333 0.5366145833333333 0.03361689814814815 0.10916666666666668
2 0.7932754629629629 0.40166666666666667 0.03185763888888893 0.09578125000000011
31 0.00833912037037037 0.51015625 0.01667824074074074 0.1078125
12 0.7656655092592592 0.4178125 0.031238425925925916 0.10666666666666665
28 0.05265046296296296 0.5634375 0.03359375 0.10760416666666668
24 0.4154340277777778 0.6212500000000001 0.04778356481481474 0.11713541666666671
10 0.678125 0.4675000000000001 0.032008101851851836 0.10593749999999993
0 0.7088599537037037 0.4515625 0.032777777777777926 0.10520833333333339
2 0.1243287037037037 0.8982291666666666 0.056643518518518524 0.13567708333333323
11 0.8241377314814816 0.37713541666666667 0.029560185185184905 0.09875000000000007