22 0.5959895833333333 0.54140625 0.043015046296296336 0.11171875
6 0.25604166666666667 0.34453125 0.03429398148148142 0.09453125
21 0.37656828703703704 0.42109375 0.03745949074074071 0.1
6 0.2264699074074074 0.32890625 0.03273148148148142 0.09453125
11 0.28875 0.35859375 0.032754629629629585 0.09765625
30 0.48473958333333333 0.478125 0.04924768518518512 0.109375
16 0.34936921296296297 0.4015625 0.03668981481481488 0.1015625
16 0.320625 0.3796875 0.03354166666666671 0.0984375
20 0.19850115740740742 0.3078125 0.03198495370370367 0.09921875
20 0.16815972222222222 0.290625 0.03119791666666667 0.0984375
17 0.8527777777777779 0.890625 0.07688657407407433 0.14921875
27 0.4489583333333333 0.45703125 0.03907407407407408 0.10703125
12 0.5570775462962964 0.52109375 0.04149305555555571 0.1171875
24 0.41625578703703703 0.4421875 0.04064814814814817 0.10859375