22 0.4212847222222222 0.4886979166666666 0.05545717592592592 0.12249999999999997
31 0.2766550925925926 0.4218576388888889 0.051429398148148134 0.1199826388888889
22 0.38229166666666664 0.47406249999999994 0.05385416666666663 0.12164930555555564
31 0.31178240740740737 0.4358854166666667 0.048263888888888926 0.11906250000000007
31 0.24136574074074071 0.4109548611111111 0.04982638888888893 0.11913194444444439
28 0.3474479166666667 0.4545659722222222 0.05295138888888893 0.1192708333333334
17 0.460775462962963 0.5087673611111111 0.0539756944444445 0.12399305555555565
2 0.5417650462962962 0.5402430555555556 0.06096643518518512 0.12352430555555571
20 0.16560185185185186 0.3839236111111111 0.05044560185185185 0.11604166666666664
7 0.5013310185185185 0.5233333333333333 0.05960648148148149 0.12736111111111104
39 0.10118055555555557 0.34859375 0.03828125 0.10692708333333334
15 0.20389467592592592 0.39703125000000006 0.04994791666666672 0.1214756944444444
23 0.13364004629629628 0.36897569444444445 0.04662037037037035 0.11743055555555557
17 0.08979745370370369 0.8838020833333333 0.0740625 0.15060763888888892
33 0.9587152777777778 0.4811805555555555 0.03456597222222228 0.12546874999999993