11 0.5136226851851852 0.5457291666666666 0.045358796296296335 0.10984374999999993
25 0.3428761574074074 0.44078125 0.039820601851851836 0.10713541666666657
25 0.3087268518518519 0.4197916666666667 0.03816550925925925 0.10390625
32 0.2444502314814815 0.38197916666666665 0.03745370370370367 0.10619791666666671
32 0.27850694444444446 0.39984375 0.04214120370370367 0.10651041666666669
34 0.21655092592592595 0.36140625 0.03970486111111118 0.10322916666666666
10 0.1833449074074074 0.3459375 0.03648726851851851 0.09989583333333334
27 0.4087152777777778 0.47869791666666667 0.04207175925925917 0.10416666666666678
36 0.555769675925926 0.5734895833333333 0.0522743055555555 0.10640624999999986
35 0.37385416666666665 0.45999999999999996 0.042048611111111175 0.10338541666666679
33 0.4451388888888889 0.49749999999999994 0.04140625 0.10802083333333332
15 0.1508275462962963 0.32739583333333333 0.03343171296296297 0.10203125000000002
33 0.4763483796296296 0.52453125 0.04142939814814817 0.10880208333333333
38 0.9759895833333333 0.6141666666666666 0.04802083333333336 0.12598958333333332
37 0.580758101851852 0.31161458333333336 0.039693287037037096 0.05020833333333332
1 0.7455439814814815 0.37328125 0.04700231481481474 0.06005208333333334
35 0.5969270833333333 0.173125 0.04745949074074076 0.04916666666666667