25 0.3874305555555556 0.7571469907407407 0.05095486111111107 0.18637152777777785
30 0.5560937499999999 0.5876909722222222 0.04571180555555543 0.16109375000000004
25 0.34072916666666664 0.7972916666666666 0.05262152777777782 0.19115162037037053
1 0.4307986111111111 0.7074421296296297 0.05053819444444443 0.16762152777777786
22 0.29022569444444446 0.8418923611111111 0.056631944444444395 0.19607060185185182
35 0.7620486111111111 0.3759722222222222 0.036701388888888964 0.14183449074074073
6 0.7964756944444444 0.34524305555555557 0.036250000000000074 0.1566319444444444
33 0.5894618055555556 0.5444155092592593 0.035538194444444574 0.15971064814814806
20 0.6230381944444444 0.5105150462962963 0.04092013888888886 0.1561284722222222
6 0.4673090277777778 0.6651331018518519 0.04975694444444443 0.1675752314814815
23 0.6572743055555555 0.47119212962962964 0.039565972222222176 0.16541087962962972
11 0.5108680555555556 0.6240219907407407 0.047534722222222214 0.1729050925925925
29 0.6899652777777778 0.43255787037037036 0.034531250000000034 0.1495081018518519