1 0.36056134259259254 0.6604166666666667 0.056336805555555536 0.1603645833333333
29 0.7233217592592592 0.3013715277777778 0.04510995370370363 0.15621527777777774
23 0.6841724537037037 0.335 0.04568865740740744 0.16402777777777783
25 0.27022569444444444 0.7638194444444444 0.05873842592592595 0.18225694444444435
22 0.2205439814814815 0.81328125 0.06171875 0.19090277777777764
30 0.5728877314814815 0.44744791666666667 0.04499421296296298 0.15465277777777775
6 0.40509259259259256 0.6173090277777777 0.05338541666666678 0.16263888888888883
25 0.31299189814814815 0.7129513888888889 0.05587384259259256 0.17517361111111107
21 0.5346064814814815 0.49041666666666667 0.04768518518518512 0.1593923611111112
20 0.6447337962962962 0.3725347222222222 0.047395833333333394 0.1554861111111112
11 0.4958333333333333 0.5294965277777777 0.04930555555555553 0.16020833333333329
6 0.4537037037037037 0.5717708333333333 0.052430555555555536 0.1602777777777778
10 0.611082175925926 0.41618055555555555 0.04184027777777786 0.16472222222222221
11 0.7569733796296296 0.25772569444444443 0.036834490740740834 0.14979166666666668