21 0.6833333333333333 0.4966666666666667 0.050520833333333216 0.12260416666666671
29 0.43087384259259254 0.5886979166666666 0.05306712962962976 0.12822916666666656
33 0.719849537037037 0.48343749999999996 0.046643518518518515 0.12312499999999993
35 0.5608796296296296 0.5464583333333334 0.04565972222222214 0.11760416666666665
32 0.5206018518518518 0.5555208333333332 0.050694444444444466 0.12729166666666672
17 0.8186631944444445 0.4375520833333333 0.04192708333333321 0.12203124999999986
32 0.4760706018518519 0.5736979166666666 0.050723379629629764 0.1280729166666667
12 0.79140625 0.45453124999999994 0.03923611111111107 0.1125
10 0.3895254629629629 0.6055208333333333 0.05098379629629628 0.13510416666666672
10 0.35063657407407406 0.619375 0.06501736111111107 0.13526041666666658
41 0.6016493055555555 0.5241145833333334 0.04282407407407405 0.1041666666666666
41 0.6405960648148149 0.5086979166666666 0.04450231481481488 0.10739583333333336
7 0.75625 0.47333333333333333 0.044878472222222146 0.11755208333333336
17 0.8341724537037039 0.9369791666666668 0.07181712962962976 0.12604166666666644