22 0.3546990740740741 0.6091435185185186 0.06412615740740737 0.14650462962962968
29 0.8105381944444444 0.3952372685185185 0.05124999999999993 0.12688657407407405
34 0.4920891203703704 0.5460706018518519 0.06265046296296291 0.13478009259259255
26 0.8500231481481482 0.3752083333333333 0.04706597222222229 0.12217013888888886
28 0.44309027777777776 0.5683738425925926 0.06269675925925924 0.13556134259259273
32 0.7736284722222223 0.4113773148148148 0.05046874999999993 0.12688078703703703
25 0.40140046296296295 0.5860416666666667 0.06375578703703706 0.1402546296296297
6 0.5772627314814816 0.5068402777777777 0.0575925925925926 0.12849537037037032
33 0.6994386574074074 0.4499074074074074 0.05051504629629626 0.12766203703703702
34 0.5334143518518518 0.5213657407407407 0.06255787037037024 0.13321759259259275
33 0.7390625 0.4275347222222222 0.04812499999999993 0.12686342592592598
30 0.6586689814814815 0.4652372685185185 0.054282407407407265 0.12534722222222214
6 0.6223090277777779 0.48528935185185185 0.054328703703703594 0.12612847222222215
25 0.8838541666666668 0.3582638888888889 0.04500000000000028 0.12684027777777782
22 0.37375578703703705 0.11609953703703704 0.04990740740740742 0.10423032407407407
5 0.10342592592592592 0.25947337962962963 0.06361689814814815 0.032488425925925934