16 0.5196585648148149 0.39307291666666666 0.04225115740740737 0.11498263888888882
27 0.5966319444444445 0.3359027777777778 0.0414756944444445 0.11574652777777779
15 0.31776620370370373 0.5475347222222222 0.04626736111111107 0.12991319444444435
24 0.5589525462962963 0.36095486111111114 0.03833912037037042 0.11411458333333328
29 0.3640740740740741 0.5176041666666666 0.047835648148148203 0.13072916666666679
30 0.6288483796296296 0.31019097222222225 0.03833333333333329 0.11333333333333329
11 0.4850868055555555 0.42039930555555555 0.04386574074074083 0.12204861111111107
6 0.4450289351851852 0.4501909722222222 0.0430787037037037 0.12125000000000004
32 0.4057349537037037 0.48230902777777784 0.04627893518518515 0.13147569444444435
12 0.18342592592592594 0.6512847222222222 0.054068287037037074 0.12852430555555544
5 0.2777025462962963 0.5781076388888888 0.04314236111111107 0.12984375000000004
5 0.23133680555555552 0.6158506944444444 0.0462731481481482 0.13069444444444436
30 0.6665335648148148 0.2843576388888889 0.032887731481481455 0.1163368055555555
36 0.9785011574074073 0.03856336805555556 0.04049189814814795 0.07712673611111112