32 0.12929398148148147 0.40354166666666663 0.036111111111111115 0.11947916666666672
0 0.45898726851851845 0.5839583333333334 0.0431770833333335 0.12229166666666665
32 0.41652199074074076 0.5623958333333333 0.046394675925925985 0.12874999999999998
2 0.3811111111111111 0.5428645833333333 0.043900462962962995 0.11843749999999993
17 0.1631423611111111 0.42296875 0.03528356481481483 0.11630208333333343
33 0.4998784722222222 0.6046354166666668 0.04953125000000007 0.1297395833333333
1 0.5856597222222222 0.6525000000000001 0.04788773148148131 0.12416666666666672
41 0.27015625 0.48161458333333335 0.03903935185185183 0.10640625000000004
39 0.23392939814814814 0.45968749999999997 0.037546296296296335 0.11098958333333328
38 0.3441030092592593 0.5208854166666667 0.037685185185185155 0.12036458333333329
37 0.19619791666666667 0.4415625 0.03748842592592592 0.10708333333333328
33 0.5447337962962964 0.6294791666666667 0.047968750000000074 0.12963541666666673
2 0.15069444444444444 0.8997916666666667 0.061412037037037015 0.1414583333333333
40 0.30716435185185187 0.5035937500000001 0.03359375 0.10760416666666668