24 0.4875 0.5203125 0.03359375 0.15390625
21 0.39765625 0.596875 0.04296875 0.1625
36 0.97734375 0.0578125 0.03671875 0.08671875
15 0.66171875 0.33359375 0.03125 0.1578125
11 0.26875 0.74140625 0.04375 0.1765625
5 0.5984375 0.40703125 0.03125 0.1515625
27 0.5203125 0.4796875 0.0390625 0.1515625
11 0.35625 0.646875 0.0421875 0.16640625
11 0.3125 0.690625 0.04296875 0.16796875
10 0.63359375 0.36796875 0.03359375 0.1578125
28 0.22265625 0.790625 0.04921875 0.17890625
28 0.1734375 0.840625 0.05390625 0.18359375
21 0.4453125 0.5625 0.04140625 0.1640625
30 0.56171875 0.4390625 0.03359375 0.140625