20 0.4071122685185185 0.42865162037037036 0.03513310185185183 0.10490162037037046
5 0.519681712962963 0.5328125 0.03370949074074083 0.11423032407407412
23 0.3794270833333333 0.3981307870370371 0.035960648148148165 0.10804976851851844
10 0.023350694444444445 0.05931134259259259 0.03726851851851852 0.09090856481481482
7 0.6144907407407407 0.6223784722222222 0.0361574074074074 0.12133101851851862
12 0.5844733796296296 0.5910069444444443 0.037546296296296335 0.10965856481481495
16 0.2737384259259259 0.3043344907407407 0.0257118055555555 0.10149884259259263
26 0.3485011574074074 0.3753298611111111 0.03203125 0.10637152777777778
5 0.4880324074074074 0.5060821759259259 0.03287037037037042 0.11030092592592596
21 0.2952662037037037 0.3284201388888889 0.02877893518518517 0.09768518518518512
15 0.4318113425925926 0.44970486111111113 0.035214120370370416 0.11037037037037045
15 0.45953125000000006 0.47788194444444443 0.0391319444444445 0.1112673611111111
34 0.608275462962963 0.19778935185185187 0.05598958333333339 0.036799768518518496
24 0.3238020833333334 0.3542766203703704 0.03036458333333325 0.09929398148148146
17 0.5505497685185186 0.559519675925926 0.04164930555555557 0.12305555555555543
2 0.6842766203703704 0.07967592592592593 0.04255787037037031 0.026249999999999996