20 0.82578125 0.2875 0.02578125 0.11015625
6 0.9765625 0.05546875 0.03515625 0.0875
27 0.51953125 0.55078125 0.0296875 0.10390625
11 0.61171875 0.46796875 0.03125 0.10625
1 0.63828125 0.44140625 0.03125 0.1
26 0.45234375 0.61640625 0.0375 0.125
32 0.4890625 0.58125 0.03046875 0.1203125
22 0.77421875 0.33046875 0.02734375 0.10078125
1 0.66640625 0.42109375 0.028125 0.103125
12 0.79765625 0.30859375 0.021875 0.09375
22 0.7484375 0.35078125 0.025 0.1046875
24 0.55 0.52578125 0.02578125 0.1125
24 0.58203125 0.49453125 0.02734375 0.1125
36 0.69375 0.39609375 0.02265625 0.09375
25 0.72109375 0.36796875 0.025 0.10703125