24 0.48359375 0.5203125 0.03515625 0.15078125
27 0.52109375 0.48203125 0.03671875 0.1515625
21 0.446875 0.56328125 0.03828125 0.1625
21 0.39921875 0.59921875 0.0421875 0.16171875
11 0.2703125 0.74296875 0.0421875 0.17578125
5 0.6 0.4078125 0.03046875 0.15
10 0.63203125 0.37421875 0.0359375 0.15859375
28 0.1734375 0.84375 0.05390625 0.1859375
15 0.66328125 0.3328125 0.03125 0.1484375
30 0.56328125 0.44609375 0.03828125 0.15625
11 0.3140625 0.68828125 0.04140625 0.17265625
23 0.69609375 0.29921875 0.03046875 0.1578125
11 0.3578125 0.6453125 0.040625 0.1703125
28 0.2234375 0.79296875 0.04921875 0.18125
36 0.9765625 0.05703125 0.03984375 0.08671875