28 0.59609375 0.49609375 0.04453125 0.10703125
27 0.7828125 0.42109375 0.03984375 0.1109375
20 0.84921875 0.390625 0.0359375 0.11484375
25 0.5578125 0.5109375 0.04296875 0.10078125
21 0.67421875 0.46640625 0.04140625 0.1140625
24 0.7109375 0.45 0.0421875 0.1109375
2 0.4359375 0.5703125 0.05234375 0.115625
16 0.63515625 0.484375 0.0421875 0.1125
27 0.74609375 0.4359375 0.040625 0.1109375
10 0.81796875 0.40546875 0.03671875 0.1109375
7 0.47734375 0.55546875 0.04453125 0.12109375
7 0.52109375 0.5390625 0.0453125 0.11796875
26 0.88359375 0.37578125 0.03359375 0.115625
2 0.86484375 0.8890625 0.06953125 0.14453125
21 0.86328125 0.290625 0.046875 0.07890625