36 0.5657002314814814 0.44354745370370363 0.039560185185185046 0.10254629629629619
32 0.6884143518518518 0.3599537037037037 0.03491319444444443 0.10298032407407405
35 0.18043402777777778 0.8783275462962962 0.07233796296296298 0.14933449074074048
26 0.5967592592592592 0.4224247685185185 0.040706018518518586 0.10963541666666661
36 0.529375 0.4689814814814815 0.04502893518518523 0.10295138888888893
35 0.6332060185185184 0.39933449074074073 0.03487268518518505 0.10219907407407405
35 0.6613425925925925 0.382349537037037 0.036354166666666646 0.10075231481481488
32 0.7177083333333334 0.33504050925925927 0.03655671296296283 0.1046585648148148
7 0.04294560185185185 0.5559895833333334 0.03387731481481482 0.11302083333333321
7 0.0663599537037037 0.584056712962963 0.04263310185185185 0.11678240740740745
5 0.4502488425925926 0.6520833333333333 0.06331597222222225 0.06539351851851852
5 0.3976388888888889 0.6810763888888889 0.05209490740740748 0.059114583333333214
5 0.35550925925925925 0.7155671296296295 0.057482638888888896 0.057957175925925954