16 0.41484375 0.640625 0.03984375 0.10234375
33 0.4875 0.59609375 0.034375 0.1
24 0.453125 0.61484375 0.0359375 0.09921875
15 0.51953125 0.5734375 0.034375 0.1
32 0.65 0.496875 0.03515625 0.096875
38 0.76796875 0.421875 0.02734375 0.0921875
31 0.6140625 0.51640625 0.0328125 0.09609375
32 0.68046875 0.4765625 0.0328125 0.09765625
5 0.7359375 0.43984375 0.02890625 0.0921875
5 0.70546875 0.45625 0.0296875 0.09140625
35 0.5515625 0.553125 0.03359375 0.09375
32 0.81796875 0.3828125 0.03203125 0.10234375
22 0.5828125 0.53359375 0.03359375 0.0984375