7 0.53203125 0.5109375 0.02734375 0.1046875
5 0.825 0.284375 0.021875 0.09453125
21 0.6875 0.38671875 0.028125 0.10234375
10 0.97578125 0.05859375 0.0359375 0.08984375
28 0.6265625 0.434375 0.0296875 0.10703125
26 0.7984375 0.30390625 0.0234375 0.09765625
12 0.5640625 0.4875 0.0296875 0.10546875
16 0.7140625 0.36484375 0.02734375 0.09609375
6 0.74296875 0.34375 0.03046875 0.09921875
32 0.771875 0.32421875 0.028125 0.1046875
36 0.4984375 0.53203125 0.03125 0.09765625
17 0.5953125 0.45625 0.02890625 0.10859375
24 0.65625 0.4109375 0.0265625 0.10859375
0 0.85390625 0.2671875 0.02421875 0.096875