16 0.5515625 0.58359375 0.04921875 0.1140625
21 0.509375 0.559375 0.03984375 0.109375
1 0.440625 0.5203125 0.03828125 0.10078125
1 0.478125 0.54140625 0.04296875 0.10390625
39 0.34140625 0.45625 0.03359375 0.096875
10 0.31171875 0.4390625 0.03671875 0.10546875
23 0.19453125 0.3625 0.03515625 0.10234375
22 0.1375 0.32890625 0.0296875 0.09765625
39 0.37890625 0.47734375 0.034375 0.096875
23 0.225 0.38046875 0.03515625 0.10234375
31 0.98828125 0.51015625 0.0234375 0.1078125
5 0.28203125 0.41953125 0.02890625 0.10078125
28 0.96640625 0.53515625 0.03515625 0.10546875
28 0.94140625 0.559375 0.03203125 0.103125
12 0.1625 0.34453125 0.03046875 0.103125
2 0.8625 0.88984375 0.059375 0.14375
0 0.25546875 0.3953125 0.02734375 0.09296875
40 0.4078125 0.49375 0.028125 0.0953125