22 0.59609375 0.490625 0.05 0.11875
22 0.55625 0.5078125 0.0484375 0.11796875
17 0.51796875 0.5296875 0.04765625 0.12265625
31 0.70625 0.43359375 0.04453125 0.11796875
31 0.66875 0.4515625 0.0421875 0.11796875
2 0.43515625 0.5625 0.05625 0.1203125
28 0.634375 0.47109375 0.0484375 0.1171875
23 0.84765625 0.371875 0.04375 0.11796875
20 0.815625 0.38984375 0.04375 0.115625
31 0.740625 0.4203125 0.04453125 0.11796875
7 0.4734375 0.54765625 0.053125 0.1265625
39 0.8859375 0.35234375 0.0328125 0.10859375
15 0.77734375 0.40390625 0.04453125 0.1203125
17 0.8640625 0.89140625 0.06796875 0.146875
12 0.70078125 0.24296875 0.0625 0.034375