35 0.3401793981481481 0.4331539351851852 0.03647569444444443 0.10101273148148149
32 0.3123668981481481 0.41184606481481484 0.03495370370370363 0.1017824074074074
36 0.43508101851851855 0.48700231481481476 0.03951967592592602 0.09947337962962947
35 0.8188252314814815 0.89390625 0.07394097222222236 0.1458043981481481
26 0.40320023148148143 0.4687905092592592 0.03992476851851858 0.10728587962962947
32 0.2838946759259259 0.38818865740740743 0.03499421296296301 0.1025636574074074
36 0.4705844907407407 0.5107118055555555 0.04498842592592602 0.09951388888888886
35 0.37148148148148147 0.44745370370370374 0.03417245370370372 0.10177662037037027
7 0.9336400462962964 0.5938599537037037 0.04098958333333336 0.11276041666666661
7 0.9570949074074075 0.5635532407407406 0.03379629629629619 0.1095833333333335
5 0.5511111111111111 0.6910648148148149 0.059704861111111104 0.051984953703703776
5 0.6040451388888889 0.7102141203703705 0.05291666666666668 0.05662037037037031
5 0.6414467592592593 0.7425347222222223 0.05670138888888889 0.05430555555555561