33 0.50546875 0.459375 0.04296875 0.12734375
15 0.253125 0.65703125 0.05703125 0.1390625
33 0.54453125 0.42890625 0.034375 0.12578125
30 0.4609375 0.4859375 0.04609375 0.12265625
21 0.34296875 0.57890625 0.0484375 0.1328125
6 0.97578125 0.05625 0.03515625 0.08515625
30 0.42109375 0.51875 0.0546875 0.12109375
16 0.296875 0.61875 0.05859375 0.13046875
10 0.20859375 0.6953125 0.06015625 0.1421875
27 0.38671875 0.553125 0.05078125 0.1234375
12 0.228125 0.27734375 0.06796875 0.04453125
5 0.15390625 0.73046875 0.0546875 0.14609375
34 0.1125 0.29296875 0.07578125 0.0484375
41 0.6578125 0.353125 0.0390625 0.10859375
25 0.11015625 0.34921875 0.07421875 0.0484375
11 0.6953125 0.3265625 0.0359375 0.12109375
12 0.15234375 0.3203125 0.075 0.04375
1 0.67734375 0.12890625 0.0703125 0.0609375
41 0.61953125 0.378125 0.034375 0.09921875