15 0.2265625 0.68203125 0.05390625 0.14765625
25 0.6015625 0.3953125 0.05078125 0.121875
28 0.63671875 0.37109375 0.0453125 0.11484375
31 0.70859375 0.3171875 0.0421875 0.11484375
7 0.484375 0.47890625 0.03984375 0.12265625
12 0.52265625 0.45234375 0.046875 0.11796875
31 0.6734375 0.34296875 0.0375 0.11484375
10 0.97578125 0.0578125 0.0359375 0.08828125
21 0.36171875 0.565625 0.05 0.1265625
24 0.4015625 0.53828125 0.05 0.12265625
25 0.740625 0.2875 0.03515625 0.1203125
22 0.56484375 0.42578125 0.04453125 0.125
30 0.44375 0.51171875 0.0546875 0.125
11 0.31953125 0.59921875 0.05390625 0.13046875
28 0.18828125 0.30390625 0.071875 0.05
6 0.27578125 0.64375 0.05546875 0.1296875