30 0.4410011574074074 0.10776041666666666 0.06808449074074083 0.07078125000000002
17 0.2524884259259259 0.7998958333333334 0.06776620370370372 0.14635416666666662
28 0.43914930555555554 0.7890104166666667 0.06302083333333322 0.14447916666666671
12 0.18275462962962963 0.8099999999999999 0.0677083333333333 0.1447916666666668
30 0.5012152777777777 0.12322916666666668 0.05031828703703702 0.09609375
11 0.5682291666666667 0.7757291666666666 0.061255787037037025 0.13890624999999995
22 0.31180555555555556 0.7975000000000001 0.06623263888888893 0.14703125000000003
30 0.3771990740740741 0.12604166666666666 0.05034722222222223 0.096875
39 0.627025462962963 0.1140625 0.04942129629629619 0.09291666666666668
25 0.37592592592592594 0.7916666666666666 0.06391782407407405 0.14765625
2 0.05416666666666666 0.8310416666666667 0.07242476851851853 0.1458854166666665
30 0.6994212962962962 0.7685416666666667 0.062008101851851904 0.13817708333333342
27 0.6314814814814815 0.7722916666666666 0.06047453703703702 0.13885416666666686
39 0.684230324074074 0.10557291666666666 0.04866898148148149 0.09364583333333334
7 0.11921296296296295 0.82125 0.06875 0.15187500000000007
35 0.25069444444444444 0.13291666666666666 0.04788773148148149 0.09359375
35 0.3170138888888889 0.10979166666666666 0.06336805555555554 0.06968749999999999
33 0.761082175925926 0.7659895833333333 0.0627893518518519 0.1382291666666667
6 0.5057291666666667 0.7798958333333333 0.061255787037037025 0.13890625000000015
35 0.1954861111111111 0.12958333333333333 0.048697916666666695 0.09442708333333334
33 0.8281828703703704 0.7638541666666667 0.062008101851851904 0.13817708333333342
39 0.5633101851851852 0.10895833333333334 0.06354166666666679 0.074375