34 0.2973090277777778 0.43109375000000005 0.052870370370370345 0.11805555555555554
29 0.4897222222222222 0.5010185185185184 0.04888310185185176 0.11629050925925917
26 0.5307407407407407 0.5216087962962963 0.048344907407407336 0.12093750000000014
27 0.25599537037037035 0.41991898148148155 0.04802083333333336 0.11468749999999997
22 0.37178819444444444 0.46248263888888896 0.04864004629629637 0.11160300925925917
12 0.45125000000000004 0.484212962962963 0.04885416666666664 0.10070601851851854
22 0.4101388888888889 0.4769444444444444 0.047939814814814775 0.11312500000000014
28 0.3355787037037037 0.44399305555555557 0.049542824074074156 0.11398726851851855
23 0.576244212962963 0.5380497685185185 0.053275462962962906 0.12586805555555552
17 0.18273726851851851 0.8804108796296297 0.08261574074074077 0.15076388888888914
33 0.21764467592592593 0.4054571759259259 0.04649884259259256 0.11538773148148156
39 0.18508680555555554 0.39696180555555555 0.03894097222222222 0.1048668981481482
10 0.6124942129629629 0.557320601851852 0.0446817129629629 0.12542245370370358
39 0.1505613425925926 0.3807349537037037 0.03663773148148151 0.10552662037037033