17 0.56875 0.54296875 0.0453125 0.11171875
22 0.646875 0.5109375 0.0453125 0.1109375
16 0.453125 0.59375 0.0453125 0.11953125
25 0.68515625 0.49609375 0.0453125 0.1109375
17 0.6046875 0.528125 0.0421875 0.1109375
11 0.4125 0.6109375 0.04921875 0.1203125
12 0.53125 0.559375 0.04921875 0.1125
7 0.49140625 0.571875 0.04140625 0.115625
23 0.79765625 0.45625 0.0421875 0.1109375
26 0.8328125 0.44375 0.03828125 0.1078125
15 0.721875 0.48515625 0.04375 0.11328125
26 0.825 0.35078125 0.05390625 0.0890625
33 0.86640625 0.42421875 0.0328125 0.11796875
17 0.865625 0.890625 0.06875 0.14921875
15 0.76171875 0.4703125 0.04296875 0.1125