28 0.5489641203703703 0.54625 0.05740162037037031 0.1341666666666665
23 0.32496527777777773 0.44078125 0.05024305555555557 0.12510416666666657
25 0.5921643518518518 0.5647395833333333 0.05981481481481481 0.13901041666666672
16 0.24397569444444445 0.4002604166666667 0.04859953703703699 0.11953125
34 0.4569791666666667 0.50109375 0.057355324074073975 0.13104166666666667
34 0.4106076388888889 0.47927083333333337 0.0533449074074074 0.12375000000000007
31 0.5025578703703704 0.5220833333333333 0.050266203703703737 0.12666666666666657
25 0.6393518518518518 0.5889583333333334 0.06061921296296298 0.140625
17 0.6903877314814816 0.6095312500000001 0.05995370370370381 0.14838541666666671
20 0.3681655092592592 0.45927083333333335 0.048680555555555574 0.125
6 0.285625 0.41942708333333334 0.047795138888888825 0.11791666666666671
24 0.2031423611111111 0.38348958333333333 0.043912037037036986 0.11921874999999993
41 0.1669386574074074 0.36312500000000003 0.043026620370370375 0.11213541666666664
22 0.6211631944444445 0.15145833333333333 0.05005787037037024 0.11260416666666666
37 0.6326562499999999 0.2950520833333333 0.05281828703703688 0.035520833333333356
34 0.6713831018518519 0.275 0.062262731481481384 0.04083333333333332