16 0.4638020833333334 0.46034143518518517 0.049710648148148094 0.11908564814814823
16 0.5066840277777778 0.4372280092592592 0.05373263888888893 0.12223958333333336
15 0.38495370370370374 0.5245833333333334 0.050839120370370416 0.1284664351851852
11 0.42899305555555556 0.4905439814814815 0.05384837962962976 0.12536458333333336
17 0.25960648148148147 0.6197222222222223 0.05842013888888893 0.14336226851851847
37 0.7157118055555556 0.2817881944444444 0.03614004629629619 0.11117476851851853
24 0.5423032407407408 0.4078125 0.04412615740740744 0.11592013888888886
30 0.6081886574074075 0.35206597222222225 0.040885416666666785 0.11277199074074078
27 0.5780671296296296 0.3823032407407408 0.04265046296296297 0.11825231481481477
5 0.3075520833333333 0.5857118055555556 0.04930555555555553 0.1292361111111111
12 0.21171875 0.6552951388888889 0.05711805555555553 0.12929398148148152
5 0.34467592592592594 0.5547453703703704 0.04768518518518512 0.12766203703703702
36 0.6441261574074074 0.33124421296296297 0.03755787037037024 0.10728009259259261
36 0.6799189814814814 0.3065162037037037 0.03752893518518512 0.10649884259259261
31 0.33486689814814813 0.10010995370370371 0.05601851851851851 0.03634259259259261
34 0.2427083333333333 0.2267361111111111 0.07268518518518512 0.043495370370370344
36 0.978732638888889 0.0658275462962963 0.03836805555555571 0.08697916666666668
29 0.23686342592592596 0.27980324074074076 0.07054398148148149 0.04894675925925931
2 0.19858217592592592 0.30060763888888886 0.06565393518518521 0.04344328703703706