0 0.7090277777777778 0.4724826388888889 0.04494791666666664 0.12609375000000006
16 0.8305208333333333 0.4255902777777777 0.04484375000000007 0.12140625000000008
7 0.5899305555555555 0.5218229166666667 0.04901041666666668 0.13329861111111113
37 0.7918055555555555 0.43947916666666664 0.04298611111111104 0.10805555555555557
28 0.41135416666666663 0.5989583333333334 0.05611111111111118 0.13673611111111122
17 0.5017534722222222 0.5577083333333334 0.05225694444444447 0.13890624999999995
37 0.7515798611111111 0.45564236111111106 0.04213541666666672 0.1048958333333335
17 0.5473090277777778 0.5355381944444444 0.05142361111111118 0.13652777777777772
25 0.45531249999999995 0.57515625 0.056892361111111 0.13677083333333329
15 0.6309548611111111 0.5064756944444444 0.05295138888888893 0.1350347222222222
34 0.36102430555555554 0.617013888888889 0.06498263888888882 0.14961805555555543
5 0.6742708333333333 0.48888888888888893 0.04656249999999993 0.12850694444444458
22 0.9040104166666666 0.39607638888888885 0.04498263888888872 0.12765625000000008
21 0.3821701388888889 0.12859375 0.0428993055555555 0.10414930555555557