16 0.48515625 0.4453125 0.04453125 0.11875
27 0.52109375 0.41796875 0.0390625 0.1125
29 0.6953125 0.28125 0.03671875 0.12421875
15 0.3203125 0.57109375 0.04921875 0.13359375
11 0.44453125 0.4765625 0.04140625 0.1234375
38 0.625 0.33671875 0.0328125 0.11484375
24 0.36171875 0.54140625 0.04609375 0.12109375
12 0.175 0.66484375 0.05390625 0.1234375
5 0.275 0.603125 0.04765625 0.13125
6 0.40546875 0.50234375 0.04375 0.1203125
30 0.55390625 0.3875 0.0421875 0.1140625
5 0.2265625 0.6390625 0.0484375 0.1328125
30 0.5921875 0.36328125 0.03671875 0.11484375
35 0.04375 0.34140625 0.0640625 0.05234375
36 0.97578125 0.05625 0.03515625 0.084375
6 0.30390625 0.13671875 0.05703125 0.0421875