20 0.7962905092592593 0.3748263888888889 0.043912037037037166 0.1622106481481481
10 0.9792534722222221 0.0947337962962963 0.041307870370370384 0.0919560185185185
33 0.6580729166666666 0.5154803240740741 0.048553240740740834 0.16160300925925916
10 0.8495312500000001 0.32612847222222224 0.05347222222222214 0.1656828703703704
25 0.42826967592592596 0.7681134259259259 0.0571122685185184 0.18764467592592596
25 0.4701620370370371 0.7252314814814815 0.058535879629629764 0.1853587962962962
5 0.7369039351851852 0.45135995370370374 0.04703703703703717 0.16232638888888892
16 0.5839814814814815 0.5938078703703704 0.05622685185185183 0.15954861111111107
27 0.6261979166666667 0.556394675925926 0.051539351851851836 0.159375
15 0.7676331018518519 0.4174189814814815 0.04050925925925934 0.15740740740740744
12 0.33772569444444445 0.8450520833333333 0.060995370370370415 0.13478009259259238
33 0.6982233796296297 0.48266782407407405 0.04951967592592599 0.16475694444444447
16 0.5485243055555555 0.6400462962962964 0.05714699074074083 0.1619212962962962
20 0.3835763888888889 0.8163483796296296 0.051134259259259275 0.17884837962962977
6 0.5100752314814814 0.6752604166666666 0.04790509259259253 0.15066550925925917