28 0.42858217592592596 0.5086458333333332 0.039542824074074015 0.09776041666666657
39 0.280625 0.42338541666666674 0.03310763888888886 0.09109374999999993
22 0.3988078703703704 0.4872395833333334 0.037245370370370345 0.09916666666666671
6 0.24995370370370368 0.4059375 0.03152199074074069 0.09020833333333336
0 0.4954398148148148 0.5416145833333333 0.03726851851851851 0.09994791666666672
23 0.5588483796296296 0.5857291666666666 0.043888888888889 0.11286458333333335
23 0.5267534722222222 0.5636979166666667 0.04140625 0.10802083333333332
30 0.3702951388888889 0.47588541666666667 0.04096643518518519 0.09317708333333333
10 0.4624710648148148 0.5227604166666666 0.038831018518518515 0.10005208333333329
10 0.02092013888888889 0.05708333333333333 0.03774884259259259 0.08984375
33 0.16956597222222222 0.3559375 0.03170717592592594 0.09645833333333335
39 0.3098726851851852 0.4362500000000001 0.03301504629629628 0.08796874999999993
11 0.22162615740740738 0.38833333333333336 0.029270833333333357 0.09317708333333333
30 0.33746527777777774 0.45234375 0.036232638888888856 0.09130208333333326
5 0.29598958333333336 0.24692708333333332 0.03615162037037036 0.0359375