24 0.48680555555555555 0.4089930555555556 0.04248842592592581 0.11649305555555553
16 0.522037037037037 0.43866319444444446 0.04412037037037031 0.11887152777777779
15 0.6465509259259259 0.5304340277777777 0.04534143518518512 0.133732638888889
27 0.44707175925925924 0.38546874999999997 0.04572916666666664 0.12046875000000004
30 0.40864583333333326 0.3533854166666667 0.038420138888889 0.1109375
12 0.8271875 0.6718576388888888 0.05209490740740748 0.12451388888888885
5 0.7297453703703705 0.5978645833333334 0.04524884259259245 0.130607638888889
11 0.5619791666666666 0.4692187499999999 0.045063657407407476 0.124357638888889
5 0.6889988425925926 0.5665104166666667 0.0459837962962963 0.12906250000000002
16 0.3017824074074074 0.27762152777777777 0.03621527777777782 0.11557291666666662
17 0.7799826388888889 0.6333333333333333 0.05802662037037045 0.14026041666666664
36 0.3705671296296297 0.3330208333333333 0.035960648148148165 0.10697916666666671
29 0.8564814814814815 0.34303819444444444 0.07714699074074076 0.04777777777777779
36 0.3368981481481481 0.30338541666666663 0.037546296296296335 0.10779513888888888
34 0.7723611111111112 0.24435763888888892 0.0739988425925926 0.046927083333333286
36 0.024369212962962964 0.05831597222222222 0.037725694444444444 0.0875
2 0.8126562500000001 0.31317708333333333 0.06696759259259259 0.04677083333333334