34 0.2554108796296296 0.9606901041666667 0.07689236111111111 0.07861979166666658
35 0.5115914351851851 0.8684375 0.04873263888888886 0.07583333333333328
32 0.37865162037037037 0.951484375 0.05621527777777775 0.09703124999999986
7 0.11226851851851852 0.94015625 0.060144675925925914 0.10859375
32 0.3223900462962963 0.9486197916666667 0.05703125 0.10276041666666665
17 0.05913194444444445 0.9358333333333334 0.0742650462962963 0.11343749999999986
38 0.5663252314814815 0.8752083333333334 0.047239583333333356 0.08041666666666672
38 0.621736111111111 0.875 0.047939814814814775 0.075
30 0.44341435185185185 0.951953125 0.052251157407407336 0.09609375
38 0.6748726851851852 0.8793229166666666 0.048836805555555605 0.08286458333333328
30 0.49651620370370375 0.9531770833333333 0.04989583333333343 0.09364583333333343
30 0.6363020833333334 0.9560286458333334 0.053009259259259166 0.08794270833333329
12 0.17494212962962963 0.9560416666666667 0.06991898148148153 0.08348958333333342
1 0.5814756944444445 0.42276041666666664 0.03269097222222221 0.046666666666666676
2 0.45951967592592596 0.6198958333333333 0.045491898148148024 0.06781250000000014
30 0.566255787037037 0.9686197916666668 0.07060763888888885 0.06276041666666643
36 0.6189293981481482 0.4221354166666667 0.03343750000000014 0.04437499999999996
37 0.4378067129629629 0.41864583333333333 0.032633101851851976 0.042760416666666676
21 0.5455844907407407 0.4234895833333333 0.03267939814814831 0.0458854166666665
15 0.5111863425925927 0.41963541666666665 0.03193287037037038 0.04817708333333339
0 0.4737210648148148 0.4194791666666666 0.02958912037037038 0.04802083333333336