16 0.3945486111111111 0.5157002314814815 0.036388888888888894 0.09266203703703706
28 0.559357638888889 0.6292361111111111 0.040486111111111 0.10148726851851855
30 0.45791666666666664 0.5584664351851851 0.04032986111111114 0.09445601851851855
31 0.5228993055555555 0.6036689814814815 0.038142361111111 0.10134837962962955
10 0.5934201388888889 0.6523206018518518 0.04137152777777775 0.10622106481481489
30 0.49039930555555555 0.5806770833333333 0.041145833333333395 0.09606481481481488
0 0.6313888888888889 0.6756365740740741 0.03902777777777775 0.10608217592592588
10 0.023993055555555552 0.0614988425925926 0.03791666666666667 0.09119212962962964
35 0.33121527777777776 0.47449652777777784 0.02862847222222218 0.09454282407407391
21 0.3589236111111111 0.4925231481481481 0.035677083333333304 0.09574074074074072
11 0.42782986111111115 0.5387384259259259 0.03722222222222236 0.0950520833333334
27 0.3050347222222222 0.45500000000000007 0.02315972222222218 0.09421874999999993
5 0.3122395833333333 0.28767939814814814 0.04222222222222225 0.0391724537037037