24 0.5125 0.5089236111111111 0.03359375 0.15465277777777775
21 0.60234375 0.5834895833333333 0.04296875 0.16345486111111107
36 0.02265625 0.05730902777777778 0.03671875 0.08753472222222221
15 0.33828125 0.32607638888888885 0.03125 0.15850694444444446
11 0.73125 0.7251562500000001 0.04375 0.17753472222222227
5 0.4015625 0.3981076388888889 0.03125 0.15225694444444446
27 0.4796875 0.4690277777777778 0.0390625 0.15243055555555554
11 0.64375 0.6325694444444444 0.0421875 0.16734375000000004
11 0.6875 0.6753472222222222 0.04296875 0.16892361111111107
10 0.36640625 0.3598263888888889 0.03359375 0.15855902777777775
28 0.77734375 0.7733506944444445 0.04921875 0.18000000000000008
28 0.8265625 0.8222569444444444 0.05390625 0.18479166666666663
21 0.5546875 0.5501736111111111 0.04140625 0.164982638888889
30 0.43828125 0.42932291666666667 0.03359375 0.14137152777777776