11 0.6225347222222222 0.5059548611111111 0.04484375000000007 0.11427083333333332
16 0.6623611111111111 0.49050347222222224 0.04711805555555557 0.11281250000000007
25 0.46312499999999995 0.5701041666666666 0.048993055555555644 0.1199131944444444
31 0.5431944444444444 0.5298263888888889 0.04375 0.10720486111111108
30 0.7408159722222223 0.4689409722222223 0.04861111111111107 0.11131944444444457
27 0.6989236111111111 0.47803819444444445 0.04789930555555557 0.11284722222222214
6 0.58359375 0.5190972222222221 0.04711805555555557 0.11281250000000007
29 0.8500347222222222 0.4244791666666667 0.03887152777777771 0.1202430555555555
12 0.4218055555555555 0.5839236111111111 0.05048611111111114 0.11842013888888889
28 0.503125 0.5507465277777778 0.04871527777777782 0.11366319444444457
35 0.8268923611111111 0.9275694444444443 0.0661979166666665 0.1386111111111113
12 0.3794270833333333 0.6039583333333333 0.05435763888888889 0.11781250000000014
12 0.8125694444444445 0.3515798611111111 0.058246527777777855 0.10005208333333329
33 0.7797222222222222 0.4565798611111111 0.04253472222222214 0.11494791666666675
23 0.8146527777777777 0.4456076388888889 0.04019097222222214 0.11484375
34 0.2682986111111111 0.33913194444444444 0.07453124999999998 0.04541666666666666
32 0.2810069444444444 0.29977430555555556 0.06505208333333332 0.04265625000000002