25 0.56796875 0.528125 0.0484375 0.12421875
16 0.72578125 0.45390625 0.0453125 0.11484375
28 0.61015625 0.5078125 0.04765625 0.1171875
21 0.7671875 0.4390625 0.04609375 0.121875
39 0.64921875 0.4921875 0.04453125 0.1140625
30 0.8359375 0.4078125 0.04375 0.11875
39 0.6890625 0.47265625 0.04296875 0.11171875
7 0.52890625 0.5453125 0.04921875 0.12421875
26 0.90859375 0.3796875 0.03984375 0.11640625
7 0.48671875 0.565625 0.05078125 0.12578125
21 0.94453125 0.35859375 0.03515625 0.1140625
27 0.80078125 0.4234375 0.04140625 0.11796875
7 0.44296875 0.58125 0.05 0.128125
35 0.865625 0.8875 0.0609375 0.134375
37 0.621875 0.2609375 0.05078125 0.04296875