28 0.4921875 0.575 0.03828125 0.09765625
11 0.75078125 0.42734375 0.0296875 0.0890625
33 0.62265625 0.49453125 0.03046875 0.096875
30 0.5921875 0.5125 0.0359375 0.09140625
0 0.4265625 0.621875 0.03671875 0.10078125
31 0.5265625 0.553125 0.03359375 0.096875
10 0.45703125 0.59765625 0.03671875 0.0984375
30 0.55859375 0.534375 0.0375 0.090625
6 0.72109375 0.446875 0.03203125 0.08984375
1 0.78203125 0.4125 0.0296875 0.090625
10 0.978125 0.059375 0.03515625 0.08828125
5 0.6953125 0.2671875 0.03515625 0.03359375