35 0.39100115740740743 0.5296469907407408 0.048258101851851795 0.11777199074074077
29 0.5161631944444445 0.5862905092592593 0.055798611111111104 0.1267303240740741
17 0.1389409722222222 0.39276041666666667 0.04517939814814813 0.1183912037037036
21 0.28050347222222227 0.46357638888888886 0.04697337962962962 0.12237847222222235
12 0.16682870370370367 0.41144675925925933 0.04384259259259258 0.10897569444444458
32 0.47186921296296297 0.5667534722222222 0.05271990740740744 0.12734953703703694
7 0.2009664351851852 0.4304571759259259 0.047523148148148134 0.11851273148148156
10 0.554849537037037 0.6078877314814815 0.05299768518518526 0.13203703703703695
32 0.4294155092592593 0.5426099537037037 0.05184606481481495 0.12574652777777776
10 0.5944560185185186 0.627181712962963 0.06393518518518526 0.1326041666666665
41 0.35263888888888884 0.5025810185185186 0.04512731481481484 0.10436921296296298
41 0.31459490740740736 0.48336805555555556 0.04365740740740733 0.1058506944444444
17 0.07998842592592592 0.8982928240740741 0.07506365740740742 0.14953703703703702
34 0.7240798611111111 0.35727430555555556 0.07037615740740737 0.04414930555555561
29 0.2986979166666667 0.36813078703703705 0.05168981481481483 0.08368055555555554