29 0.3125 0.6359375 0.0546875 0.1390625
31 0.6984375 0.33046875 0.0359375 0.1140625
10 0.97578125 0.0578125 0.0359375 0.0890625
25 0.625 0.3828125 0.046875 0.1265625
28 0.65859375 0.3578125 0.04453125 0.11640625
12 0.55 0.4359375 0.04296875 0.109375
0 0.26015625 0.671875 0.0625 0.1453125
15 0.35546875 0.60078125 0.04765625 0.13203125
24 0.5171875 0.4734375 0.0421875 0.115625
22 0.590625 0.41015625 0.04140625 0.12421875
24 0.76328125 0.278125 0.0328125 0.11640625
6 0.44140625 0.534375 0.04921875 0.12578125
1 0.396875 0.5625 0.04296875 0.12421875
11 0.48203125 0.50234375 0.03828125 0.1234375
31 0.73125 0.29921875 0.03125 0.10703125