35 0.50078125 0.83515625 0.04765625 0.0734375
34 0.75859375 0.94453125 0.075 0.075
32 0.63515625 0.93203125 0.0546875 0.103125
38 0.390625 0.834375 0.04453125 0.0703125
32 0.6921875 0.9328125 0.05546875 0.10390625
38 0.446875 0.8375 0.0453125 0.07734375
17 0.95390625 0.93203125 0.071875 0.10703125
7 0.89765625 0.93203125 0.0578125 0.10546875
2 0.478125 0.5875 0.04296875 0.06640625
30 0.5703125 0.9265625 0.05078125 0.09921875
31 0.52265625 0.59375 0.04140625 0.06875
38 0.33671875 0.83515625 0.046875 0.07890625
30 0.378125 0.92109375 0.0515625 0.096875
30 0.5171875 0.925 0.0484375 0.0984375
12 0.83828125 0.9453125 0.06796875 0.07890625
1 0.42578125 0.38125 0.0328125 0.04375
37 0.56796875 0.38984375 0.03125 0.040625
30 0.44765625 0.9390625 0.06953125 0.071875
21 0.46015625 0.3875 0.03203125 0.04453125
36 0.384375 0.37734375 0.03359375 0.04296875
15 0.496875 0.3890625 0.03125 0.04453125
0 0.5328125 0.3875 0.03359375 0.04375
32 0.39921875 0.76328125 0.07578125 0.06484375