2 0.6671875 0.50234375 0.0421875 0.11796875
37 0.846875 0.41953125 0.034375 0.10234375
6 0.42734375 0.62421875 0.04609375 0.1234375
2 0.63046875 0.52109375 0.0390625 0.11640625
32 0.5921875 0.54140625 0.0453125 0.12734375
0 0.55390625 0.56171875 0.040625 0.12109375
1 0.37578125 0.6421875 0.0515625 0.12109375
33 0.51171875 0.57734375 0.04453125 0.1296875
33 0.46640625 0.6 0.046875 0.12578125
15 0.8828125 0.4015625 0.03359375 0.1203125
39 0.81484375 0.43671875 0.03515625 0.10703125
41 0.7765625 0.45078125 0.03984375 0.10859375
38 0.703125 0.48515625 0.0359375 0.121875
2 0.8625 0.88984375 0.059375 0.1359375
40 0.73984375 0.46640625 0.03203125 0.10625