20 0.34609375 0.5353530092592592 0.04229166666666666 0.0971759259259258
10 0.4026041666666667 0.581400462962963 0.04119791666666668 0.10412615740740741
23 0.3146875 0.5125578703703704 0.0416666666666667 0.09947916666666679
16 0.43479166666666663 0.6042361111111111 0.041562499999999857 0.09791666666666661
23 0.28541666666666665 0.4930092592592592 0.04265625000000002 0.10264467592592581
11 0.4660937499999999 0.6285937500000001 0.045781249999999926 0.10280671296296298
28 0.22770833333333335 0.4531712962962963 0.03859375000000007 0.10009837962962961
25 0.2580208333333333 0.4688541666666667 0.038437500000000034 0.09775462962962962
6 0.020130208333333333 0.05668402777777778 0.04026041666666667 0.09010416666666668
6 0.5061979166666667 0.6502719907407407 0.054635416666666714 0.10715856481481474
15 0.37182291666666667 0.5609895833333334 0.04343750000000002 0.10268518518518518