2 0.48359375 0.48671875 0.0484375 0.11796875
25 0.5984375 0.3984375 0.05 0.12421875
31 0.671875 0.3453125 0.0390625 0.1140625
10 0.97578125 0.05859375 0.03671875 0.090625
37 0.7359375 0.2953125 0.0375 0.10859375
28 0.63359375 0.37578125 0.046875 0.11953125
24 0.40078125 0.54921875 0.0515625 0.1203125
22 0.5609375 0.42890625 0.04765625 0.125
24 0.4453125 0.51796875 0.0515625 0.12578125
1 0.26953125 0.64609375 0.05703125 0.12890625
15 0.22578125 0.68671875 0.05625 0.146875
12 0.52265625 0.4578125 0.04765625 0.11953125
31 0.70703125 0.3203125 0.0375 0.1140625
11 0.36484375 0.57734375 0.05078125 0.13125
6 0.315625 0.6109375 0.0484375 0.11640625