24 0.69296875 0.506105324074074 0.03572916666666668 0.09282407407407404
28 0.5103125000000001 0.6115162037037037 0.042447916666666786 0.10031828703703702
2 0.7462500000000001 0.4774016203703704 0.03546875000000007 0.08891782407407404
22 0.4471354166666666 0.6550347222222221 0.047812499999999855 0.11082175925925916
27 0.7206770833333334 0.49027777777777787 0.03505208333333343 0.0943287037037038
20 0.6001041666666667 0.5590856481481481 0.04156250000000004 0.09869791666666679
21 0.6659895833333334 0.5212094907407407 0.038385416666666575 0.09768518518518512
10 0.5428124999999999 0.5975983796296296 0.04098958333333336 0.1017650462962962
7 0.7730208333333334 0.45917245370370374 0.03348958333333343 0.09421296296296297
25 0.47833333333333333 0.6332465277777778 0.043593749999999966 0.10584490740740744
12 0.7967187499999999 0.4414930555555555 0.032343750000000074 0.08868634259259274
15 0.575 0.5789930555555556 0.03708333333333336 0.10147569444444446
36 0.6346875 0.5414351851851852 0.035364583333333324 0.08735532407407405
36 0.9803515624999999 0.13020833333333334 0.03929687500000014 0.09010416666666665