21 0.6090162037037037 0.4637731481481481 0.0328125 0.10645254629629619
16 0.5849479166666667 0.491724537037037 0.03515625 0.1065393518518519
11 0.9797251157407407 0.09476273148148148 0.04054976851851855 0.08961226851851851
23 0.46634259259259264 0.6081597222222221 0.04656249999999993 0.12800925925925916
20 0.4955555555555556 0.5749421296296297 0.04283564814814813 0.11773726851851851
28 0.7677835648148148 0.3410300925925926 0.03023726851851851 0.10245949074074075
27 0.6641898148148148 0.4213831018518518 0.033454861111111 0.10413773148148149
28 0.7400347222222222 0.3594907407407407 0.029224537037037025 0.09852430555555554
39 0.5586747685185185 0.5219328703703704 0.03575231481481485 0.10344328703703702
39 0.5283564814814815 0.5496527777777778 0.03556712962962969 0.10031828703703702
17 0.7168807870370371 0.3765625 0.03198495370370367 0.10564236111111107
31 0.7864756944444444 0.31443865740740745 0.02633101851851851 0.10231481481481489
27 0.6359375 0.4445023148148149 0.034236111111111175 0.10416666666666678
12 0.6878472222222223 0.39965277777777775 0.0314293981481482 0.09626736111111107