27 0.76640625 0.43125 0.04296875 0.11484375
29 0.5375 0.5265625 0.04453125 0.11796875
22 0.65234375 0.48046875 0.04375 0.1109375
34 0.7265625 0.4453125 0.0453125 0.11640625
12 0.57421875 0.50546875 0.04453125 0.09921875
26 0.49765625 0.54765625 0.04296875 0.11875
33 0.8 0.4171875 0.03984375 0.11328125
22 0.615625 0.496875 0.04375 0.1125
28 0.690625 0.459375 0.04375 0.115625
23 0.45234375 0.565625 0.046875 0.12265625
17 0.86328125 0.8875 0.075 0.146875
39 0.84140625 0.40703125 0.0328125 0.09921875
23 0.821875 0.3125 0.05625 0.09375
39 0.8703125 0.3859375 0.03125 0.1078125