28 0.25 0.7765625 0.04765625 0.178125
28 0.296875 0.728125 0.0484375 0.17578125
5 0.57890625 0.4296875 0.03515625 0.15546875
7 0.15546875 0.86953125 0.04921875 0.18671875
36 0.97734375 0.0578125 0.03671875 0.08671875
33 0.6703125 0.30546875 0.0359375 0.1515625
15 0.61328125 0.390625 0.03359375 0.159375
21 0.4296875 0.5859375 0.03984375 0.1640625
17 0.20546875 0.8203125 0.0515625 0.19140625
27 0.46484375 0.54296875 0.0375 0.15
30 0.50625 0.50703125 0.0390625 0.1515625
11 0.34453125 0.67265625 0.040625 0.171875
30 0.54375 0.465625 0.0375 0.15390625
11 0.38671875 0.628125 0.040625 0.1671875