21 0.8105555555555555 0.38464699074074077 0.04888888888888872 0.11692129629629626
35 0.37234375000000003 0.546111111111111 0.055347222222222214 0.1217939814814816
0 0.4215798611111111 0.5295775462962963 0.05715277777777779 0.12730902777777775
20 0.5137673611111111 0.4971064814814815 0.05644097222222229 0.12884837962962958
23 0.6005902777777777 0.4621296296296296 0.052569444444444356 0.12951388888888893
29 0.6466319444444444 0.4470659722222222 0.05239583333333329 0.12560763888888893
39 0.7676041666666666 0.40058449074074076 0.047934027777777645 0.1129918981481481
20 0.5568923611111111 0.4772627314814814 0.05399305555555554 0.12643518518518526
27 0.8503819444444446 0.3686168981481482 0.047222222222222145 0.11453125000000001
32 0.6888020833333334 0.43110532407407404 0.05097222222222229 0.1286863425925926
35 0.3200520833333333 0.5609895833333333 0.05711805555555553 0.12652777777777793
22 0.3716319444444444 0.1220949074074074 0.04840277777777775 0.10598379629629631
5 0.4685416666666667 0.5114120370370371 0.04788194444444436 0.12937499999999993