16 0.5061747685185185 0.4093923611111111 0.0454224537037037 0.12229166666666665
27 0.43159722222222224 0.3556944444444444 0.03916087962962962 0.12045138888888882
15 0.6282118055555556 0.48753472222222227 0.04627314814814802 0.13170138888888888
16 0.5474189814814815 0.4294270833333334 0.044618055555555536 0.11913194444444457
12 0.8037557870370371 0.6171875 0.050914351851852044 0.12565972222222221
30 0.39588541666666666 0.3268229166666667 0.035214120370370416 0.11480902777777775
17 0.7571527777777778 0.5825520833333333 0.05652777777777782 0.14543402777777778
11 0.583912037037037 0.4582638888888889 0.0485879629629629 0.12789930555555545
36 0.3624537037037037 0.3064409722222222 0.033611111111111126 0.10927083333333334
5 0.669369212962963 0.5192881944444444 0.0446817129629629 0.1277256944444444
5 0.7089814814814815 0.5487673611111111 0.04315393518518533 0.13234375000000007
36 0.32589699074074074 0.28619791666666666 0.03126736111111113 0.10916666666666668
41 0.2700810185185185 0.2301041666666667 0.030416666666666713 0.09975694444444443
24 0.46344328703703697 0.37927083333333333 0.040717592592592666 0.11973958333333332
36 0.02300925925925926 0.056770833333333326 0.03580439814814815 0.0890625
29 0.7721759259259259 0.2413715277777778 0.06832754629629623 0.05145833333333334
29 0.8491319444444445 0.29027777777777775 0.07299189814814824 0.048541666666666664
34 0.7631828703703704 0.19022569444444443 0.071394675925926 0.04378472222222225
2 0.8102893518518519 0.26232638888888893 0.06438657407407397 0.04659722222222218
31 0.6680381944444445 0.06637152777777779 0.054947916666666784 0.03758680555555556