11 0.81796875 0.415625 0.03828125 0.115625
6 0.78125 0.4296875 0.03984375 0.115625
17 0.390625 0.61484375 0.046875 0.12890625
34 0.52265625 0.55546875 0.05078125 0.12421875
22 0.43515625 0.59609375 0.0484375 0.1234375
16 0.85078125 0.390625 0.03515625 0.11796875
34 0.5609375 0.5375 0.046875 0.1234375
29 0.7125 0.46171875 0.040625 0.12265625
32 0.7484375 0.44609375 0.04140625 0.1203125
34 0.478125 0.571875 0.0546875 0.13125
23 0.6 0.51875 0.0453125 0.12421875
23 0.63671875 0.49765625 0.04140625 0.125
26 0.67421875 0.47890625 0.03984375 0.11875
35 0.86640625 0.88671875 0.06171875 0.14140625