34 0.34140625 0.6 0.046875 0.13984375
33 0.75390625 0.271875 0.03046875 0.1203125
25 0.50625 0.471875 0.0390625 0.12734375
1 0.246875 0.671875 0.0734375 0.14140625
33 0.43828125 0.53828125 0.03984375 0.12734375
38 0.72109375 0.30234375 0.03203125 0.11484375
30 0.5796875 0.41171875 0.03828125 0.11640625
30 0.546875 0.44296875 0.04296875 0.1203125
41 0.61484375 0.38984375 0.034375 0.11015625
16 0.29609375 0.63203125 0.05390625 0.13125
27 0.3921875 0.58125 0.0421875 0.12421875
1 0.68125 0.125 0.06015625 0.05
41 0.65 0.34921875 0.02734375 0.09453125
5 0.475 0.503125 0.0328125 0.12109375