20 0.6081597222222223 0.47868055555555555 0.03641782407407401 0.09730324074074073
23 0.6392303240740741 0.4565625000000001 0.039589120370370524 0.09905092592592588
11 0.4798090277777778 0.5728530092592592 0.04046296296296301 0.10222222222222221
28 0.7353587962962963 0.39705439814814814 0.03186921296296301 0.10171296296296299
10 0.5451215277777777 0.526869212962963 0.037361111111111 0.10281828703703706
23 0.6718402777777778 0.43513310185185183 0.03890046296296283 0.10212962962962954
6 0.9741377314814816 0.0210228587962963 0.037725694444444714 0.0420457175925926
25 0.7029108796296296 0.4130150462962964 0.03251157407407401 0.09707175925925923
15 0.580949074074074 0.5021296296296296 0.038969907407407335 0.10447337962962955
16 0.5124884259259259 0.5490798611111111 0.03632523148148152 0.09417824074074073
6 0.43554976851851845 0.5926331018518518 0.04919560185185183 0.10741898148148152
11 0.4797858796296296 0.5736342592592593 0.04046296296296301 0.10222222222222221
6 0.43554976851851845 0.5926331018518518 0.04919560185185183 0.10741898148148152