32 0.63515625 0.93203125 0.05625 0.10390625
34 0.759375 0.9453125 0.075 0.075
7 0.90078125 0.93359375 0.059375 0.1046875
35 0.496875 0.8375 0.046875 0.07734375
32 0.69140625 0.93125 0.05390625 0.1046875
38 0.44140625 0.83828125 0.0453125 0.0765625
17 0.9546875 0.93203125 0.07265625 0.10859375
30 0.28359375 0.8359375 0.04921875 0.078125
38 0.33828125 0.83828125 0.04765625 0.07734375
30 0.22734375 0.83828125 0.05078125 0.08046875
38 0.38671875 0.8421875 0.04609375 0.07578125
30 0.175 0.83984375 0.053125 0.08125
12 0.83828125 0.9453125 0.06796875 0.078125
2 0.5484375 0.590625 0.04609375 0.06640625
1 0.42421875 0.38515625 0.03203125 0.04375
37 0.56796875 0.38984375 0.03125 0.040625
36 0.38359375 0.378125 0.0328125 0.04296875
21 0.46015625 0.3875 0.03125 0.04375
15 0.4953125 0.38515625 0.0359375 0.04609375
0 0.53125 0.38828125 0.03359375 0.05