24 0.48515625 0.5265625 0.03359375 0.15234375
28 0.21953125 0.7953125 0.04921875 0.17890625
11 0.3109375 0.6953125 0.04140625 0.16953125
21 0.39609375 0.6015625 0.04140625 0.1640625
5 0.596875 0.41171875 0.03125 0.1515625
21 0.44609375 0.56484375 0.040625 0.165625
10 0.63046875 0.3765625 0.0328125 0.15625
28 0.2671875 0.74609375 0.04765625 0.1765625
30 0.56015625 0.44765625 0.03828125 0.1515625
11 0.35546875 0.646875 0.04296875 0.16796875
15 0.6609375 0.33515625 0.02890625 0.1546875
23 0.69375 0.30234375 0.02890625 0.1546875
36 0.97890625 0.0546875 0.03984375 0.08671875
27 0.5234375 0.48359375 0.0375 0.153125
11 0.77265625 0.2328125 0.0296875 0.15078125