10 0.49378472222222225 0.5524131944444445 0.04119791666666668 0.10042245370370359
11 0.4261979166666666 0.5957002314814815 0.04135995370370367 0.1058912037037036
39 0.5971296296296297 0.48699074074074067 0.03862268518518519 0.09248842592592581
28 0.6902719907407407 0.4236574074074074 0.04170138888888886 0.09108796296296298
32 0.7785416666666667 0.36681712962962965 0.03798032407407419 0.0971354166666667
34 0.7173900462962963 0.40353009259259254 0.04416087962962969 0.09511574074074076
39 0.6313020833333333 0.4657175925925926 0.03933449074074069 0.09018518518518519
15 0.8095428240740741 0.3472685185185185 0.03407407407407419 0.09693287037037042
23 0.5608217592592594 0.5013541666666667 0.04207175925925917 0.10358796296296298
6 0.9741377314814814 0.025167824074074075 0.038576388888888855 0.05033564814814815
25 0.6592476851851853 0.44398726851851855 0.04264467592592602 0.09659722222222218
23 0.5295659722222222 0.5294965277777778 0.04207175925925917 0.10358796296296298
35 0.7507349537037037 0.3838599537037037 0.035358796296296194 0.0876388888888889
6 0.38490162037037035 0.6204629629629629 0.0515625 0.10798032407407412
0 0.4621180555555555 0.5680960648148148 0.03338541666666668 0.10001736111111122