16 0.5328125 0.39296875 0.0421875 0.115625
29 0.4515625 0.45234375 0.0453125 0.1234375
29 0.41484375 0.48359375 0.04453125 0.12734375
27 0.6046875 0.34453125 0.0390625 0.11328125
24 0.5671875 0.36953125 0.0375 0.1125
15 0.3734375 0.5125 0.04375 0.1265625
30 0.63828125 0.31875 0.03515625 0.11015625
17 0.24609375 0.61171875 0.05 0.13984375
12 0.1953125 0.64765625 0.05390625 0.1234375
5 0.2890625 0.57578125 0.0390625 0.128125
11 0.49375 0.42578125 0.03984375 0.12109375
5 0.3328125 0.54453125 0.040625 0.12734375
36 0.765625 0.221875 0.03046875 0.10390625
36 0.67421875 0.2984375 0.03203125 0.109375
36 0.9765625 0.05859375 0.034375 0.0875