25 0.40314814814814814 0.7390625 0.05151041666666671 0.1828125
25 0.35766203703703703 0.7859375 0.05399305555555554 0.1875
22 0.3123148148148148 0.8375 0.0564293981481482 0.190625
29 0.7199768518518519 0.3578125 0.037673611111111074 0.1640625
33 0.627170138888889 0.46875 0.03291666666666657 0.16171875
20 0.6552430555555555 0.440625 0.03730324074074076 0.1515625
6 0.4799421296296297 0.64140625 0.04700231481481474 0.1625
10 0.7842071759259259 0.284375 0.041556712962962906 0.16328125
6 0.5248090277777778 0.6 0.0439699074074074 0.165625
30 0.5925520833333333 0.51328125 0.04281828703703709 0.153125
1 0.44300347222222225 0.68671875 0.04782986111111107 0.1640625
23 0.6860474537037037 0.39921875 0.03994791666666675 0.16171875
11 0.558599537037037 0.55390625 0.041464120370370415 0.16015625