7 0.5125 0.4815798611111111 0.03125 0.11241319444444446
22 0.48046875 0.5080729166666667 0.0375 0.12192708333333328
15 0.6390625 0.3818923611111111 0.0328125 0.10932291666666671
6 0.696875 0.3345138888888889 0.0296875 0.09831597222222221
38 0.546875 0.4573784722222222 0.0296875 0.10847222222222222
21 0.6671875 0.3586111111111111 0.0296875 0.10222222222222221
6 0.7234375 0.3128298611111111 0.028125 0.09749999999999996
25 0.7984375 0.2502256944444444 0.025 0.10446180555555555
37 0.60703125 0.4060416666666667 0.02890625 0.088142361111111
37 0.5734375 0.42788194444444444 0.03046875 0.08192708333333343
1 0.746875 0.2919965277777778 0.02421875 0.09585069444444443
36 0.975 0.03799045138888889 0.034375 0.07598090277777778
39 0.771875 0.26722222222222225 0.02109375 0.07781249999999992
40 0.403125 0.5597916666666667 0.0390625 0.10086805555555553