31 0.36917824074074074 0.4959375 0.04068865740740737 0.11583333333333332
16 0.2970775462962963 0.46227430555555554 0.04300347222222225 0.11203125000000007
28 0.41071180555555553 0.5149652777777778 0.045318287037036956 0.10822916666666664
6 0.33546296296296296 0.47803819444444445 0.04220486111111103 0.10965277777777782
16 0.2625868055555555 0.4451215277777778 0.04065393518518512 0.11114583333333332
25 0.4475462962962963 0.5322222222222222 0.045329861111111036 0.10979166666666665
17 0.48366898148148146 0.5588194444444444 0.04539930555555553 0.11916666666666664
12 0.5259722222222222 0.5763194444444444 0.04929398148148145 0.11777777777777772
27 0.2265335648148148 0.42789930555555555 0.03829861111111103 0.10947916666666675
35 0.14017939814814814 0.8949999999999999 0.06194444444444445 0.13864583333333336
12 0.5667245370370371 0.5953125 0.0492881944444445 0.11699652777777772
30 0.19518518518518518 0.4132291666666667 0.03828703703703704 0.10791666666666658
29 0.12385995370370369 0.3788194444444445 0.034398148148148164 0.1100868055555555
34 0.7068113425925926 0.3180381944444445 0.0635706018518519 0.041875000000000016
23 0.15991319444444446 0.3960416666666666 0.03598958333333333 0.1140625
11 0.16313657407407406 0.3040277777777778 0.0497800925925926 0.07796874999999996