2 0.13359375 0.70390625 0.084375 0.10625
30 0.44609375 0.1375 0.065625 0.06640625
17 0.2828125 0.81875 0.06328125 0.14296875
28 0.46953125 0.8203125 0.05859375 0.14140625
12 0.2140625 0.82421875 0.06328125 0.14140625
30 0.50703125 0.15703125 0.046875 0.09296875
11 0.5984375 0.815625 0.05546875 0.134375
22 0.3421875 0.8203125 0.06171875 0.14296875
30 0.3828125 0.1515625 0.046875 0.09375
2 0.08515625 0.83828125 0.06875 0.140625
30 0.7296875 0.8171875 0.0578125 0.134375
25 0.40625 0.81953125 0.05859375 0.14375
27 0.66171875 0.81640625 0.0546875 0.134375
39 0.6328125 0.15546875 0.04609375 0.08984375
39 0.68984375 0.1515625 0.0453125 0.090625
7 0.15 0.83125 0.06484375 0.146875
35 0.25625 0.15 0.04375 0.090625
35 0.32109375 0.13125 0.0609375 0.065625
6 0.53671875 0.82265625 0.05625 0.13515625
33 0.79140625 0.81875 0.0578125 0.1359375
35 0.20078125 0.14296875 0.0453125 0.090625
39 0.56875 0.146875 0.06015625 0.0703125
33 0.8359375 0.60703125 0.06171875 0.1234375