29 0.31765625000000003 0.33005208333333336 0.044479166666666715 0.1203819444444445
24 0.5792013888888888 0.5232291666666666 0.052453703703703704 0.12368055555555557
15 0.4970833333333333 0.46652777777777776 0.05179398148148149 0.12600694444444435
16 0.28161458333333333 0.30276041666666664 0.039010416666666714 0.12026041666666672
23 0.38513310185185184 0.38317708333333333 0.04706597222222229 0.1251215277777778
15 0.4644907407407407 0.43291666666666667 0.047847222222222284 0.12513888888888883
24 0.5371527777777778 0.4913888888888889 0.0508506944444445 0.12286458333333332
11 0.020439814814814817 0.057291666666666664 0.0405150462962963 0.0890798611111111
23 0.3545601851851852 0.3557638888888889 0.044519675925925914 0.1211631944444445
20 0.4259027777777778 0.4095833333333333 0.05093171296296291 0.12442708333333333
11 0.6200520833333333 0.5480729166666667 0.055040509259259275 0.12842013888888887
6 0.6620196759259259 0.5814756944444445 0.061533564814814846 0.13324652777777785
37 0.7431423611111111 0.20588541666666668 0.04741898148148138 0.041631944444444444
34 0.9012731481481481 0.3467361111111111 0.07491319444444429 0.06019097222222225
6 0.5457060185185185 0.2812847222222222 0.07343171296296305 0.06171875