34 0.72578125 0.4453125 0.04609375 0.115625
27 0.76640625 0.43203125 0.04296875 0.11484375
26 0.496875 0.5484375 0.0421875 0.11640625
22 0.653125 0.48046875 0.0421875 0.10859375
29 0.53671875 0.52578125 0.04375 0.1140625
22 0.61484375 0.496875 0.0421875 0.1109375
12 0.57421875 0.50625 0.04375 0.09765625
28 0.69140625 0.46015625 0.04296875 0.11171875
33 0.8015625 0.41875 0.040625 0.11015625
23 0.4125 0.58515625 0.046875 0.1265625
17 0.8625 0.88984375 0.0625 0.14609375
23 0.4546875 0.56640625 0.04453125 0.12109375
39 0.84296875 0.40859375 0.0328125 0.09765625
39 0.87109375 0.38984375 0.0296875 0.10234375