22 0.40703125 0.6078125 0.0375 0.125
12 0.50625 0.521875 0.0296875 0.10625
22 0.44140625 0.5765625 0.03359375 0.1203125
10 0.5703125 0.4625 0.03359375 0.11015625
35 0.6890625 0.37265625 0.02421875 0.09765625
17 0.47265625 0.5484375 0.0328125 0.11796875
37 0.62890625 0.41484375 0.025 0.09140625
27 0.7390625 0.3234375 0.025 0.1
38 0.53984375 0.49375 0.028125 0.10703125
1 0.7671875 0.3015625 0.0234375 0.09921875
37 0.6015625 0.44140625 0.0265625 0.09609375
39 0.65859375 0.38984375 0.02578125 0.096875
36 0.9796875 0.05390625 0.03984375 0.08515625
34 0.2546875 0.24765625 0.06796875 0.04296875
41 0.7109375 0.34453125 0.02421875 0.0859375