16 0.5034259259259259 0.4283969907407408 0.04809606481481481 0.12064236111111111
27 0.5767361111111111 0.3708101851851852 0.04179976851851848 0.11903356481481478
15 0.3832465277777778 0.5128993055555556 0.04915509259259263 0.13002314814814825
16 0.46266782407407414 0.45057870370370373 0.047222222222222145 0.11751157407407398
12 0.21075810185185184 0.651707175925926 0.05365740740740739 0.1238078703703703
30 0.6117708333333333 0.3400752314814815 0.03773148148148131 0.11353587962962966
17 0.2565451388888889 0.6146412037037037 0.059704861111111104 0.1433796296296297
11 0.4268518518518519 0.4813194444444444 0.05138310185185198 0.12613425925925928
36 0.6447164351851852 0.31795138888888885 0.0360069444444445 0.10805555555555557
5 0.34283564814814815 0.5467997685185185 0.0474768518518518 0.126105324074074
5 0.3039178240740741 0.5783449074074074 0.0460532407407408 0.13078125000000007
36 0.680787037037037 0.29580439814814813 0.0336631944444445 0.10803819444444444
41 0.735300925925926 0.2367939814814815 0.03260416666666668 0.0986574074074074
24 0.5454456018518519 0.3960474537037037 0.04333912037037031 0.11826388888888895
36 0.9782754629629629 0.050578703703703695 0.03774884259259252 0.08776041666666665
29 0.2339525462962963 0.2741087962962963 0.06940393518518517 0.04894097222222218
29 0.15815972222222224 0.327025462962963 0.0739988425925926 0.04585069444444443
34 0.24179976851851853 0.2224768518518519 0.07229745370370369 0.041151620370370345
2 0.1963425925925926 0.29704861111111114 0.0653587962962963 0.04422453703703706
31 0.3340972222222222 0.0936400462962963 0.0557291666666667 0.0355613425925926