21 0.5282407407407408 0.5568402777777778 0.04539930555555553 0.10995949074074077
1 0.3902199074074074 0.4724884259259259 0.0411168981481481 0.09960069444444457
16 0.4932581018518518 0.5386516203703704 0.04765625 0.10773726851851854
1 0.42378472222222224 0.49450231481481477 0.0426793981481481 0.09968171296296298
39 0.3201967592592593 0.4345486111111111 0.036371527777777767 0.097795138888889
39 0.35439814814814813 0.4526967592592593 0.03793402777777777 0.0978761574074074
11 0.45896990740740745 0.5181597222222223 0.04212962962962976 0.1058912037037036
10 0.2883101851851852 0.41574074074074074 0.039728009259259345 0.10420717592592599
31 0.9959418402777779 0.5605787037037038 0.008116319444444287 0.10832754629629626
28 0.9827473958333333 0.585925925925926 0.03450520833333357 0.110295138888889
2 0.17314814814814813 0.33803240740740736 0.03298611111111107 0.09060185185185184
24 0.5697048611111111 0.5816030092592592 0.0510706018518519 0.11571180555555553
12 0.19878472222222224 0.3565162037037037 0.031915509259259255 0.10380208333333334
28 0.9566550925925925 0.6079050925925926 0.03501157407407405 0.10318287037037041
0 0.22922453703703702 0.3783680555555556 0.034085648148148094 0.09923611111111104
5 0.2572337962962963 0.3977546296296296 0.034924768518518515 0.10083912037037042
2 0.8953993055555556 0.9321686921296297 0.062008101851851904 0.13566261574074048