21 0.6147048611111111 0.4618055555555555 0.06301504629629626 0.04832175925925917
7 0.35078703703703706 0.5786747685185185 0.056238425925925914 0.05639467592592595
7 0.38825810185185183 0.5541666666666666 0.05387152777777775 0.05543981481481488
7 0.42835069444444446 0.5392071759259259 0.052905092592592594 0.049131944444444464
25 0.4620775462962963 0.5198784722222223 0.056788194444444426 0.04864004629629637
28 0.50359375 0.5003472222222222 0.06005208333333343 0.05355902777777786
16 0.5367013888888889 0.4864293981481481 0.049276620370370415 0.05821759259259274
16 0.5784953703703704 0.4762731481481481 0.04757523148148159 0.05341435185185191
24 0.6509375000000001 0.448119212962963 0.0478761574074074 0.0635706018518519
27 0.6920891203703704 0.44259259259259254 0.04759837962962958 0.054195601851851904
10 0.7291493055555556 0.4305266203703704 0.04617476851851841 0.05876736111111107
15 0.7760243055555556 0.4339988425925926 0.056331018518518405 0.059519675925925955
20 0.8113599537037037 0.4163483796296297 0.06189236111111107 0.06304976851851851