11 0.9791666666666667 0.08752893518518519 0.03986111111111086 0.08934606481481482
25 0.3155555555555556 0.815318287037037 0.05350694444444439 0.1857175925925926
25 0.3564409722222222 0.7697164351851852 0.052864583333333395 0.18881944444444443
20 0.6989756944444444 0.40145833333333336 0.04206597222222221 0.1565104166666666
23 0.7326041666666667 0.368125 0.04081597222222229 0.16349537037037037
1 0.3978645833333333 0.7186689814814815 0.05050347222222218 0.17080439814814827
22 0.26947916666666666 0.8670081018518518 0.05670138888888889 0.18737268518518527
6 0.43963541666666667 0.6754340277777777 0.04720486111111111 0.1668055555555556
6 0.47977430555555556 0.6305902777777778 0.05008680555555554 0.1614293981481481
21 0.6001388888888889 0.5124421296296295 0.03993055555555554 0.1611284722222223
11 0.52015625 0.5912152777777777 0.05050347222222236 0.1708043981481481
10 0.6390972222222222 0.4761458333333334 0.04444444444444447 0.15736111111111112
11 0.56859375 0.5575405092592594 0.050434027777777855 0.1692418981481481
29 0.10626736111111112 0.26686342592592593 0.09156250000000003 0.05888888888888886
27 0.7653819444444444 0.3332060185185185 0.033472222222222216 0.15625578703703705
10 0.6744270833333333 0.4459837962962963 0.03864583333333336 0.16733217592592595