10 0.7030208333333333 0.6799421296296296 0.054479166666666676 0.1388425925925926
16 0.61984375 0.6007638888888889 0.05848958333333343 0.12882523148148142
21 0.2552083333333333 0.3050231481481481 0.04104166666666664 0.1244097222222222
30 0.5059375 0.501105324074074 0.05192708333333336 0.12395254629629626
6 0.0201171875 0.05616319444444444 0.040234375 0.08854166666666666
30 0.54359375 0.5350983796296296 0.06125000000000007 0.1234490740740739
33 0.4276041666666667 0.44320601851851854 0.04354166666666668 0.12682291666666662
33 0.4638541666666667 0.4748090277777777 0.05067708333333343 0.12859374999999992
27 0.5764583333333333 0.5705150462962962 0.05276041666666664 0.12475694444444443
15 0.6600520833333333 0.643443287037037 0.05682291666666668 0.13891203703703708
5 0.7472916666666667 0.7086516203703704 0.04562500000000007 0.1346817129629631
1 0.3117708333333334 0.13761574074074073 0.05776041666666672 0.04771412037037037
1 0.9040624999999999 0.4001793981481482 0.062291666666666856 0.057204861111111074
31 0.3603645833333333 0.38328703703703704 0.04093750000000007 0.12284722222222219
41 0.32375 0.35715277777777776 0.03859375000000007 0.09938657407407411
41 0.2903645833333333 0.3295486111111111 0.035104166666666714 0.09382523148148145