6 0.9720312499999999 0.12130208333333332 0.04088541666666643 0.08828125
30 0.44020833333333337 0.6947916666666666 0.05859375 0.16723958333333327
7 0.6493229166666666 0.50078125 0.04296875 0.16619791666666667
22 0.7268749999999999 0.43218750000000006 0.04588541666666668 0.16328125
5 0.52734375 0.6119270833333333 0.05104166666666661 0.17062500000000008
26 0.6145833333333334 0.5392708333333334 0.04916666666666671 0.16583333333333333
0 0.4831250000000001 0.6513541666666667 0.048697916666666785 0.17046875000000003
11 0.25177083333333333 0.849375 0.05203124999999993 0.13880208333333321
21 0.29911458333333335 0.8219270833333333 0.050416666666666644 0.17291666666666677
21 0.3471875 0.7717708333333333 0.05182291666666661 0.17067708333333337
24 0.39307291666666666 0.7308854166666666 0.049270833333333285 0.1673958333333335
17 0.6871354166666667 0.46328125 0.04734374999999993 0.16182291666666657
23 0.5709895833333334 0.5693229166666667 0.05192708333333336 0.17223958333333336
32 0.7616145833333333 0.39369791666666665 0.041770833333333354 0.1715625