35 0.5255266203703703 0.8203182870370369 0.049809027777777716 0.07406828703703709
34 0.7873842592592594 0.9228125 0.07800347222222222 0.07724537037037038
32 0.6635532407407407 0.9131886574074073 0.0585243055555555 0.10476851851851876
7 0.928443287037037 0.9069039351851853 0.062453703703703664 0.10566550925925924
32 0.7189988425925926 0.9107638888888889 0.05859375 0.10711226851851877
17 0.9719878472222222 0.903744212962963 0.05602430555555564 0.11076967592592588
38 0.471712962962963 0.8250405092592592 0.04836226851851855 0.07792824074074076
38 0.4153472222222222 0.8228009259259259 0.04898148148148138 0.07248263888888892
30 0.5971469907407407 0.9151562500000001 0.053744212962962834 0.10150462962962976
38 0.3622453703703704 0.82515625 0.04921296296296296 0.08029513888888892
30 0.40541666666666665 0.9098900462962962 0.05367476851851851 0.09916087962962976
30 0.5445949074074073 0.9096759259259258 0.0513541666666665 0.09987268518518491
12 0.8670717592592592 0.920451388888889 0.07108796296296305 0.08094328703703724
1 0.43560763888888887 0.3718055555555556 0.033350694444444426 0.04548032407407412
2 0.5666956018518519 0.5735706018518518 0.047256944444444574 0.06696759259259259
30 0.47548032407407403 0.9257986111111112 0.07166087962962955 0.07393518518518505
21 0.47163773148148147 0.37386574074074075 0.033350694444444426 0.04548032407407412
37 0.5803009259259259 0.37299189814814815 0.032453703703703596 0.04155092592592595
36 0.39555555555555555 0.3659548611111111 0.034085648148148094 0.043940972222222194
15 0.5059664351851852 0.3712847222222222 0.032638888888888926 0.047800925925925955
0 0.5419965277777778 0.37334490740740744 0.033373842592592594 0.04626157407407412