33 0.53203125 0.44296875 0.0421875 0.1265625
15 0.28046875 0.63515625 0.053125 0.13671875
33 0.56640625 0.41640625 0.0375 0.121875
10 0.23671875 0.671875 0.05234375 0.13359375
6 0.97578125 0.05625 0.03515625 0.08671875
29 0.7078125 0.30546875 0.034375 0.13046875
27 0.40859375 0.53515625 0.05390625 0.12265625
16 0.32421875 0.59921875 0.05703125 0.128125
21 0.371875 0.56015625 0.046875 0.128125
30 0.48671875 0.47109375 0.0484375 0.1171875
30 0.4453125 0.50234375 0.053125 0.1203125
34 0.11484375 0.2921875 0.075 0.04921875
5 0.18125 0.71015625 0.06171875 0.1453125
41 0.6734375 0.3375 0.03203125 0.11484375
0 0.2421875 0.10546875 0.05625 0.03828125
12 0.15625 0.321875 0.07265625 0.040625
31 0.603125 0.38515625 0.03046875 0.125
41 0.6390625 0.3609375 0.03359375 0.1125