10 0.2710300925925926 0.6626215277777778 0.048559027777777784 0.1369270833333333
33 0.553425925925926 0.44404513888888886 0.04122685185185197 0.12661458333333328
30 0.5127835648148148 0.46890625 0.03791666666666664 0.12029513888888879
16 0.39660300925925923 0.5529861111111111 0.04660300925925931 0.12361111111111107
33 0.5955381944444444 0.41609374999999993 0.04182291666666664 0.1203819444444445
30 0.47703703703703704 0.5009027777777778 0.03214699074074083 0.11001736111111118
6 0.9782291666666666 0.07795138888888889 0.03777199074074104 0.0890625
27 0.437199074074074 0.5265625 0.037065972222222146 0.11793402777777776
25 0.6291493055555556 0.3910763888888889 0.04809606481481481 0.12130208333333332
15 0.3161053240740741 0.6292708333333333 0.054189814814814774 0.1425173611111111
41 0.7019791666666666 0.34585069444444444 0.038142361111111 0.1015625
5 0.2252662037037037 0.6990798611111112 0.03996527777777779 0.13673611111111122
41 0.6651041666666666 0.36611111111111116 0.03265046296296283 0.10065972222222222
32 0.27541666666666664 0.12557291666666667 0.06074074074074076 0.04741319444444443
1 0.6843576388888889 0.1463715277777778 0.062280092592592595 0.046666666666666676
31 0.7368518518518519 0.31071180555555555 0.03223958333333332 0.11314236111111109