15 0.2642245370370371 0.6849710648148148 0.06334490740740736 0.14690393518518513
2 0.5101388888888889 0.4803703703703704 0.052899305555555644 0.11552662037037038
12 0.5497395833333334 0.4492881944444444 0.05211805555555564 0.1155150462962963
24 0.43107638888888894 0.5448784722222222 0.05878472222222229 0.12263888888888878
25 0.6221875 0.3919155092592592 0.05497106481481477 0.12414351851851854
28 0.6558622685185185 0.3663946759259259 0.05386574074074062 0.11866319444444447
10 0.9792071759259258 0.044076967592592595 0.04121527777777771 0.08815393518518519
31 0.6908217592592593 0.3361631944444444 0.04591435185185198 0.11620370370370373
22 0.5873206018518518 0.42370949074074077 0.05019097222222228 0.12251157407407405
1 0.3080497685185185 0.6460069444444445 0.0661863425925926 0.12899305555555554
31 0.7258275462962963 0.30671296296296297 0.04903935185185197 0.11624999999999996
39 0.7509548611111111 0.28210069444444447 0.04214120370370367 0.10521990740740739
24 0.469849537037037 0.5130266203703704 0.04486111111111111 0.12477430555555565
6 0.3504513888888889 0.6094097222222222 0.05892361111111111 0.12498263888888879
11 0.38968171296296295 0.5720775462962964 0.045092592592592594 0.12868055555555563