22 0.45725694444444437 0.5944675925925926 0.056475694444444356 0.11642361111111121
31 0.54078125 0.5636631944444445 0.04782986111111107 0.1139525462962963
17 0.41322916666666665 0.6063194444444445 0.05102430555555557 0.11712384259259245
11 0.2776736111111111 0.6574537037037038 0.05666666666666664 0.12501736111111122
12 0.3211111111111111 0.6369965277777778 0.05805555555555557 0.11722800925925939
25 0.5005729166666667 0.5794791666666667 0.05343750000000007 0.12028356481481488
17 0.3667708333333334 0.6220428240740741 0.053489583333333354 0.12262731481481488
23 0.7013715277777777 0.5113368055555556 0.04553819444444436 0.11626157407407404
1 0.23282986111111112 0.6708564814814816 0.054288194444444396 0.12342013888888878
26 0.6628298611111111 0.5224884259259259 0.04387152777777779 0.11155092592592589
7 0.7778125 0.4827719907407408 0.05262152777777782 0.11870949074074062
17 0.8458333333333332 0.9034490740740739 0.07284722222222229 0.15024884259259252
15 0.6249131944444445 0.5406828703703704 0.04552083333333332 0.11548032407407405
0 0.5817013888888889 0.5509837962962962 0.05250000000000003 0.1132407407407408