21 0.5270833333333333 0.47512731481481474 0.04615162037037024 0.10734375000000007
32 0.6953125 0.38494212962962965 0.03894675925925917 0.10260416666666661
25 0.5598668981481482 0.45505208333333336 0.0421875 0.10575231481481495
25 0.5949363425925925 0.436556712962963 0.04207175925925917 0.10262731481481495
27 0.4881655092592593 0.49203125 0.044473379629629585 0.10420717592592581
15 0.7537037037037037 0.3486458333333333 0.037384259259259166 0.10259259259259261
27 0.4562210648148148 0.5105497685185185 0.04618055555555554 0.10812500000000007
20 0.780787037037037 0.3347800925925926 0.03336226851851851 0.0994386574074074
17 0.10153356481481482 0.8877141203703705 0.07181712962962963 0.1465856481481481
10 0.720949074074074 0.36793981481481486 0.035677083333333214 0.09867476851851853
32 0.6611111111111111 0.40109953703703705 0.03978587962962976 0.10417245370370373
32 0.6291087962962962 0.42118055555555556 0.04227430555555554 0.10809606481481478
33 0.4179976851851851 0.5298032407407407 0.04699074074074083 0.10891203703703703
33 0.3794560185185185 0.5576504629629631 0.051851851851851906 0.1136342592592591
2 0.017527488425925924 0.5479340277777778 0.03505497685185185 0.09867476851851861