29 0.14952546296296296 0.3714409722222222 0.03755787037037037 0.11545717592592589
28 0.38233796296296296 0.46306712962962965 0.05010416666666675 0.12244791666666668
26 0.1830150462962963 0.38351273148148146 0.03993634259259262 0.1202835648148148
2 0.5505324074074074 0.5280671296296295 0.05248842592592595 0.1280555555555555
17 0.5045659722222222 0.5136111111111111 0.051712962962962905 0.12879050925925917
2 0.5972569444444444 0.545601851851852 0.054056712962962904 0.12892939814814816
20 0.26006944444444446 0.4179918981481482 0.04384259259259267 0.1205150462962962
31 0.338744212962963 0.44456597222222227 0.04229166666666666 0.1219849537037037
25 0.4617476851851851 0.4958449074074075 0.04860532407407412 0.1309490740740742
17 0.1278125 0.8779745370370371 0.06986111111111111 0.1540740740740741
34 0.29978587962962966 0.43281828703703706 0.046215277777777786 0.12456018518518519
23 0.22193287037037038 0.4007291666666667 0.04385416666666666 0.12207754629629619
32 0.11369212962962963 0.3595081018518519 0.03833912037037037 0.11550347222222221
20 0.08185763888888889 0.33484375 0.027372685185185163 0.11094907407407409
12 0.572494212962963 0.3042071759259259 0.0635706018518519 0.04281249999999996