27 0.665625 0.540625 0.05 0.1171875
23 0.62109375 0.515625 0.0515625 0.11953125
22 0.3828125 0.39921875 0.04453125 0.11015625
17 0.34453125 0.38203125 0.040625 0.10703125
23 0.58046875 0.49609375 0.05 0.11953125
30 0.70859375 0.5609375 0.05859375 0.11953125
12 0.31171875 0.36484375 0.0421875 0.11171875
10 0.49765625 0.4578125 0.05078125 0.11328125
5 0.45859375 0.4390625 0.04375 0.11015625
33 0.75546875 0.58203125 0.05859375 0.1234375
15 0.5390625 0.47578125 0.046875 0.1171875
22 0.38046875 0.1125 0.04375 0.10625
28 0.42265625 0.42109375 0.04609375 0.11171875
33 0.640625 0.28671875 0.05859375 0.034375
31 0.68125 0.3015625 0.06484375 0.0375
37 0.671875 0.265625 0.0484375 0.028125