15 0.22109375 0.68828125 0.05703125 0.14609375
10 0.97578125 0.05859375 0.03515625 0.0875
24 0.44453125 0.51796875 0.0484375 0.12421875
25 0.6 0.3984375 0.04609375 0.125
24 0.4890625 0.4859375 0.05234375 0.1234375
11 0.39921875 0.5484375 0.05078125 0.12578125
28 0.6375 0.37265625 0.04296875 0.1203125
1 0.26953125 0.65 0.05703125 0.128125
31 0.67109375 0.34453125 0.0375 0.115625
31 0.7046875 0.31484375 0.0359375 0.11953125
22 0.56328125 0.43046875 0.0421875 0.125
11 0.35859375 0.5796875 0.05546875 0.12890625
12 0.5234375 0.45390625 0.04375 0.11015625
6 0.3140625 0.6078125 0.04375 0.121875