31 0.565625 0.48359375 0.04296875 0.11953125
29 0.8 0.378125 0.04140625 0.11640625
2 0.3953125 0.55859375 0.05 0.1265625
2 0.34765625 0.5765625 0.0546875 0.12421875
34 0.60234375 0.46171875 0.04765625 0.12265625
28 0.4828125 0.51640625 0.05078125 0.12421875
28 0.52265625 0.5 0.0484375 0.1203125
32 0.8359375 0.36171875 0.04140625 0.12109375
25 0.4375 0.540625 0.0515625 0.12734375
20 0.721875 0.41328125 0.04453125 0.12265625
23 0.7609375 0.39296875 0.04375 0.1203125
17 0.8640625 0.88671875 0.08203125 0.15390625
5 0.68671875 0.42890625 0.0390625 0.11796875
26 0.87109375 0.346875 0.03828125 0.11640625
0 0.646875 0.44375 0.04296875 0.11875
12 0.434375 0.31640625 0.06640625 0.0328125