10 0.44675925925925924 0.5757002314814814 0.04515046296296301 0.10352430555555543
11 0.4137152777777778 0.5961805555555555 0.04436921296296301 0.10350115740740744
39 0.6136226851851851 0.47168981481481487 0.037552083333333285 0.09237847222222229
34 0.7392650462962963 0.3954224537037037 0.03607060185185187 0.09389467592592596
6 0.9727430555555555 0.037366898148148156 0.0397743055555555 0.07473379629629631
23 0.5830034722222222 0.49053819444444446 0.04124421296296301 0.10340856481481478
15 0.5183969907407407 0.5330150462962963 0.04272569444444443 0.10189236111111111
28 0.707042824074074 0.41509837962962964 0.03512731481481488 0.09074652777777778
23 0.5482349537037037 0.5141898148148148 0.041903935185185225 0.10108796296296294
15 0.48366898148148146 0.5558854166666667 0.042766203703703806 0.1026736111111111
6 0.3678472222222222 0.62328125 0.057071759259259204 0.10777777777777793
25 0.6789699074074074 0.4299710648148148 0.038535879629629476 0.09630787037037045
35 0.7668402777777777 0.3751041666666667 0.031059027777777713 0.08750578703703712
1 0.02849247685185185 0.48994791666666676 0.0569849537037037 0.04877314814814824
39 0.6476099537037037 0.44806134259259256 0.03410300925925931 0.08603587962962962