28 0.5164930555555556 0.471875 0.06109375000000004 0.13026041666666668
16 0.22041666666666665 0.36854166666666666 0.05048611111111114 0.11942708333333325
23 0.3000694444444444 0.3990625 0.05225694444444447 0.12421875
25 0.5602256944444445 0.48687500000000006 0.06300347222222236 0.13817708333333342
34 0.42842013888888886 0.4380208333333333 0.06105902777777779 0.12947916666666667
34 0.3838020833333333 0.42541666666666667 0.055312499999999966 0.12286458333333332
31 0.4735763888888888 0.4560416666666667 0.05310763888888879 0.1258333333333333
25 0.6061631944444444 0.50484375 0.06307291666666667 0.13973958333333342
17 0.6569618055555555 0.51859375 0.06423611111111108 0.14838541666666671
20 0.34234375 0.41182291666666665 0.05147569444444446 0.12416666666666672
6 0.2610590277777778 0.38296874999999997 0.05123263888888889 0.11869791666666663
24 0.18119791666666668 0.35713541666666665 0.047395833333333304 0.11999999999999993
41 0.14208333333333334 0.34338541666666667 0.04623263888888891 0.11135416666666664
22 0.6154166666666667 0.06880208333333333 0.05411458333333332 0.1134375