6 0.027916666666666666 0.05385416666666667 0.04270833333333333 0.09229166666666666
23 0.41911458333333335 0.49546875 0.05192708333333336 0.17223958333333336
30 0.5475 0.6085416666666668 0.057187499999999857 0.1694791666666667
26 0.37838541666666664 0.46130208333333333 0.043489583333333304 0.16234374999999995
5 0.5033333333333333 0.5698958333333334 0.05213541666666668 0.16369791666666664
32 0.29906249999999995 0.3896875 0.04994791666666672 0.1658854166666667
22 0.22067708333333336 0.3203645833333333 0.04328125000000007 0.17088541666666668
15 0.4604166666666666 0.5382291666666668 0.05296875000000014 0.17619791666666665
30 0.14729166666666668 0.2554166666666667 0.05437500000000002 0.15062499999999995
17 0.26244791666666667 0.34661458333333334 0.0416666666666667 0.17
32 0.34078125 0.41515625 0.04239583333333332 0.1692708333333334
24 0.5931770833333333 0.6463020833333333 0.04562500000000007 0.1710416666666667
21 0.6371874999999999 0.6826041666666667 0.05869791666666657 0.18046875
21 0.6884375 0.7333333333333334 0.0544791666666665 0.18718749999999992
11 0.7403645833333334 0.7706770833333334 0.05354166666666664 0.1614583333333332