17 0.5912442129629629 0.5380208333333334 0.0533449074074074 0.12222222222222215
16 0.6816898148148148 0.5819733796296296 0.05409143518518515 0.11990740740740727
23 0.4291724537037037 0.4554976851851852 0.047806712962962905 0.11733217592592596
2 0.5094386574074073 0.49751157407407404 0.04932291666666657 0.11426504629629619
30 0.776099537037037 0.6299768518518519 0.05803240740740741 0.12239583333333322
11 0.636099537037037 0.5615451388888889 0.05173611111111107 0.11903935185185191
2 0.4685243055555556 0.4764756944444445 0.04615162037037042 0.11102430555555554
30 0.7280960648148148 0.6047743055555556 0.05486111111111107 0.11915509259259256
7 0.5511111111111111 0.5170138888888889 0.049369212962962906 0.1173900462962962
22 0.3821238425925926 0.1258101851851852 0.04454282407407408 0.10784143518518516
15 0.3882465277777778 0.4336805555555555 0.046209490740740745 0.11493055555555554
10 0.3112210648148148 0.39959490740740744 0.04147569444444441 0.11163194444444446
10 0.34815972222222225 0.41579861111111105 0.04381944444444441 0.11171875
5 0.2781423611111111 0.3804108796296296 0.03438657407407408 0.10746527777777777
17 0.7444791666666667 0.3929976851851852 0.05862268518518512 0.05682870370370363