29 0.45054398148148145 0.5256944444444445 0.046215277777777786 0.1252314814814815
29 0.4097453703703703 0.5521412037037037 0.050960648148148026 0.1333912037037038
21 0.6958912037037037 0.3974247685185185 0.04699652777777778 0.12528935185185192
35 0.575925925925926 0.4648726851851852 0.0430381944444445 0.11796875
7 0.7311574074074074 0.37997685185185187 0.04227430555555554 0.12025462962962967
17 0.800179398148148 0.33816550925925926 0.042297453703703525 0.12337962962962959
10 0.36819444444444444 0.5747395833333333 0.05175925925925924 0.13579282407407406
12 0.7664409722222223 0.36018518518518516 0.04383680555555554 0.12037037037037032
10 0.3195949074074074 0.6002025462962963 0.05801504629629628 0.137037037037037
41 0.6159548611111111 0.4369212962962963 0.04138888888888896 0.10613425925925934
32 0.5367766203703704 0.47948495370370364 0.04700810185185169 0.1268518518518519
32 0.4936400462962963 0.5053240740740741 0.046244212962962904 0.1291377314814815
17 0.8566840277777779 0.8266782407407408 0.07141203703703702 0.15364583333333356
41 0.6551331018518518 0.4184027777777778 0.041417824074074086 0.11004050925925934