10 0.7863599537037038 0.6620833333333334 0.061863425925925954 0.13757523148148146
12 0.30213541666666666 0.3050347222222222 0.03791666666666664 0.12004050925925931
33 0.4833912037037037 0.4344386574074074 0.04437499999999996 0.127164351851852
6 0.025885416666666668 0.05589120370370371 0.036944444444444446 0.08722800925925926
15 0.7414988425925926 0.6252314814814814 0.06032407407407412 0.13833333333333328
27 0.6064351851851851 0.5248437499999999 0.05365740740740747 0.12417824074074062
30 0.5303645833333333 0.46344328703703697 0.051128472222222145 0.11789351851851855
16 0.697511574074074 0.5914930555555555 0.05999999999999996 0.1273958333333333
30 0.5703530092592592 0.49411458333333336 0.055885416666666646 0.12030671296296305
33 0.4465972222222222 0.4060648148148148 0.040306712962962975 0.12163773148148138
21 0.6462615740740741 0.5500462962962963 0.049866898148148306 0.12802662037037038
31 0.40766782407407404 0.3847569444444444 0.03791666666666664 0.12004050925925921
12 0.8555613425925926 0.30699652777777775 0.07395254629629662 0.04482638888888886
34 0.8938368055555556 0.2798553240740741 0.07645833333333343 0.05032986111111111
1 0.3201793981481481 0.12265625 0.06729166666666667 0.057222222222222244
41 0.3731712962962963 0.3547858796296296 0.036394675925925934 0.09502893518518522
41 0.33718171296296295 0.32718171296296295 0.031134259259259257 0.10197916666666665
5 0.8373090277777777 0.6933738425925926 0.04467592592592595 0.13732060185185196