11 0.38458333333333333 0.5018750000000001 0.046510416666666644 0.11515625000000007
16 0.3436747685185185 0.48125 0.04876157407407407 0.11374999999999993
25 0.5449537037037038 0.5818229166666666 0.05000578703703695 0.12161458333333322
30 0.2663657407407407 0.45041666666666663 0.04862268518518516 0.11140624999999993
33 0.2279398148148148 0.43229166666666663 0.04343171296296298 0.11572916666666658
29 0.15816550925925926 0.39729166666666665 0.04108796296296298 0.11557291666666672
31 0.4642824074074074 0.5336458333333333 0.044484953703703665 0.1072395833333335
27 0.3076851851851852 0.46484375 0.04793402777777782 0.11291666666666664
6 0.42287037037037034 0.5176562499999999 0.04958912037037031 0.11458333333333322
12 0.5857696759259259 0.6008854166666666 0.05138310185185198 0.11859374999999997
35 0.18627893518518518 0.8979687500000001 0.06816550925925924 0.13916666666666658
28 0.5047337962962963 0.5596875 0.05119791666666664 0.11546874999999997
23 0.19273148148148148 0.41593749999999996 0.041869212962962976 0.115625
12 0.6275520833333333 0.623125 0.05363425925925931 0.1171875
34 0.7224594907407408 0.33375 0.06476851851851854 0.042447916666666696
34 0.7404456018518518 0.37463541666666667 0.07124999999999986 0.04677083333333334
11 0.21171875 0.32927083333333335 0.05688078703703701 0.08005208333333336