27 0.22401041666666668 0.4399016203703704 0.04552083333333332 0.11643518518518511
29 0.45079861111111114 0.5436921296296295 0.04715277777777782 0.11961805555555571
22 0.33697916666666666 0.49334490740740744 0.046215277777777786 0.11255787037037024
34 0.2635416666666667 0.4554398148148149 0.04789930555555557 0.11808449074074083
12 0.41454861111111113 0.521238425925926 0.046736111111111 0.10086805555555553
26 0.49017361111111113 0.5662615740740741 0.04560763888888886 0.12034143518518511
33 0.19072916666666667 0.42459490740740746 0.04236111111111116 0.11475694444444447
22 0.37333333333333335 0.5111111111111111 0.046250000000000034 0.11412037037037023
28 0.2991666666666667 0.4708333333333334 0.04631944444444445 0.11724537037037024
23 0.5350868055555555 0.5859085648148149 0.04960069444444457 0.12439236111111107
17 0.11699652777777776 0.8925636574074074 0.07826388888888891 0.14965277777777786
39 0.14954861111111112 0.41290509259259256 0.03501736111111109 0.10043402777777785
23 0.17118055555555556 0.31909722222222225 0.05833333333333335 0.0958333333333334
39 0.1211111111111111 0.3907407407407407 0.03364583333333333 0.10896990740740745