2 0.8455497685185185 0.6974884259259259 0.08752314814814817 0.10687500000000014
30 0.5498321759259259 0.13339699074074074 0.06759259259259273 0.0668923611111111
17 0.6929282407407407 0.8134375 0.0675173611111111 0.14343749999999994
28 0.5061631944444445 0.8163831018518518 0.06278356481481477 0.14184027777777786
12 0.7615162037037038 0.8183969907407407 0.06747106481481477 0.14187499999999992
30 0.4883159722222222 0.15337962962962962 0.04962962962962969 0.09331597222222224
11 0.3773958333333334 0.812650462962963 0.05945023148148145 0.13478587962962968
22 0.6335069444444444 0.8154398148148149 0.06595486111111111 0.143425925925926
30 0.6126967592592593 0.14699074074074076 0.04965277777777786 0.09409722222222223
2 0.8900057870370371 0.8315046296296297 0.07291666666666644 0.14113425925925932
30 0.24609953703703705 0.8151851851851852 0.06179398148148145 0.1348032407407409
25 0.5694675925925926 0.815133101851852 0.0628530092592591 0.14418402777777786
27 0.31409143518518523 0.8139004629629628 0.058668981481481454 0.13478009259259238
39 0.3625810185185185 0.1527488425925926 0.04875578703703702 0.09018518518518519
39 0.3056655092592592 0.14926504629629628 0.04799768518518519 0.09096064814814815
7 0.8253703703703703 0.8249537037037037 0.06919560185185177 0.1473553240740742
35 0.7393055555555555 0.14449074074074075 0.04643518518518519 0.09094907407407407
35 0.6750173611111111 0.12622106481481482 0.0628819444444444 0.06607638888888889
6 0.43890624999999994 0.819224537037037 0.060254629629629616 0.13557291666666665
33 0.18433449074074076 0.8172048611111112 0.061840277777777786 0.1363657407407409
35 0.7949826388888889 0.1370486111111111 0.04799768518518519 0.09096064814814815
39 0.42689814814814814 0.14368055555555553 0.06223958333333339 0.07075810185185186
33 0.14607638888888888 0.6058159722222222 0.06537615740740739 0.12389467592592603