11 0.30789930555555556 0.5731828703703703 0.05501736111111111 0.13119791666666672
16 0.35314236111111114 0.5389409722222223 0.05545138888888897 0.1233969907407408
15 0.47578125 0.449681712962963 0.04699652777777778 0.12639467592592588
24 0.4345486111111111 0.4815219907407407 0.049131944444444284 0.12174189814814831
23 0.5933854166666667 0.36830439814814814 0.047638888888888786 0.12328124999999997
23 0.6314930555555556 0.3365104166666667 0.04387152777777779 0.12634837962962964
11 0.9739583333333333 0.044263599537037034 0.03907986111111086 0.08852719907407407
20 0.55171875 0.39234375000000005 0.04848958333333329 0.12485532407407404
6 0.2594270833333333 0.6098148148148148 0.057534722222222265 0.13513888888888897
24 0.3919965277777778 0.5079166666666667 0.05065972222222222 0.1209837962962963
15 0.5160937499999999 0.42097800925925927 0.042204861111111214 0.12398148148148155
6 0.4266493055555555 0.29035879629629624 0.07284722222222229 0.058072916666666606
34 0.06258680555555556 0.3660185185185185 0.0752951388888889 0.06045138888888886
30 0.18928819444444445 0.29075231481481484 0.06032986111111107 0.03993055555555554