16 0.3839351851851852 0.4905150462962963 0.05485532407407412 0.1313194444444445
27 0.6034375 0.6050405092592592 0.0525231481481482 0.1327430555555555
1 0.5125057870370371 0.5582638888888889 0.05328703703703699 0.13044560185185183
11 0.42472222222222217 0.5147974537037037 0.054866898148148026 0.1328819444444445
1 0.559519675925926 0.5797916666666667 0.05484374999999986 0.1297569444444445
1 0.4685821759259259 0.5322337962962964 0.055619212962962905 0.12902199074074083
30 0.6559548611111111 0.6315798611111111 0.058813657407407405 0.13858217592592598
41 0.3047800925925926 0.4522453703703704 0.05009259259259267 0.12088541666666668
41 0.34241319444444446 0.4724363425925926 0.05009259259259258 0.12088541666666668
0 0.14566550925925928 0.3725347222222222 0.047841435185185154 0.13324652777777785
22 0.6211516203703703 0.15004050925925927 0.0453125 0.1081076388888889
41 0.2577893518518518 0.4338425925925925 0.05166666666666666 0.12254050925925916
0 0.18403935185185186 0.38730324074074074 0.047089120370370365 0.13710648148148152
0 0.22094328703703706 0.4144791666666666 0.05018518518518515 0.13338541666666667
0 0.14565972222222223 0.3717534722222222 0.047841435185185154 0.13324652777777785
0 0.18403935185185186 0.38730324074074074 0.047089120370370365 0.13710648148148152