28 0.6090567129629629 0.5462731481481482 0.05975115740740744 0.12184606481481489
20 0.27905092592592595 0.40960069444444447 0.04924768518518512 0.1170081018518518
26 0.20659722222222224 0.3817361111111111 0.046614583333333307 0.11306712962962964
31 0.5630787037037036 0.5274016203703704 0.05121527777777786 0.12250000000000014
24 0.16944444444444445 0.36586226851851855 0.0433738425925926 0.1114583333333334
34 0.520167824074074 0.5077025462962963 0.06070601851851851 0.12420138888888896
26 0.24447337962962962 0.3968171296296296 0.04745370370370372 0.11385995370370372
20 0.3172743055555555 0.429369212962963 0.05002893518518512 0.11701967592592588
10 0.3944733796296297 0.45794560185185185 0.05266203703703702 0.12096064814814814
5 0.4768229166666666 0.4927025462962963 0.05410879629629619 0.1194212962962963
15 0.3564814814814815 0.4413020833333333 0.05008680555555554 0.11780092592592588
27 0.13680555555555557 0.34757523148148145 0.041869212962962976 0.11221643518518513
5 0.43576388888888895 0.4768865740740741 0.04875578703703702 0.12090277777777772
2 0.20324074074074075 0.8854629629629629 0.07008101851851851 0.14541087962962962