28 0.23722222222222222 0.7912152777777777 0.05321180555555553 0.18078125000000006
5 0.6403298611111111 0.3593923611111111 0.03717013888888889 0.16168402777777774
28 0.2829861111111111 0.7401736111111111 0.05076388888888887 0.1760416666666668
11 0.32640625 0.6891840277777778 0.04598958333333334 0.17203125000000002
24 0.4968576388888889 0.5157812500000001 0.03777777777777782 0.1538888888888888
23 0.7975868055555556 0.22536458333333337 0.04192708333333339 0.1649131944444445
21 0.40946180555555556 0.5927604166666667 0.045069444444444426 0.165763888888889
33 0.6043402777777778 0.3930208333333333 0.03776041666666661 0.15310763888888887
21 0.45871527777777776 0.5580555555555555 0.04428819444444443 0.1657465277777778
30 0.5677604166666667 0.43526041666666665 0.04083333333333332 0.1508333333333333
15 0.7028125000000001 0.286875 0.034791666666666644 0.16006944444444446
10 0.6724131944444445 0.3258506944444444 0.03456597222222228 0.14991319444444445
27 0.5287673611111111 0.47442708333333333 0.040868055555555574 0.15239583333333329
24 0.36911458333333336 0.6413368055555555 0.04668402777777771 0.16814236111111108
36 0.9786284722222222 0.03973090277777778 0.03784722222222214 0.07946180555555556