6 0.9786574074074075 0.06269675925925926 0.04055555555555586 0.08932870370370369
30 0.5556944444444445 0.6109143518518518 0.05155671296296305 0.16594328703703703
15 0.6339583333333334 0.5388657407407408 0.04847222222222225 0.16670138888888886
30 0.5144560185185185 0.6590277777777778 0.0528356481481481 0.1604861111111111
23 0.667667824074074 0.4961631944444445 0.042922453703703664 0.16509837962962948
5 0.5933506944444444 0.5690219907407407 0.04514467592592588 0.1627719907407407
26 0.703761574074074 0.45425925925925925 0.04169560185185191 0.15649884259259253
32 0.7378761574074074 0.4193692129629629 0.04164351851851862 0.17055555555555557
22 0.8028993055555557 0.3480034722222222 0.044525462962963044 0.16589120370370375
11 0.3371064814814815 0.8232754629629628 0.04297453703703704 0.15104166666666644
21 0.3838020833333333 0.7900405092592593 0.0497800925925926 0.1768634259259258
21 0.427962962962963 0.7380439814814814 0.05043981481481481 0.17452546296296295
24 0.473136574074074 0.7055787037037037 0.04560185185185191 0.15652777777777782
17 0.7670601851851852 0.37975694444444447 0.03944444444444439 0.14320601851851852
40 0.8376331018518519 0.309994212962963 0.0383506944444445 0.12211226851851853