25 0.37578125 0.74296875 0.04453125 0.184375
30 0.57265625 0.521875 0.03671875 0.153125
25 0.32890625 0.78828125 0.0484375 0.18359375
20 0.671875 0.40703125 0.0375 0.15625
22 0.2828125 0.84140625 0.04765625 0.19375
23 0.709375 0.365625 0.03359375 0.1578125
21 0.7734375 0.2890625 0.02421875 0.1484375
33 0.6078125 0.4765625 0.03359375 0.16953125
6 0.4921875 0.60234375 0.040625 0.16875
6 0.45234375 0.6421875 0.040625 0.16484375
1 0.41484375 0.6875 0.03984375 0.159375
29 0.74140625 0.33203125 0.0328125 0.1609375
10 0.64453125 0.4375 0.0296875 0.15625
24 0.5375 0.5609375 0.0375 0.1609375