22 0.4290625 0.5111979166666666 0.041145833333333215 0.11958333333333329
25 0.39350694444444445 0.5400520833333333 0.045364583333333285 0.12687500000000007
22 0.464045138888889 0.47770833333333335 0.040156250000000074 0.11484375
6 0.6808506944444443 0.2965625 0.03484374999999993 0.10046874999999993
38 0.4985069444444445 0.4559375 0.036857638888889 0.11072916666666668
1 0.7381597222222223 0.25145833333333334 0.030763888888888858 0.09630208333333332
37 0.5611631944444444 0.39567708333333335 0.032934027777777784 0.09255208333333335
37 0.5302951388888889 0.42421875 0.03513888888888879 0.08958333333333339
1 0.7670138888888889 0.23317708333333337 0.027673611111111107 0.096875
6 0.7107986111111111 0.27119791666666665 0.030798611111111106 0.09708333333333333
39 0.5879166666666666 0.3720833333333333 0.029878472222222285 0.09390625000000004
41 0.6517881944444445 0.31953125 0.031874999999999966 0.08624999999999998
35 0.6240104166666667 0.3486458333333333 0.030798611111111106 0.09708333333333333
36 0.9772916666666667 0.016445312499999996 0.04366319444444429 0.03289062499999999