16 0.4098958333333333 0.632824074074074 0.04210069444444446 0.10392361111111122
24 0.4499305555555556 0.6038541666666667 0.038975694444444466 0.10373842592592589
33 0.4878125 0.5836168981481482 0.036666666666666715 0.10516203703703705
5 0.73265625 0.40717592592592594 0.030972222222222356 0.0946817129629629
32 0.6440798611111112 0.46953125 0.03503472222222222 0.1019444444444444
31 0.5816493055555556 0.5115624999999999 0.03498263888888893 0.09960069444444457
32 0.6155729166666667 0.4892129629629629 0.037413194444444284 0.10364583333333321
15 0.7635243055555556 0.3881365740740741 0.030989583333333216 0.095462962962963
32 0.6741145833333333 0.44819444444444445 0.035781249999999966 0.10042824074074072
38 0.7920486111111111 0.36923611111111115 0.02777777777777768 0.09137152777777775
5 0.7033333333333334 0.4253414351851852 0.03409722222222218 0.09486689814814823
35 0.5176909722222222 0.5552488425925926 0.03411458333333321 0.09564814814814823
22 0.5500520833333333 0.5329918981481482 0.037413194444444284 0.10364583333333321
30 0.820486111111111 0.34642939814814816 0.026163194444444572 0.08893518518518517