36 0.4450462962962963 0.45296875 0.03733796296296284 0.10229166666666671
32 0.3206828703703704 0.3871875 0.03267361111111118 0.10276041666666665
35 0.8393055555555555 0.8305729166666668 0.06912615740740727 0.14885416666666665
26 0.4135706018518518 0.43635416666666665 0.03832754629629633 0.109375
36 0.48187499999999994 0.4731249999999999 0.04280671296296283 0.10265625000000007
35 0.3766724537037037 0.4185416666666667 0.03265046296296301 0.10197916666666665
35 0.3482060185185185 0.405625 0.03416666666666668 0.10052083333333321
32 0.2908854166666667 0.3665625 0.03428240740740742 0.10442708333333331
7 0.9694328703703704 0.49130208333333325 0.03141203703703717 0.11281250000000007
7 0.9466782407407408 0.5224479166666667 0.04009837962962948 0.11651041666666657
5 0.5649247685185185 0.6438020833333333 0.06196180555555557 0.06494791666666658
5 0.6180902777777778 0.6652083333333334 0.050862268518518584 0.05875000000000004
5 0.6609143518518519 0.6935416666666667 0.05628472222222225 0.05755208333333339