0 0.69921875 0.44140625 0.0421875 0.12421875
16 0.821875 0.3890625 0.0421875 0.11953125
7 0.57890625 0.49609375 0.04609375 0.13125
37 0.7828125 0.4046875 0.040625 0.10625
28 0.3984375 0.58125 0.053125 0.134375
17 0.48984375 0.5359375 0.04921875 0.13671875
37 0.7421875 0.42265625 0.03984375 0.103125
17 0.5359375 0.51171875 0.0484375 0.134375
25 0.44296875 0.55546875 0.05390625 0.134375
15 0.6203125 0.47890625 0.05 0.1328125
34 0.34765625 0.6015625 0.06171875 0.146875
5 0.6640625 0.459375 0.04375 0.1265625
22 0.89609375 0.35625 0.0421875 0.12578125
21 0.3796875 0.11171875 0.040625 0.10234375