21 0.6653935185185185 0.37815393518518514 0.060243055555555536 0.11909722222222223
23 0.5319444444444444 0.43373842592592593 0.058535879629629764 0.1276041666666666
28 0.43674768518518514 0.47777777777777775 0.06154513888888893 0.12615740740740744
20 0.4849537037037036 0.4580729166666666 0.060821759259259166 0.12690972222222213
17 0.39189814814814816 0.4942418981481481 0.06423611111111108 0.13093171296296297
30 0.7858796296296295 0.3292824074074074 0.05778356481481488 0.1174479166666667
7 0.2945891203703704 0.5352430555555555 0.06765046296296298 0.1349537037037038
11 0.6225983796296296 0.3984375 0.058188657407407265 0.1229166666666666
27 0.7447627314814815 0.34794560185185186 0.05604745370370381 0.11504629629629629
12 0.34424189814814815 0.5170428240740741 0.06533564814814818 0.12473958333333321
6 0.5736689814814815 0.4173900462962963 0.05801504629629619 0.12057291666666661
33 0.8233217592592593 0.3076388888888889 0.0504918981481481 0.1241898148148148
27 0.7046585648148149 0.36345486111111114 0.05549768518518512 0.11814236111111116
21 0.37135416666666665 0.0984375 0.05222800925925926 0.10555555555555554