10 0.41052083333333333 0.6088541666666667 0.046927083333333286 0.10772569444444446
28 0.44770833333333326 0.5914351851851852 0.04729166666666664 0.10150462962962958
10 0.97265625 0.09476273148148148 0.04109374999999993 0.09036458333333333
31 0.4835416666666667 0.5708333333333334 0.04718750000000007 0.09994212962962976
30 0.51828125 0.5548900462962963 0.0515625 0.09542824074074083
6 0.6146354166666667 0.4958043981481481 0.04270833333333339 0.09120370370370381
11 0.6461458333333334 0.4813078703703704 0.0390625 0.09496527777777786
30 0.5486979166666666 0.5333043981481481 0.051458333333333425 0.09386574074074083
1 0.5821354166666667 0.5133969907407407 0.04494791666666664 0.08972800925925935
0 0.37192708333333335 0.6238715277777779 0.050416666666666644 0.11331018518518512
16 0.67734375 0.45975115740740746 0.03562499999999993 0.1018518518518519
36 0.7074479166666666 0.44285300925925924 0.03255208333333322 0.09082754629629637