24 0.5067708333333333 0.5275347222222223 0.039293981481481485 0.15440393518518505
21 0.41976273148148147 0.6027662037037037 0.04898726851851851 0.16313657407407406
36 0.9794849537037038 0.07229166666666667 0.03993055555555571 0.08726273148148148
15 0.674074074074074 0.3433969907407407 0.037094907407407264 0.15827546296296297
11 0.29620949074074077 0.7453877314814814 0.050289351851851814 0.1772106481481483
5 0.6135127314814814 0.4158969907407407 0.03686342592592595 0.152025462962963
27 0.5380787037037037 0.48739583333333336 0.04467592592592595 0.15214120370370363
11 0.3802083333333333 0.6521527777777778 0.04835069444444447 0.16703124999999996
11 0.33807870370370374 0.6952546296296296 0.04918981481481488 0.16860532407407405
10 0.6472222222222223 0.37735532407407407 0.03943865740740744 0.15831018518518522
28 0.25193865740740745 0.7939236111111111 0.05584490740740744 0.17963541666666671
28 0.20457175925925924 0.8431944444444444 0.06070601851851851 0.18439236111111085
21 0.46614583333333337 0.5690972222222223 0.04748263888888893 0.1646759259259259
30 0.5779803240740741 0.44738425925925923 0.038802083333333216 0.14112268518518523