29 0.45054398148148145 0.559375 0.046215277777777786 0.121875
29 0.4097453703703703 0.5828125 0.050960648148148026 0.1296875
21 0.6958912037037037 0.44921875 0.04699652777777778 0.121875
35 0.575925925925926 0.5078125 0.0430381944444445 0.11484375
7 0.7311574074074074 0.434375 0.04227430555555554 0.1171875
17 0.800179398148148 0.39765625 0.042297453703703525 0.1203125
10 0.36819444444444444 0.60234375 0.05175925925925924 0.13203125
12 0.7664409722222223 0.4171875 0.04383680555555554 0.1171875
10 0.3195949074074074 0.62421875 0.05801504629629628 0.1328125
41 0.6159548611111111 0.4828125 0.04138888888888896 0.103125
32 0.5367766203703704 0.51953125 0.04700810185185169 0.1234375
32 0.4936400462962963 0.5421875 0.046244212962962904 0.12578125
17 0.8566840277777779 0.890625 0.07141203703703702 0.1484375
41 0.6551331018518518 0.4671875 0.041417824074074086 0.10703125