23 0.5928993055555555 0.4258796296296296 0.035237268518518404 0.11143518518518522
10 0.9766493055555557 0.07304976851851851 0.03646412037037052 0.08880208333333332
7 0.41638888888888886 0.5849479166666667 0.03535300925925924 0.11924768518518522
26 0.6229976851851852 0.4013310185185185 0.03125 0.10590856481481481
17 0.4795138888888889 0.5226157407407408 0.035214120370370236 0.10987268518518505
5 0.5104513888888889 0.5019849537037037 0.032905092592592666 0.11218171296296298
5 0.5397222222222222 0.4742997685185185 0.03282407407407408 0.10671296296296298
6 0.7279166666666667 0.3130613425925926 0.027170138888888928 0.0941319444444444
12 0.4448437500000001 0.5549074074074074 0.0367881944444445 0.1106770833333334
16 0.7039988425925927 0.3330150462962963 0.029548611111111 0.09651041666666664
24 0.6506712962962963 0.3712789351851852 0.028217592592592666 0.11211226851851856
21 0.6769791666666667 0.3544849537037037 0.03112268518518526 0.09731481481481481
15 0.5667187499999999 0.45126736111111115 0.035214120370370416 0.10987268518518505
1 0.749375 0.2852604166666667 0.026458333333333427 0.0988078703703704