10 0.2765625 0.6390625 0.0546875 0.14296875
15 0.32265625 0.6046875 0.04765625 0.1390625
30 0.48125 0.4734375 0.04921875 0.11640625
33 0.56484375 0.4125 0.03984375 0.12734375
30 0.5234375 0.44453125 0.04609375 0.11796875
6 0.97578125 0.05703125 0.034375 0.0859375
27 0.4484375 0.50546875 0.04765625 0.12109375
33 0.60390625 0.3875 0.03515625 0.12265625
1 0.3625 0.56796875 0.04765625 0.121875
25 0.6375 0.36171875 0.0375 0.12109375
5 0.228125 0.671875 0.053125 0.15
16 0.4046875 0.5328125 0.0453125 0.1234375
1 0.6796875 0.12890625 0.06328125 0.0484375
41 0.67109375 0.3328125 0.0328125 0.10859375
41 0.70625 0.31015625 0.03046875 0.09921875