23 0.60546875 0.38125 0.04140625 0.12421875
23 0.64453125 0.35 0.03671875 0.12578125
11 0.36875 0.55234375 0.04609375 0.12734375
20 0.56640625 0.40859375 0.04296875 0.1234375
11 0.9765625 0.0578125 0.034375 0.08671875
16 0.284375 0.62109375 0.05 0.13359375
15 0.4921875 0.465625 0.04296875 0.1234375
24 0.4515625 0.49140625 0.04453125 0.12265625
24 0.41015625 0.52109375 0.046875 0.121875
15 0.53046875 0.43359375 0.040625 0.1234375
6 0.3265625 0.584375 0.046875 0.12421875
6 0.43984375 0.2984375 0.0703125 0.06015625
34 0.07890625 0.3671875 0.07109375 0.06015625