25 0.44054398148148144 0.5539351851851853 0.04644097222222214 0.13220486111111107
24 0.3177372685185185 0.6400462962962964 0.04878472222222223 0.13237847222222215
6 0.22507523148148145 0.7065393518518518 0.06222800925925931 0.1442997685185185
11 0.26980902777777777 0.6708333333333334 0.05516203703703706 0.1414351851851851
7 0.3586111111111111 0.607175925925926 0.04178819444444439 0.13420138888888894
34 0.4783159722222223 0.5223958333333334 0.04644097222222214 0.13220486111111107
20 0.5153645833333333 0.49470486111111106 0.044751157407407406 0.12349537037037024
23 0.556412037037037 0.47355324074074073 0.04412037037037031 0.13359375
21 0.7372106481481481 0.3511574074074074 0.033744212962962906 0.11799768518518512
35 0.05342592592592592 0.340306712962963 0.06089699074074075 0.054456018518518515
12 0.39719907407407407 0.5780381944444445 0.048657407407407406 0.12378472222222214
39 0.7024479166666666 0.3751157407407407 0.035995370370370414 0.11192129629629637
36 0.5919097222222222 0.44652777777777775 0.03684606481481474 0.11666666666666661
38 0.6645138888888888 0.39571759259259265 0.034502314814814736 0.11649305555555553
6 0.44421875 0.3278935185185185 0.07195023148148146 0.06307870370370372
40 0.627361111111111 0.41637731481481477 0.03504050925925917 0.10014467592592595