29 0.6520138888888889 0.31333333333333335 0.038582175925925985 0.12768518518518518
11 0.3398148148148148 0.5609490740740741 0.04801504629629623 0.13207754629629634
11 0.3799537037037037 0.5260300925925925 0.04718749999999998 0.12891203703703696
23 0.5778587962962962 0.3742534722222222 0.042465277777777644 0.12632523148148148
15 0.5028761574074074 0.4320891203703704 0.042465277777777824 0.1263252314814814
11 0.9774189814814814 0.02612413194444444 0.037245370370370526 0.05224826388888888
20 0.542349537037037 0.40502314814814816 0.04483217592592581 0.12800925925925935
24 0.4217129629629629 0.49493634259259256 0.04554398148148149 0.12336226851851854
23 0.6157233796296296 0.34414351851851854 0.039282407407407405 0.12225694444444449
24 0.4611747685185185 0.46708912037037037 0.04395833333333332 0.12171874999999996
6 0.29736689814814815 0.5983333333333334 0.054322916666666644 0.13630787037037032
6 0.4442418981481481 0.27406828703703706 0.07200810185185169 0.0654050925925926
37 0.24781828703703707 0.20919560185185185 0.045925925925925884 0.043755787037037044