16 0.65625 0.4953125 0.03359375 0.09140625
10 0.42421875 0.64453125 0.03984375 0.10625
21 0.6859375 0.47578125 0.03125 0.09296875
15 0.4578125 0.61875 0.03828125 0.10390625
11 0.621875 0.5109375 0.0328125 0.09453125
23 0.52578125 0.5734375 0.0375 0.10625
23 0.49140625 0.59609375 0.03984375 0.10546875
29 0.15234375 0.29609375 0.0625 0.03046875
5 0.38828125 0.66640625 0.034375 0.10625
20 0.04375 0.2625 0.05546875 0.02734375
12 0.29609375 0.33984375 0.05546875 0.03046875
6 0.5859375 0.53359375 0.04453125 0.1015625
27 0.77578125 0.42109375 0.02890625 0.08828125
24 0.746875 0.43984375 0.0359375 0.0921875
35 0.30859375 0.36875 0.04609375 0.03359375
33 0.80234375 0.403125 0.0265625 0.09921875
21 0.715625 0.4578125 0.03125 0.090625