1 0.4703125 0.525 0.0390625 0.10078125
16 0.53984375 0.56953125 0.04140625 0.1109375
39 0.37734375 0.45859375 0.034375 0.09765625
21 0.50390625 0.5453125 0.0375 0.1078125
10 0.3421875 0.4421875 0.0375 0.10546875
23 0.25703125 0.38359375 0.03359375 0.103125
1 0.4375 0.5046875 0.03359375 0.0984375
24 0.5734375 0.59140625 0.04453125 0.11328125
28 0.965625 0.53515625 0.0328125 0.10703125
31 0.98828125 0.51015625 0.02265625 0.1078125
39 0.40703125 0.48046875 0.03125 0.09453125
0 0.28671875 0.4015625 0.03203125 0.1
28 0.93984375 0.559375 0.03125 0.1046875
12 0.19921875 0.34765625 0.0296875 0.1015625
5 0.31484375 0.42421875 0.0265625 0.10234375
23 0.2265625 0.365625 0.03203125 0.1
2 0.86328125 0.8890625 0.05625 0.13125
2 0.1703125 0.33046875 0.02421875 0.0859375