33 0.38430555555555557 0.4880034722222222 0.0694618055555555 0.1588136574074074
33 0.44575810185185183 0.4679108796296296 0.07083912037037035 0.15573495370370374
39 0.25666666666666665 0.5288310185185185 0.06670138888888885 0.1517129629629629
10 0.3213831018518518 0.5064872685185184 0.06624421296296301 0.15715856481481474
32 0.18726273148148148 0.5510358796296296 0.07677662037037036 0.17696759259259257
27 0.5054166666666667 0.45167824074074076 0.0693229166666665 0.1564699074074074
27 0.613107638888889 0.41730324074074077 0.06601273148148153 0.15325231481481474
21 0.7207523148148148 0.38370949074074073 0.06412615740740737 0.1477372685185186
38 0.05034143518518519 0.5900231481481482 0.07534722222222223 0.16600694444444458
40 0.12213541666666668 0.5671064814814815 0.0762673611111111 0.16837384259259255
24 0.6705150462962963 0.3994386574074074 0.06665509259259253 0.1509317129629629
23 0.8673726851851852 0.33953125 0.06711226851851855 0.14548611111111107
2 0.5597916666666667 0.43215856481481485 0.06978009259259252 0.15102430555555557
26 0.9098900462962962 0.32200810185185186 0.0633449074074072 0.1477141203703704
20 0.8180555555555555 0.35293981481481485 0.0613657407407409 0.1406365740740741
6 0.7679571759259259 0.3663252314814815 0.05998842592592588 0.14371527777777776