16 0.959375 0.5453125 0.078125 0.7875
21 0.89921875 0.509375 0.075 0.8078125
27 0.83828125 0.50703125 0.0734375 0.81484375
33 0.71875 0.503125 0.0703125 0.803125
27 0.77890625 0.50390625 0.07265625 0.80859375
5 0.65859375 0.49765625 0.06796875 0.8015625
5 0.59609375 0.49765625 0.06796875 0.8046875
10 0.478125 0.496875 0.06171875 0.81328125
5 0.5390625 0.49765625 0.06171875 0.80859375
15 0.41875 0.50390625 0.06015625 0.81875
23 0.3578125 0.51171875 0.06328125 0.81875
23 0.29453125 0.5171875 0.06796875 0.828125
26 0.23515625 0.50703125 0.06953125 0.83828125
26 0.17265625 0.5171875 0.07109375 0.83671875
2 0.11015625 0.51015625 0.075 0.828125
12 0.04765625 0.49921875 0.0765625 0.8296875