20 0.6682002314814814 0.756568287037037 0.12410300925925917 0.23364004629629634
10 0.7558159722222222 0.8210185185185186 0.12951388888888893 0.23302083333333315
12 0.5687210648148148 0.3026331018518519 0.13272569444444446 0.2027141203703704
17 0.40393518518518523 0.23354745370370372 0.13084490740740745 0.18784722222222222
23 0.3942418981481482 0.6075173611111111 0.11883680555555554 0.22568865740740734
22 0.30399305555555556 0.5680439814814815 0.12690972222222224 0.21891203703703715
5 0.853298611111111 0.8685358796296295 0.14742476851851868 0.23277199074074062
23 0.5741319444444445 0.7052372685185185 0.12141203703703703 0.22888310185185184
21 0.1345775462962963 0.4768981481481481 0.12103587962962963 0.19223379629629633
30 0.05701678240740741 0.44778935185185187 0.11403356481481482 0.21813078703703698
23 0.48177083333333337 0.6625694444444444 0.12213541666666679 0.228125
25 0.22294560185185186 0.5100520833333333 0.12424768518518521 0.20402199074074084
22 0.4913483796296296 0.26902199074074074 0.09765625 0.17127314814814812