5 0.6875 0.5015625 0.07734375 0.18984375
26 0.309375 0.72421875 0.0859375 0.20859375
38 0.96015625 0.36640625 0.07734375 0.17734375
27 0.54765625 0.58359375 0.08359375 0.203125
1 0.4671875 0.64140625 0.084375 0.18046875
30 0.615625 0.54140625 0.0859375 0.19296875
30 0.23125 0.7640625 0.08984375 0.20078125
34 0.75703125 0.465625 0.08828125 0.19375
21 0.140625 0.81640625 0.09296875 0.20078125
15 0.8265625 0.4359375 0.08203125 0.190625
21 0.38828125 0.6734375 0.08203125 0.2046875
16 0.05390625 0.8625 0.0953125 0.1953125
23 0.89453125 0.39765625 0.0875 0.19375
18 0.5234375 0.24375 0.0890625 0.18828125