25 0.52109375 0.203125 0.06875 0.115625
25 0.58125 0.18828125 0.07109375 0.11796875
5 0.60078125 0.50546875 0.07265625 0.1421875
25 0.7828125 0.175 0.09296875 0.128125
5 0.66640625 0.48984375 0.07421875 0.140625
21 0.1796875 0.6015625 0.0703125 0.15078125
24 0.10234375 0.59296875 0.07421875 0.15078125
11 0.4625 0.540625 0.084375 0.15
16 0.39375 0.54609375 0.08125 0.14375
10 0.14921875 0.2765625 0.06171875 0.12109375
5 0.2765625 0.2484375 0.05859375 0.11328125
6 0.53203125 0.52109375 0.0703125 0.1390625
0 0.21328125 0.259375 0.05703125 0.1078125
21 0.2546875 0.58203125 0.07421875 0.153125
21 0.325 0.565625 0.07421875 0.15
5 0.734375 0.46953125 0.07578125 0.1453125
9 0.3390625 0.23828125 0.0640625 0.1109375
18 0.459375 0.2140625 0.0640625 0.1125
4 0.403125 0.22421875 0.0671875 0.11640625