40 0.05619791666666667 0.709375 0.11239583333333333 0.34921875
25 0.32916666666666666 0.6875 0.10593750000000002 0.346875
40 0.14135416666666667 0.70390625 0.11697916666666668 0.3484375
38 0.2908854166666667 0.18359375 0.10708333333333328 0.2703125
25 0.24286458333333333 0.69296875 0.10630208333333328 0.35234375
2 0.7041145833333333 0.75859375 0.10984374999999993 0.346875
38 0.17906249999999999 0.24375 0.12927083333333336 0.19296875
7 0.5137499999999999 0.7078125 0.10557291666666657 0.38828125
12 0.43166666666666664 0.68515625 0.09994791666666672 0.35078125
12 0.6097395833333333 0.709375 0.12588541666666658 0.38828125
34 0.8970312499999998 0.77109375 0.11463541666666685 0.3484375
38 0.08083333333333334 0.2171875 0.11156250000000001 0.25546875
39 0.7996875 0.7546875 0.10604166666666667 0.3484375
18 0.3738541666666667 0.19296875 0.10984375000000002 0.28828125