30 0.33527199074074077 0.5649074074074074 0.07461226851851847 0.12913194444444437
24 0.2598784722222222 0.5886631944444444 0.07485532407407405 0.13381944444444435
17 0.5426736111111111 0.50953125 0.0727256944444445 0.12285879629629619
36 0.6140798611111111 0.27662037037037035 0.0796875 0.10656828703703702
17 0.6780092592592593 0.47395833333333337 0.07268518518518512 0.12207754629629619
36 0.5531539351851851 0.29235532407407405 0.0822337962962962 0.11050925925925928
16 0.18785300925925924 0.6076851851851852 0.08287037037037037 0.13784143518518518
36 0.673443287037037 0.2609085648148148 0.08059027777777779 0.10892361111111111
28 0.8663368055555555 0.4251099537037037 0.07629629629629626 0.13149884259259254
2 0.7430439814814814 0.45425925925925925 0.07136574074074069 0.1267418981481482
2 0.8047106481481482 0.43929398148148147 0.07609375000000007 0.12759259259259254
17 0.6122743055555555 0.4921064814814814 0.07186342592592591 0.12128472222222228
23 0.40553240740740737 0.5498148148148149 0.07567708333333342 0.13461226851851862
3 0.42781250000000004 0.33090277777777777 0.08173611111111115 0.1159664351851852
28 0.9273842592592594 0.40703125 0.07543402777777786 0.12992476851851845
4 0.492806712962963 0.3119849537037037 0.0850231481481483 0.11913773148148152
26 0.4752141203703705 0.5308275462962962 0.07333333333333343 0.1345775462962962