34 0.5390625 0.9272526041666665 0.0640625 0.14549479166666685
32 0.7046875 0.45869791666666665 0.06953125 0.13510416666666672
39 0.50703125 0.22833333333333333 0.04765625 0.08833333333333329
20 0.42734375 0.5050520833333334 0.06484375 0.13947916666666665
10 0.309375 0.5284375 0.05625 0.13421874999999997
22 0.2484375 0.536875 0.059375 0.12427083333333329
34 0.75859375 0.44744791666666667 0.071875 0.13135416666666658
17 0.1875 0.54765625 0.05703125 0.11864583333333326
39 0.5578125 0.22078125 0.046875 0.09296875
34 0.84609375 0.43609375000000006 0.075 0.13234375000000007
32 0.59765625 0.4796875 0.06796875 0.13890624999999995
39 0.45546875 0.23583333333333334 0.05078125 0.09010416666666661
15 0.37109375 0.5177083333333334 0.059375 0.13286458333333329
32 0.65 0.4683333333333334 0.06953125 0.13666666666666671
26 0.54140625 0.46968750000000004 0.0640625 0.13786458333333335
26 0.4859375 0.49880208333333337 0.0640625 0.13786458333333335
12 0.125 0.5575520833333334 0.05390625 0.12703124999999993