16 0.13495370370370371 0.4685300925925926 0.0592939814814815 0.31417824074074063
21 0.2051736111111111 0.4664467592592592 0.061869212962962994 0.3299421296296295
1 0.3435011574074074 0.4777662037037037 0.06516782407407415 0.34184606481481483
11 0.07262731481481481 0.3711689814814815 0.05729166666666665 0.2843981481481482
1 0.2714872685185185 0.4641319444444445 0.06425925925925924 0.3332060185185185
6 0.4112384259259259 0.46616898148148145 0.06485532407407409 0.3207523148148148
6 0.48245949074074074 0.4789756944444445 0.07126736111111107 0.3320601851851851
6 0.5551736111111112 0.48718749999999994 0.06657986111111107 0.3317824074074075
41 0.6280208333333334 0.45169560185185187 0.06531249999999993 0.29892361111111115
41 0.7020138888888889 0.49354745370370373 0.0675868055555556 0.29437499999999994
35 0.776875 0.4886168981481481 0.06693287037037035 0.30292245370370363
35 0.8552719907407408 0.5642939814814815 0.07164351851851833 0.3047627314814815
35 0.9317534722222224 0.5633622685185186 0.07127893518518533 0.3328414351851851