1 0.9611284722222223 0.6482291666666666 0.07774305555555543 0.7005208333333333
6 0.9032407407407408 0.59484375 0.08497106481481467 0.7307291666666667
16 0.842829861111111 0.5736458333333333 0.08179976851851833 0.7273958333333332
27 0.7840509259259258 0.5572395833333333 0.07788194444444443 0.7263541666666665
33 0.7212268518518519 0.5311979166666666 0.07766203703703703 0.7115104166666667
12 0.6617013888888889 0.5170833333333333 0.07688078703703702 0.7114583333333334
17 0.6008217592592592 0.5169270833333334 0.07616898148148152 0.71609375
31 0.5422511574074074 0.5145833333333333 0.07241319444444443 0.7259895833333333
31 0.48295717592592596 0.51609375 0.07160879629629627 0.724375
34 0.422042824074074 0.5135937500000001 0.07557291666666668 0.7285416666666666
10 0.3633217592592593 0.50109375 0.07711226851851852 0.7270833333333334
15 0.30385416666666665 0.4908854166666667 0.07795138888888893 0.7310416666666667
23 0.24041087962962965 0.4757291666666667 0.0811805555555555 0.73828125
26 0.17947337962962964 0.47166666666666657 0.08436342592592591 0.7423958333333334
32 0.1153761574074074 0.4650520833333333 0.08508680555555555 0.7385416666666668
32 0.05440393518518518 0.45864583333333336 0.08893518518518517 0.7348958333333334