24 0.71484375 0.24765625 0.0640625 0.1203125
24 0.77421875 0.2421875 0.06484375 0.11953125
24 0.65625 0.26171875 0.06328125 0.125
14 0.83203125 0.23515625 0.06953125 0.1265625
18 0.165625 0.38125 0.059375 0.1421875
21 0.5265625 0.50703125 0.0625 0.16171875
31 0.2296875 0.36484375 0.06171875 0.140625
21 0.4578125 0.52265625 0.06484375 0.16171875
34 0.29453125 0.34453125 0.06875 0.1328125
28 0.35703125 0.32578125 0.06796875 0.13203125
15 0.31640625 0.56171875 0.0734375 0.171875
10 0.3875 0.5484375 0.065625 0.1640625
38 0.54453125 0.284375 0.06484375 0.11640625
8 0.421875 0.321875 0.0609375 0.12109375
5 0.7171875 0.4703125 0.06171875 0.16484375
38 0.6 0.26953125 0.06484375 0.11640625
38 0.484375 0.3015625 0.065625 0.115625
9 0.0984375 0.37734375 0.06015625 0.13671875
26 0.65546875 0.48203125 0.065625 0.16640625
26 0.5859375 0.49453125 0.0640625 0.1625