20 0.22788194444444443 0.7124363425925926 0.0919270833333334 0.25900462962962967
26 0.1357986111111111 0.7087268518518519 0.09305555555555559 0.2668287037037036
28 0.693142361111111 0.7803067129629631 0.10359374999999993 0.2755729166666665
37 0.5020833333333333 0.7696585648148149 0.10258680555555558 0.2529166666666667
35 0.4125 0.7448784722222221 0.09484375000000007 0.25436342592592603
17 0.7896701388888889 0.7895543981481482 0.10307291666666671 0.26385416666666667
36 0.4481770833333334 0.20598958333333334 0.08342013888888893 0.17299768518518518
7 0.8829687500000001 0.8010995370370371 0.10314236111111122 0.26541666666666686
28 0.5966145833333334 0.7710590277777778 0.09743055555555565 0.2598668981481481
6 0.044691840277777777 0.6869791666666666 0.08938368055555555 0.28019097222222233
10 0.31781249999999994 0.7294039351851852 0.09489583333333336 0.27310185185185176
36 0.5345833333333333 0.21430555555555558 0.07861111111111115 0.1877604166666666
36 0.6194270833333333 0.22259837962962964 0.07885416666666671 0.1932291666666667