16 0.8479745370370371 0.47000000000000003 0.06542824074074076 0.14815972222222218
27 0.7335590277777777 0.45064236111111117 0.05931134259259245 0.13553819444444457
33 0.6218518518518519 0.4382638888888889 0.05495949074074069 0.12685763888888885
30 0.6769849537037037 0.4456423611111111 0.05906828703703706 0.1308506944444444
21 0.7920601851851852 0.46263888888888893 0.0628819444444444 0.1442013888888889
10 0.5111689814814815 0.4305555555555555 0.056643518518518475 0.1292361111111111
11 0.9068113425925926 0.4733854166666667 0.06550925925925917 0.14972222222222237
5 0.5684837962962963 0.4347569444444444 0.05281828703703688 0.13071180555555556
26 0.3475752314814815 0.4130729166666667 0.06622106481481485 0.13335069444444442
31 0.507986111111111 0.18815972222222221 0.058379629629629545 0.11756944444444448
20 0.45907986111111115 0.4215451388888889 0.06305555555555564 0.13249999999999992
23 0.4048090277777778 0.41571180555555554 0.06609953703703705 0.13100694444444444
0 0.49068865740740736 0.6992881944444445 0.08589699074074061 0.10647569444444435
3 0.6606423611111112 0.20588541666666665 0.05390625 0.10654513888888886
14 0.6078935185185186 0.1992361111111111 0.05603587962962955 0.11751736111111111
25 0.5592534722222222 0.19640624999999998 0.05196759259259256 0.11430555555555558
28 0.4607465277777778 0.18217013888888886 0.06297453703703706 0.1309375
7 0.21478587962962964 0.3863020833333333 0.04986689814814813 0.11894097222222219
7 0.1563136574074074 0.38994791666666667 0.05627893518518521 0.1222048611111111