6 0.84453125 0.30234375 0.065625 0.14140625
31 0.28359375 0.49296875 0.07890625 0.1578125
25 0.1328125 0.54140625 0.0859375 0.16796875
22 0.61640625 0.38125 0.0703125 0.14609375
22 0.675 0.3625 0.06796875 0.1421875
24 0.35859375 0.47421875 0.07265625 0.159375
31 0.2109375 0.51953125 0.078125 0.16015625
22 0.73359375 0.3421875 0.0703125 0.1421875
1 0.79296875 0.32109375 0.06484375 0.1421875
27 0.42421875 0.4484375 0.07265625 0.15625
33 0.4921875 0.428125 0.071875 0.15859375
33 0.55703125 0.4015625 0.07109375 0.15859375
11 0.8953125 0.28671875 0.06796875 0.14375