16 0.5794155092592593 0.6088715277777779 0.07177083333333342 0.5147916666666668
40 0.8735011574074074 0.5552604166666667 0.07578125 0.528940972222222
40 0.9490914351851852 0.5311631944444445 0.08971064814814796 0.5112847222222221
1 0.35449652777777774 0.6148090277777778 0.07344328703703704 0.5296701388888888
6 0.4333159722222222 0.60484375 0.07166666666666668 0.5007291666666667
16 0.5036921296296295 0.615 0.07356481481481474 0.5460763888888888
16 0.656712962962963 0.6043402777777778 0.07375000000000007 0.571076388888889
30 0.800162037037037 0.5669097222222221 0.07494212962962976 0.5211111111111112
20 0.27568865740740744 0.6263368055555556 0.07423611111111103 0.53125
24 0.7283101851851852 0.5684374999999999 0.07429976851851841 0.53984375
15 0.19858217592592592 0.6566493055555556 0.07019675925925925 0.5131944444444443
15 0.12420717592592592 0.63390625 0.07567708333333334 0.5148784722222223
41 0.04236689814814815 0.6578645833333334 0.07843750000000001 0.46572916666666675