40 0.34838541666666667 0.26579282407407406 0.12395833333333331 0.17770833333333336
11 0.49812499999999993 0.3009953703703704 0.10749999999999993 0.23446759259259267
40 0.25796875 0.25796874999999997 0.1151041666666666 0.22006944444444443
22 0.820625 0.437662037037037 0.09755208333333343 0.23706597222222214
1 0.5745833333333333 0.33004629629629634 0.10364583333333321 0.2350462962962963
17 0.74609375 0.4267418981481482 0.08739583333333326 0.236539351851852
39 0.5330729166666667 0.8233506944444444 0.09723958333333335 0.23237847222222213
6 0.6531770833333332 0.38586226851851857 0.1201041666666665 0.18996527777777777
13 0.11515625 0.224693287037037 0.11442708333333332 0.19823495370370373
39 0.6968229166666667 0.8871715856481481 0.1025520833333335 0.22565682870370374
39 0.6105208333333334 0.8493171296296296 0.09927083333333328 0.2394907407407409
40 0.42838541666666663 0.2887557870370371 0.09229166666666658 0.23990740740740737
14 0.18869791666666666 0.22693865740740743 0.09213541666666666 0.20252893518518517
4 0.04809895833333334 0.18260416666666668 0.09619791666666667 0.2031365740740741
22 0.4497395833333334 0.7798321759259259 0.09447916666666671 0.24936342592592595
25 0.914375 0.48956018518518524 0.11291666666666664 0.17557870370370382