25 0.4345775462962963 0.45100694444444445 0.05662615740740744 0.12321180555555547
31 0.33038194444444446 0.45953125000000006 0.06412037037037041 0.12977430555555552
29 0.12060185185185186 0.47430555555555554 0.07135416666666669 0.12230902777777786
28 0.3828993055555555 0.45486111111111105 0.05914351851851851 0.12565972222222221
17 0.532957175925926 0.44741319444444444 0.058072916666666786 0.12171874999999996
34 0.2782118055555555 0.45951388888888883 0.06712962962962958 0.12835069444444436
16 0.791869212962963 0.4421354166666666 0.06984953703703703 0.12302083333333336
2 0.6368055555555555 0.44357638888888895 0.06192129629629619 0.12111111111111121
26 0.17630208333333336 0.4687152777777778 0.06996527777777777 0.12458333333333335
2 0.6893229166666666 0.43890624999999994 0.0661168981481481 0.12519097222222228
40 0.07138310185185184 0.4764930555555555 0.0728587962962963 0.12159722222222236
7 0.5846354166666666 0.4435590277777778 0.05896990740740726 0.12331597222222221
11 0.844994212962963 0.4397743055555555 0.07213541666666679 0.12234374999999993
17 0.48614004629629626 0.4487152777777778 0.055613425925925955 0.12005208333333321
16 0.7396412037037037 0.4428993055555555 0.07135416666666679 0.12230902777777786
30 0.22714120370370372 0.4656770833333333 0.0685185185185185 0.12607638888888886
3 0.47378472222222223 0.2686111111111111 0.050289351851851904 0.0902256944444444