16 0.152025462962963 0.4869675925925926 0.06542824074074076 0.14730324074074072
27 0.26644097222222224 0.4642534722222222 0.05931134259259263 0.13476273148148152
33 0.3781481481481482 0.448587962962963 0.05495949074074069 0.12614004629629622
30 0.3230150462962963 0.45758680555555553 0.05906828703703706 0.13007523148148153
21 0.20793981481481483 0.47796296296296303 0.0628819444444444 0.1433796296296297
10 0.4888310185185185 0.4376157407407407 0.056643518518518475 0.12849537037037032
11 0.09318865740740741 0.4920891203703704 0.06550925925925925 0.14886574074074072
5 0.43151620370370375 0.44350694444444444 0.05281828703703688 0.13002893518518518
26 0.6524247685185185 0.41531828703703705 0.06622106481481485 0.1324710648148148
31 0.4920138888888889 0.19549768518518518 0.058379629629629545 0.11679398148148148
20 0.5409201388888889 0.42707754629629635 0.06305555555555564 0.13166666666666665
23 0.5951909722222222 0.41964699074074074 0.06609953703703705 0.13012731481481482
0 0.5093113425925926 0.7053298611111111 0.08589699074074061 0.10528356481481485
3 0.3393576388888889 0.21771412037037036 0.05390625 0.10582754629629623
14 0.3921064814814815 0.20951388888888892 0.05603587962962964 0.11677662037037032
25 0.4407465277777778 0.2052488425925926 0.05196759259259256 0.11362268518518519
28 0.5392534722222222 0.18811921296296297 0.06297453703703706 0.13010416666666663
7 0.7852141203703703 0.3846585648148148 0.04986689814814813 0.11829282407407407
7 0.8436863425925927 0.38656828703703705 0.05627893518518512 0.1214641203703704