21 0.64921875 0.12085069444444445 0.078125 0.1230324074074074
24 0.58046875 0.13671296296296295 0.0765625 0.12457175925925927
31 0.7171875 0.10500000000000001 0.08203125 0.12934027777777776
35 0.21328125 0.05263599537037037 0.08359375 0.10527199074074074
7 0.440625 0.1700347222222222 0.08125 0.1293287037037037
17 0.29375 0.21439814814814814 0.078125 0.12459490740740745
34 0.78125 0.09076967592592593 0.0890625 0.12631944444444443
16 0.51015625 0.1565046296296296 0.08359375 0.12701967592592595
24 0.5890625 0.45611689814814815 0.0734375 0.16046296296296295
27 0.6625 0.4339351851851852 0.078125 0.15662615740740743
10 0.221875 0.23968171296296298 0.07734375 0.13552083333333337
12 0.36875 0.18828703703703703 0.08359375 0.12936342592592592
0 0.1421875 0.26273726851851853 0.071875 0.12450231481481477
21 0.5078125 0.4768518518518518 0.078125 0.15896990740740743
28 0.84765625 0.07650462962962964 0.08515625 0.13719907407407408
5 0.06171875 0.2850231481481481 0.078125 0.13709490740740743
16 0.73515625 0.41489004629629633 0.07578125 0.1597164351851852
5 0.38125 0.048356481481481486 0.1078125 0.09671296296296297