5 0.04296875 0.66328125 0.07109375 0.54375
5 0.11953125 0.6484375 0.06875 0.56015625
10 0.1984375 0.63828125 0.06953125 0.51640625
1 0.2734375 0.628125 0.0734375 0.53046875
6 0.34765625 0.625 0.06953125 0.53671875
6 0.42109375 0.63359375 0.0703125 0.53046875
29 0.49921875 0.6203125 0.07109375 0.57421875
29 0.5734375 0.61875 0.0703125 0.559375
32 0.646875 0.6 0.0734375 0.53359375
25 0.721875 0.59140625 0.06484375 0.53984375
22 0.79453125 0.5875 0.075 0.5203125
0 0.86953125 0.57421875 0.06875 0.55078125
0 0.94609375 0.5828125 0.0703125 0.53359375