16 0.684375 0.44609375 0.07578125 0.10546875
20 0.4015625 0.446875 0.07109375 0.10078125
22 0.55546875 0.28359375 0.0625 0.0890625
11 0.6140625 0.4453125 0.07265625 0.10546875
10 0.26015625 0.44921875 0.071875 0.10078125
26 0.47109375 0.44765625 0.06875 0.10078125
26 0.5453125 0.4453125 0.0703125 0.103125
25 0.68203125 0.2828125 0.06875 0.09453125
21 0.7546875 0.446875 0.0734375 0.1046875
2 0.42890625 0.28046875 0.0671875 0.090625
2 0.49140625 0.28125 0.0640625 0.09140625
2 0.36484375 0.28125 0.071875 0.0921875
5 0.184375 0.44921875 0.06875 0.1
17 0.61953125 0.28203125 0.0625 0.090625
13 0.23359375 0.27890625 0.08046875 0.09609375
8 0.16953125 0.28046875 0.0796875 0.096875
4 0.29921875 0.2796875 0.06015625 0.09765625
0 0.10234375 0.44453125 0.06875 0.103125
15 0.3296875 0.446875 0.06796875 0.10390625