16 0.17734375 0.48828125 0.0578125 0.146875
27 0.290625 0.46640625 0.05234375 0.134375
33 0.4015625 0.4515625 0.0484375 0.12578125
30 0.346875 0.46015625 0.05234375 0.1296875
21 0.2328125 0.4796875 0.05546875 0.14296875
10 0.51171875 0.44140625 0.05 0.128125
11 0.11875 0.49296875 0.0578125 0.1484375
5 0.4546875 0.446875 0.04609375 0.1296875
26 0.67421875 0.4203125 0.059375 0.13203125
31 0.50234375 0.19921875 0.05234375 0.11640625
20 0.56328125 0.43125 0.05625 0.13125
23 0.6171875 0.42421875 0.059375 0.1296875
0 0.54609375 0.709375 0.08046875 0.1046875
3 0.35078125 0.2203125 0.0484375 0.10546875
14 0.403125 0.2125 0.05 0.11640625
25 0.4515625 0.20859375 0.04609375 0.11328125
28 0.54921875 0.1921875 0.05625 0.1296875
7 0.80546875 0.390625 0.04375 0.11796875
7 0.8640625 0.39296875 0.05 0.12109375