36 0.34296875 0.3265625 0.08828125 0.1125
10 0.5515625 0.3109375 0.065625 0.1078125
36 0.4125 0.31640625 0.08125 0.11328125
29 0.43359375 0.48359375 0.07890625 0.134375
36 0.4796875 0.3125 0.07109375 0.1078125
10 0.6859375 0.3078125 0.06484375 0.10859375
19 0.27109375 0.32890625 0.0890625 0.1140625
10 0.61875 0.30859375 0.06484375 0.109375
28 0.82109375 0.453125 0.071875 0.13203125
22 0.6578125 0.4578125 0.071875 0.12265625
7 0.51015625 0.47578125 0.06640625 0.1359375
25 0.734375 0.47890625 0.07421875 0.13046875
20 0.19453125 0.51015625 0.103125 0.13984375
23 0.2796875 0.47890625 0.096875 0.1359375
26 0.35234375 0.48359375 0.084375 0.13515625
15 0.1203125 0.50625 0.10859375 0.1375
7 0.58359375 0.47421875 0.06484375 0.1296875