32 0.6875 0.4546875 0.0859375 0.22890625
32 0.31640625 0.678125 0.08515625 0.23984375
26 0.8234375 0.37578125 0.07734375 0.21796875
37 0.46875 0.56484375 0.08046875 0.1734375
39 0.61484375 0.49921875 0.08125 0.1859375
40 0.38828125 0.62421875 0.084375 0.22734375
39 0.23125 0.721875 0.090625 0.2046875
23 0.14375 0.77421875 0.0796875 0.24765625
41 0.0671875 0.81640625 0.10390625 0.1875
36 0.5375 0.5421875 0.065625 0.19296875
30 0.7515625 0.4140625 0.06015625 0.2109375
41 0.88828125 0.3390625 0.05234375 0.18359375
39 0.946875 0.2703125 0.0515625 0.16953125