32 0.16229166666666667 0.7734953703703703 0.08793402777777777 0.31134259259259256
10 0.3707465277777778 0.7078993055555556 0.08170138888888889 0.32905092592592594
5 0.30314236111111115 0.7311342592592592 0.0832118055555556 0.31038773148148147
2 0.7756597222222222 0.675318287037037 0.09288194444444428 0.2998263888888889
2 0.8375347222222222 0.6635706018518519 0.08470486111111093 0.3088831018518519
26 0.09170138888888889 0.7997395833333334 0.08690972222222222 0.340943287037037
0 0.23461805555555557 0.7512152777777777 0.0830034722222222 0.3057002314814815
1 0.44079861111111107 0.722193287037037 0.08144097222222228 0.34074074074074084
11 0.5066493055555555 0.7121527777777779 0.07833333333333332 0.32346643518518514
30 0.5736631944444445 0.6756365740740741 0.078125 0.3538773148148149
33 0.6394618055555557 0.6819733796296296 0.07795138888888893 0.31487268518518513
33 0.7048090277777778 0.6781539351851851 0.0725868055555555 0.31701388888888893
12 0.9019270833333334 0.6558159722222222 0.06786458333333342 0.2809606481481481
29 0.96453125 0.6279513888888889 0.07093750000000014 0.3377025462962962
3 0.5378125 0.2375289351851852 0.08576388888888893 0.31516203703703705