0 0.046875 0.575 0.0921875 0.77109375
5 0.12109375 0.57109375 0.0890625 0.76484375
10 0.1984375 0.571875 0.08671875 0.76328125
20 0.27265625 0.565625 0.084375 0.76328125
23 0.346875 0.56171875 0.0828125 0.76328125
29 0.42265625 0.5546875 0.08203125 0.76484375
12 0.49453125 0.5453125 0.0765625 0.76484375
1 0.56875 0.53515625 0.0765625 0.76015625
6 0.64296875 0.52890625 0.07734375 0.759375
11 0.71953125 0.52890625 0.07890625 0.76953125
21 0.7953125 0.5265625 0.08203125 0.77109375
21 0.8703125 0.52890625 0.0859375 0.78046875
33 0.9484375 0.52890625 0.090625 0.784375