0 0.10107060185185186 0.6800347222222223 0.10671296296296298 0.42979166666666674
15 0.1797164351851852 0.7098611111111112 0.10460069444444446 0.4328645833333333
6 0.25428240740740743 0.6530208333333334 0.0984375 0.4023090277777778
16 0.32641782407407405 0.6476041666666666 0.0997395833333334 0.388298611111111
21 0.402806712962963 0.6680208333333333 0.10315393518518512 0.3922743055555557
21 0.4765046296296296 0.6626388888888889 0.0978587962962962 0.3944965277777778
24 0.54609375 0.64390625 0.10121527777777786 0.39769097222222205
7 0.615306712962963 0.6095659722222223 0.09565972222222215 0.3858680555555555
12 0.6832465277777777 0.5790972222222223 0.08897569444444446 0.39039930555555563
28 0.7530960648148148 0.5744097222222222 0.09713541666666661 0.3952604166666667
34 0.8278935185185186 0.5628124999999999 0.10121527777777786 0.3766319444444445
35 0.8984664351851851 0.5573611111111111 0.09369212962962976 0.42248263888888893
38 0.9579933449074074 0.5338368055555556 0.08401331018518512 0.41703124999999996