23 0.7590451388888889 0.5167824074074074 0.1006307870370371 0.1853587962962962
20 0.850625 0.5367766203703704 0.10950231481481473 0.19036458333333323
21 0.11240162037037038 0.32635995370370374 0.07566550925925926 0.15870949074074064
6 0.5205208333333333 0.45078125 0.08858217592592581 0.16620370370370363
27 0.05184027777777778 0.3091145833333333 0.08389467592592595 0.16603009259259255
15 0.6730729166666667 0.4942418981481481 0.08923032407407412 0.17714120370370381
2 0.4460821759259259 0.43093171296296295 0.08697337962962966 0.1653645833333332
23 0.24004629629629629 0.36918402777777776 0.09161458333333332 0.16475694444444447
2 0.3770659722222222 0.4116608796296296 0.08582175925925925 0.1590856481481481
23 0.3081423611111111 0.3908275462962963 0.0924884259259259 0.1663483796296296
20 0.1763136574074074 0.35283564814814816 0.08196180555555554 0.15972222222222224
1 0.5977141203703704 0.4767650462962963 0.09584490740740748 0.17037037037037042