30 0.6065046296296297 0.43190972222222224 0.1000694444444445 0.2199305555555556
20 0.06617476851851851 0.2296527777777778 0.10082754629629628 0.21840277777777778
21 0.24523726851851851 0.2798263888888889 0.08983217592592592 0.2140104166666667
15 0.1542013888888889 0.2507638888888889 0.09610532407407409 0.21585069444444444
36 0.9048032407407408 0.5600868055555555 0.11204282407407433 0.237638888888889
33 0.512482638888889 0.39333333333333337 0.09385416666666657 0.22199652777777779
6 0.41725115740740737 0.38362847222222224 0.0980787037037036 0.1909548611111111
40 0.8007407407407406 0.5132465277777778 0.10663194444444457 0.24130208333333342
17 0.7005034722222222 0.4720486111111112 0.09851851851851841 0.2206423611111111
41 0.42429398148148145 0.8053125 0.14608217592592593 0.21651041666666657
16 0.32354166666666667 0.3239583333333333 0.09927662037037041 0.21911458333333336
41 0.20910300925925926 0.7136631944444445 0.14052083333333334 0.2100173611111112
41 0.31878472222222226 0.7505902777777778 0.10555555555555554 0.16864583333333344