34 0.2984895833333333 0.17868634259259258 0.1213541666666667 0.21563657407407408
31 0.5317708333333334 0.7848032407407407 0.1265104166666667 0.2695543981481482
31 0.19338541666666667 0.17166087962962961 0.11255208333333333 0.22416087962962963
28 0.08880208333333334 0.1607349537037037 0.12468749999999999 0.2187847222222222
12 0.5106770833333334 0.21071180555555555 0.11161458333333343 0.21009837962962968
28 0.6541666666666667 0.7935185185185185 0.1328125 0.28209490740740756
35 0.28822916666666665 0.7626967592592593 0.12807291666666662 0.2812789351851851
17 0.4061979166666666 0.20134837962962965 0.10739583333333336 0.22880787037037037
7 0.62234375 0.2224710648148148 0.10963541666666679 0.22726273148148152
36 0.9438281249999999 0.2538078703703704 0.11234375000000014 0.22038194444444442
37 0.40979166666666667 0.7706249999999999 0.12994791666666677 0.27426504629629633
36 0.83765625 0.25451967592592595 0.11713541666666671 0.2343460648148148
36 0.72578125 0.23963541666666668 0.11640625 0.2234085648148148