25 0.5180844907407407 0.23014467592592594 0.07046296296296291 0.1191898148148148
25 0.5784606481481481 0.2184201388888889 0.07284143518518515 0.12165509259259259
5 0.5932928240740741 0.5366203703703704 0.07476273148148138 0.14595486111111117
25 0.7802199074074074 0.21559027777777776 0.09486689814814805 0.13294560185185186
5 0.6591493055555555 0.5243981481481482 0.0763020833333334 0.14447337962962975
21 0.17077546296296298 0.6108796296296296 0.0725462962962963 0.15442708333333321
24 0.09355902777777778 0.598275462962963 0.0764525462962963 0.15462962962962976
11 0.45449074074074075 0.5646064814814815 0.08659722222222221 0.15437499999999993
16 0.3856597222222222 0.5665104166666667 0.08337962962962964 0.14796296296296294
10 0.1451215277777778 0.28429976851851857 0.06351273148148148 0.12429398148148145
5 0.27288194444444447 0.2627777777777778 0.060271990740740744 0.11631944444444446
6 0.5243113425925926 0.5486805555555556 0.07237268518518522 0.14270833333333321
0 0.2094386574074074 0.2704340277777778 0.05862847222222225 0.11076967592592588
21 0.2460648148148148 0.5952372685185185 0.07648726851851854 0.15697337962962976
21 0.3166203703703704 0.5824768518518518 0.07644097222222221 0.15384837962962958
5 0.7274189814814814 0.5076099537037038 0.07793402777777772 0.14924189814814817
9 0.3355324074074074 0.2558622685185185 0.06570601851851858 0.11425925925925924
18 0.45620370370370367 0.2378819444444445 0.06572916666666657 0.11582175925925924
4 0.39980324074074075 0.24512152777777776 0.068912037037037 0.11989004629629632