32 0.29565972222222225 0.4384837962962963 0.09441550925925926 0.23336226851851852
32 0.6584780092592593 0.6426793981481481 0.0940393518518519 0.24425925925925931
26 0.1626446759259259 0.3666261574074074 0.0854166666666667 0.22197916666666676
37 0.5103298611111111 0.5372974537037037 0.08689236111111107 0.17760995370370375
39 0.3666666666666667 0.4792476851851852 0.08813657407407405 0.19015046296296295
40 0.588599537037037 0.5925 0.09279513888888893 0.23171874999999992
39 0.742013888888889 0.6820138888888889 0.09820601851851869 0.20938657407407407
23 0.8275752314814815 0.7298206018518518 0.08885995370370381 0.25178819444444434
41 0.9025752314814813 0.7680381944444444 0.11085069444444429 0.19288773148148142
36 0.4424189814814815 0.5182060185185186 0.07277199074074084 0.19637152777777783
30 0.23310185185185187 0.4011805555555556 0.06796875 0.21405671296296305
41 0.09916087962962963 0.33326967592592593 0.05914351851851851 0.1863078703703703
39 0.043113425925925916 0.2675578703703704 0.05784143518518518 0.1722048611111111