3 0.19026041666666665 0.3596469907407408 0.07123263888888887 0.1090856481481481
12 0.5422395833333333 0.5774247685185185 0.08718749999999993 0.13419560185185198
12 0.6833506944444444 0.5521527777777777 0.08881944444444442 0.13576967592592587
22 0.3998090277777778 0.6081770833333333 0.08800347222222218 0.13498263888888892
17 0.4725173611111111 0.5912268518518518 0.08531250000000004 0.12715277777777773
15 0.8024652777777778 0.22538194444444443 0.08046875 0.10603009259259259
10 0.7413368055555555 0.23912037037037037 0.07482638888888893 0.1020833333333333
37 0.3218229166666667 0.33053819444444443 0.06286458333333336 0.09652777777777777
37 0.4486284722222222 0.2999016203703704 0.06826388888888886 0.09500578703703706
12 0.6135243055555556 0.5636111111111111 0.08793402777777785 0.13342013888888893
2 0.6275000000000001 0.2626273148148148 0.0780555555555555 0.10445023148148147
2 0.5687152777777778 0.27634837962962966 0.07631944444444443 0.10053240740740739
5 0.6825868055555555 0.25362268518518516 0.07098958333333324 0.10361689814814819
2 0.5091145833333334 0.2892939814814815 0.07404513888888893 0.10207754629629626
37 0.38760416666666664 0.3159837962962963 0.06343750000000004 0.0918460648148148
4 0.2568229166666667 0.34508680555555554 0.07065972222222223 0.11376736111111115