20 0.729832175925926 0.7341030092592593 0.09358217592592588 0.24882523148148153
17 0.3639930555555556 0.4815914351851852 0.09393518518518515 0.21526620370370378
12 0.42725694444444445 0.5224074074074074 0.09287615740740733 0.2105671296296297
10 0.8077893518518519 0.8040682870370371 0.10828124999999993 0.2334317129629632
32 0.04458912037037037 0.2711574074074074 0.08917824074074074 0.22935185185185186
5 0.8892592592592592 0.827951388888889 0.11962384259259266 0.21408564814814818
23 0.6513599537037037 0.6860243055555555 0.08847800925925924 0.24172453703703703
25 0.24570601851851853 0.36645833333333333 0.06843750000000001 0.2328414351851852
23 0.4995196759259259 0.5829050925925927 0.09361689814814814 0.22306712962962968
21 0.1795891203703704 0.33420138888888895 0.06943865740740743 0.21021990740740737
23 0.5764699074074074 0.6434722222222222 0.09766782407407408 0.23873842592592603
30 0.10372685185185185 0.3080555555555556 0.06847800925925926 0.2203530092592592
22 0.30027777777777775 0.4220023148148148 0.07234375000000001 0.23289930555555555