20 0.18451967592592594 0.7361284722222222 0.09358217592592592 0.25233217592592594
17 0.5796180555555556 0.5117997685185186 0.09393518518518515 0.21887731481481473
12 0.5116319444444445 0.5477546296296296 0.09287615740740733 0.2141435185185186
10 0.09841435185185185 0.8000173611111112 0.10828124999999997 0.23763310185185205
32 0.9269502314814815 0.3261921296296296 0.09633101851851862 0.2330324074074074
5 0.03703559027777778 0.8177662037037037 0.07407118055555556 0.21884259259259267
23 0.2685474537037037 0.694068287037037 0.08847800925925924 0.2450231481481481
25 0.7113310185185184 0.4059259259259259 0.06843749999999993 0.23527199074074065
23 0.4323321759259259 0.6026388888888888 0.09361689814814814 0.2266435185185184
21 0.7811516203703703 0.3787037037037037 0.06943865740740733 0.21275462962962965
23 0.3483449074074074 0.6572453703703703 0.09766782407407408 0.24245370370370373
30 0.8599768518518518 0.35828703703703707 0.06847800925925931 0.222818287037037
22 0.6502777777777778 0.4571875 0.07234374999999993 0.23550347222222215