39 0.22581597222222224 0.4011516203703704 0.06532986111111114 0.13104745370370363
39 0.28399305555555554 0.4209837962962963 0.06298611111111115 0.1309085648148148
34 0.16619791666666667 0.38669560185185187 0.07326388888888888 0.1369791666666667
39 0.3460243055555555 0.4387037037037037 0.06296875000000002 0.13012731481481482
17 0.66796875 0.5311226851851851 0.06776041666666668 0.13509259259259263
31 0.10654513888888888 0.3706770833333334 0.06630208333333334 0.13968749999999996
2 0.3540798611111111 0.27455439814814814 0.07038194444444441 0.07751157407407412
2 0.41536458333333337 0.2937905092592593 0.06638888888888879 0.07337384259259264
23 0.4096354166666667 0.4572974537037037 0.06553819444444446 0.14042245370370382
10 0.8062152777777778 0.5728645833333333 0.07354166666666657 0.1494791666666666
2 0.29449652777777774 0.26166087962962964 0.07034722222222226 0.07594907407407403
12 0.6019791666666666 0.5108275462962963 0.06472222222222221 0.13881365740740748
10 0.7363541666666666 0.5539004629629629 0.07104166666666671 0.1423090277777778
23 0.4709027777777777 0.4757523148148149 0.06557291666666672 0.14198495370370381
26 0.5346006944444445 0.49825231481481486 0.06407986111111104 0.14501736111111113