32 0.28471064814814817 0.559375 0.086568287037037 0.18203125
32 0.21000000000000002 0.590625 0.09461226851851849 0.1859375
33 0.9120833333333334 0.309375 0.06605902777777786 0.15234375
11 0.41653935185185187 0.51640625 0.07856481481481481 0.165625
12 0.7074768518518518 0.38984375 0.07456018518518519 0.15078125
16 0.478888888888889 0.4875 0.07714120370370381 0.16796875
30 0.8618634259259259 0.33203125 0.06752893518518518 0.15078125
7 0.6000983796296296 0.43671875 0.07704861111111114 0.16640625
17 0.7588483796296297 0.3734375 0.07281249999999986 0.14765625
12 0.6511921296296296 0.415625 0.07837962962962966 0.1625
2 0.5421122685185186 0.46015625 0.0774131944444445 0.159375
22 0.8099884259259259 0.353125 0.07354745370370389 0.146875
6 0.3534953703703704 0.53359375 0.0764525462962963 0.16953125