5 0.2588541666666667 0.22208912037037037 0.08229166666666661 0.15837962962962965
10 0.316875 0.21523148148148147 0.07442708333333332 0.15736689814814814
1 0.80625 0.1642361111111111 0.065625 0.1539872685185185
6 0.8682291666666666 0.15827546296296297 0.06333333333333328 0.15469907407407407
2 0.7484375 0.17421875 0.06802083333333328 0.15483796296296298
25 0.6260416666666667 0.18618634259259262 0.07052083333333332 0.15725115740740742
7 0.6888020833333334 0.1802488425925926 0.06651041666666657 0.15557291666666667
37 0.19572916666666668 0.2342534722222222 0.08119791666666668 0.14197337962962964
23 0.5028645833333333 0.19813078703703701 0.07536458333333336 0.1597337962962963
23 0.4416666666666667 0.20411458333333332 0.07677083333333332 0.15743634259259257
25 0.5647395833333333 0.1906076388888889 0.07286458333333332 0.15732060185185187
37 0.12885416666666666 0.23695023148148148 0.06531250000000002 0.13760416666666667
15 0.3783854166666667 0.21393518518518517 0.06364583333333336 0.14769097222222224