15 0.4475868055555556 0.6200520833333333 0.08026041666666668 0.41407986111111106
6 0.062413194444444445 0.7333506944444445 0.09135416666666667 0.49163194444444436
11 0.14234375 0.70734375 0.08815972222222221 0.4532986111111111
16 0.22225694444444444 0.6805555555555556 0.08626736111111111 0.438420138888889
27 0.2962673611111111 0.66953125 0.08569444444444443 0.4477777777777778
5 0.3722743055555556 0.6428298611111112 0.08484375000000002 0.44463541666666656
20 0.52234375 0.6074479166666666 0.08029513888888892 0.4156423611111112
7 0.5946701388888889 0.5909895833333334 0.07932291666666665 0.4421701388888888
17 0.6665625000000001 0.5901736111111111 0.07852430555555542 0.40623263888888894
22 0.7442708333333334 0.5696875 0.07381944444444458 0.4053472222222222
25 0.8122743055555557 0.5345659722222222 0.07142361111111128 0.40295138888888893
28 0.8842534722222222 0.5024826388888889 0.08184027777777772 0.4148958333333333
28 0.9573090277777776 0.4836631944444445 0.078402777777778 0.4359027777777779