31 0.11927083333333333 0.33375 0.06489583333333333 0.14571180555555552
21 0.3845486111111111 0.43156249999999996 0.06569444444444442 0.14652777777777787
16 0.4426909722222222 0.45447916666666666 0.06652777777777778 0.14890624999999993
30 0.32711805555555556 0.41180555555555554 0.06413194444444441 0.14645833333333336
29 0.6256770833333334 0.525173611111111 0.0729166666666666 0.15543402777777793
25 0.1697048611111111 0.3516319444444444 0.06944444444444446 0.13967013888888893
11 0.5016493055555555 0.47586805555555556 0.07046875000000004 0.150642361111111
30 0.2728298611111111 0.39140625 0.06251736111111113 0.14404513888888887
23 0.6955381944444444 0.548611111111111 0.07451388888888885 0.15706597222222207
15 0.7652951388888889 0.5767361111111111 0.07378472222222214 0.159375
17 0.2224826388888889 0.36961805555555555 0.06473958333333334 0.1386805555555556
10 0.8336284722222222 0.5985416666666667 0.0818229166666665 0.16987847222222213
6 0.5637152777777777 0.4981770833333334 0.06657986111111107 0.15124999999999994