1 0.019890046296296295 0.6693229166666667 0.03978009259259259 0.5526388888888889
24 0.11075810185185184 0.6728645833333333 0.0919212962962963 0.5551562499999999
27 0.2275289351851852 0.6710069444444444 0.09351273148148147 0.5708159722222224
12 0.4029629629629629 0.6553125 0.09054976851851855 0.5738020833333334
25 0.45953703703703697 0.6515625 0.08758680555555572 0.5767881944444444
25 0.5183854166666666 0.6643576388888889 0.08913773148148145 0.5916666666666668
25 0.5754976851851852 0.665329861111111 0.09118634259259259 0.6011111111111112
5 0.6982233796296295 0.6543402777777778 0.09700231481481474 0.5779861111111112
20 0.757800925925926 0.6530729166666667 0.0942303240740742 0.5996874999999999
23 0.8158564814814815 0.6509548611111111 0.09399884259259253 0.5801909722222224
26 0.8742361111111112 0.6425868055555556 0.09880787037037067 0.5827430555555555
26 0.9340046296296297 0.6225347222222222 0.10173032407407412 0.5789756944444445
1 0.058373842592592595 0.6713194444444446 0.08866319444444444 0.5674826388888888
24 0.1756423611111111 0.6749652777777777 0.08483217592592593 0.5236631944444443
30 0.28624421296296293 0.6712673611111111 0.09518518518518526 0.5880381944444444
12 0.34582175925925923 0.67 0.09815972222222218 0.5702430555555557
5 0.6397106481481482 0.650173611111111 0.08605324074074083 0.5923090277777778