31 0.5865277777777778 0.2328125 0.10729166666666679 0.18353587962962958
31 0.4955844907407407 0.20833333333333334 0.10811921296296312 0.18671875
31 0.6710127314814814 0.2718171296296296 0.11295717592592602 0.19722222222222224
11 0.8019039351851852 0.7077256944444444 0.1083854166666665 0.3100405092592592
7 0.6980150462962962 0.6615740740740741 0.09443865740740734 0.31681134259259275
41 0.04450086805555555 0.4214699074074074 0.0890017361111111 0.2684895833333332
37 0.13368055555555555 0.4583333333333333 0.09134259259259259 0.2658564814814815
22 0.6001793981481482 0.6282407407407408 0.10754629629629626 0.30607638888888894
11 0.9107002314814816 0.7386863425925926 0.0955324074074074 0.33796296296296297
22 0.4978761574074074 0.5804108796296296 0.09333333333333335 0.29487847222222213
25 0.4070833333333333 0.545775462962963 0.0895543981481481 0.3031828703703704
34 0.3147858796296296 0.507349537037037 0.09267939814814818 0.3034143518518519
37 0.22395833333333331 0.4750578703703704 0.08484374999999993 0.3012731481481481