16 0.44296875 0.2765625 0.053125 0.11015625
29 0.26953125 0.32265625 0.05390625 0.109375
23 0.62734375 0.48515625 0.06171875 0.14765625
26 0.328125 0.3015625 0.05546875 0.11328125
21 0.384375 0.28828125 0.0515625 0.1109375
23 0.21171875 0.3203125 0.06015625 0.11171875
24 0.4984375 0.2703125 0.05 0.10859375
24 0.55546875 0.26484375 0.05234375 0.109375
35 0.31328125 0.52578125 0.06015625 0.1296875
35 0.24921875 0.53671875 0.0609375 0.13125
27 0.6109375 0.25 0.05625 0.1046875
30 0.66640625 0.2359375 0.053125 0.1015625
5 0.6984375 0.48984375 0.0796875 0.07890625
20 0.56640625 0.49453125 0.05390625 0.1359375
0 0.37578125 0.52109375 0.05390625 0.125
0 0.440625 0.5171875 0.05078125 0.121875
0 0.50546875 0.5078125 0.05546875 0.12421875