25 0.4660648148148148 0.4766145833333333 0.06491898148148145 0.16605902777777787
25 0.5410532407407407 0.47406249999999994 0.06571180555555553 0.16687499999999994
25 0.6129166666666667 0.47164930555555556 0.06880208333333329 0.16467013888888893
27 0.14903935185185185 0.26897569444444447 0.07307291666666664 0.13675347222222226
30 0.2957175925925926 0.2757291666666667 0.05891782407407407 0.1298784722222222
28 0.39579861111111114 0.4766145833333333 0.06333333333333328 0.16442708333333336
34 0.32233796296296297 0.4814409722222222 0.07263888888888888 0.16015625
33 0.2292766203703704 0.2810243055555556 0.06125000000000007 0.12920138888888885
41 0.5309317129629629 0.2613715277777778 0.057916666666666575 0.11500000000000003
41 0.36228587962962966 0.2618402777777778 0.05869791666666666 0.11503472222222229
41 0.4637789351851852 0.2620138888888889 0.061087962962962906 0.11826388888888886
17 0.7638020833333333 0.45791666666666664 0.0787962962962963 0.15418402777777782
22 0.6888020833333334 0.46125 0.07171875000000014 0.15074652777777775
39 0.6645023148148148 0.25699652777777776 0.05715856481481474 0.11652777777777779
39 0.5964988425925926 0.26236111111111116 0.059537037037037166 0.11897569444444445
39 0.733275462962963 0.2523784722222222 0.05483796296296291 0.11798611111111112
9 0.8011400462962964 0.2563888888888889 0.06523726851851848 0.13484375
13 0.87375 0.25628472222222226 0.06855902777777771 0.14826388888888892