27 0.4738310185185185 0.4671469907407408 0.041585648148148024 0.13028935185185198
24 0.4269618055555555 0.46706018518518516 0.04395833333333332 0.13423032407407404
6 0.7675925925925926 0.4612326388888889 0.045491898148148024 0.13034722222222223
21 0.37693865740740745 0.47092592592592597 0.04629050925925924 0.1327025462962963
21 0.32615740740740745 0.4716782407407408 0.04628472222222228 0.1319212962962963
1 0.7160358796296297 0.4612152777777778 0.04469907407407412 0.12877314814814814
11 0.8183333333333334 0.46594907407407404 0.04551504629629619 0.13347222222222221
10 0.22460069444444447 0.47240162037037037 0.053310185185185155 0.13124421296296304
21 0.27538194444444447 0.47164930555555556 0.049392361111111074 0.12962384259259263
17 0.6168113425925925 0.46346643518518515 0.04861111111111107 0.12961226851851854
5 0.17226851851851852 0.4716145833333334 0.05333912037037036 0.13515046296296304
22 0.6667939814814815 0.4650694444444444 0.04862847222222229 0.13195601851851854
30 0.5199131944444444 0.4680266203703704 0.04314236111111107 0.12953125000000015
37 0.8699421296296297 0.45893518518518517 0.04698495370370352 0.12099537037037038
0 0.12385416666666667 0.4692071759259259 0.051736111111111115 0.1296585648148149
8 0.43940972222222224 0.26299189814814816 0.04152777777777779 0.1224768518518518
12 0.5691608796296297 0.4633912037037037 0.04239004629629619 0.1334259259259259