23 0.6968229166666667 0.6223321759259259 0.09229166666666658 0.43609375000000006
0 0.9168229166666666 0.6261111111111111 0.09499999999999993 0.4415972222222223
20 0.766875 0.593923611111111 0.09848958333333328 0.47052662037037046
10 0.8407291666666665 0.6108159722222222 0.09286458333333343 0.44468749999999985
39 0.9700260416666666 0.6352141203703704 0.05994791666666686 0.44943287037037044
29 0.6275520833333333 0.6038078703703704 0.11005208333333343 0.4449421296296297
6 0.5467708333333333 0.5885821759259259 0.0994791666666666 0.4619560185185184
11 0.4759375 0.6052719907407408 0.10281249999999993 0.4534201388888889
24 0.3999479166666667 0.603269675925926 0.09906250000000005 0.46741319444444435
33 0.32666666666666666 0.6067013888888889 0.09088541666666661 0.46182870370370355
22 0.2528645833333333 0.6140509259259259 0.0958333333333334 0.45409722222222226
28 0.17739583333333334 0.6315914351851852 0.0981770833333333 0.4775462962962962
28 0.0928125 0.6649074074074074 0.08838541666666666 0.4711574074074075