35 0.14765625 0.5828125 0.10703125 0.18515625
39 0.25703125 0.38984375 0.10390625 0.1875
39 0.24453125 0.20078125 0.10625 0.1921875
39 0.26015625 0.575 0.1015625 0.18125
35 0.14140625 0.39609375 0.10703125 0.1875
37 0.45078125 0.73828125 0.0875 0.165625
14 0.8203125 0.559375 0.08203125 0.16015625
40 0.7328125 0.39296875 0.0859375 0.1765625
38 0.55546875 0.21015625 0.0953125 0.18203125
37 0.4515625 0.56796875 0.08671875 0.16875
40 0.7375 0.21640625 0.0890625 0.17734375
40 0.72890625 0.56328125 0.08515625 0.1671875
41 0.3546875 0.3953125 0.09609375 0.18203125
40 0.72421875 0.7265625 0.08125 0.15546875
35 0.1546875 0.75859375 0.10234375 0.17109375
37 0.45234375 0.390625 0.0875 0.178125
41 0.353125 0.20703125 0.0984375 0.18828125
39 0.259375 0.75390625 0.09921875 0.1703125
38 0.546875 0.73515625 0.0890625 0.165625
37 0.45 0.20625 0.0890625 0.17890625
19 0.8125 0.71875 0.08515625 0.1546875
36 0.64765625 0.21015625 0.09140625 0.1796875
38 0.55 0.56484375 0.090625 0.17109375
13 0.90234375 0.55234375 0.08359375 0.159375
36 0.6390625 0.73046875 0.08671875 0.16171875
36 0.646875 0.3890625 0.08828125 0.17421875
38 0.55234375 0.390625 0.0890625 0.178125
36 0.64375 0.5625 0.0875 0.1671875
3 0.92265625 0.215625 0.08828125 0.1703125
9 0.82734375 0.38671875 0.08515625 0.16484375
18 0.89453125 0.7140625 0.0828125 0.15625
41 0.3609375 0.7453125 0.09453125 0.16875
41 0.3578125 0.57109375 0.0953125 0.1765625
4 0.83203125 0.2140625 0.08671875 0.16953125
8 0.91171875 0.3890625 0.08125 0.1640625