34 0.13698495370370373 0.5048090277777778 0.11077546296296296 0.21003472222222222
34 0.44085069444444447 0.51078125 0.1125 0.2131944444444443
34 0.23781828703703703 0.49300347222222224 0.11065393518518522 0.20769097222222221
34 0.34086226851851853 0.49373263888888885 0.11320023148148142 0.2116493055555555
2 0.9242766203703704 0.47314236111111113 0.12055555555555557 0.21805555555555553
2 0.6160763888888889 0.4889236111111111 0.11442708333333336 0.2202604166666667
2 0.7199826388888889 0.4912326388888889 0.11524884259259256 0.22105902777777775
1 0.7908043981481481 0.15647569444444445 0.11439814814814805 0.20465277777777774
2 0.8178645833333335 0.46765625 0.11528935185185177 0.22184027777777776
32 0.14315972222222223 0.8646875000000002 0.11841435185185185 0.22190972222222244
32 0.24636574074074077 0.8685416666666667 0.11615162037037034 0.2234201388888888
32 0.45359953703703704 0.8770486111111111 0.11467013888888893 0.22494791666666672
1 0.8906828703703702 0.15635416666666666 0.11600115740740762 0.20546875
1 0.6883796296296296 0.15263888888888888 0.11361689814814824 0.20463541666666668
32 0.3492881944444445 0.8669270833333332 0.11771412037037035 0.22345486111111085
0 0.9440046296296296 0.8536111111111111 0.09939236111111108 0.20119791666666664
1 0.5896064814814814 0.15902777777777777 0.10170717592592596 0.18564236111111115
33 0.42792824074074076 0.15621527777777777 0.096736111111111 0.18006944444444445
33 0.3291145833333333 0.16182291666666665 0.09924189814814817 0.18324652777777778
33 0.2325636574074074 0.1659201388888889 0.09813657407407402 0.17697916666666663
33 0.13289930555555557 0.15512152777777777 0.09467592592592591 0.1854861111111111
0 0.8396296296296297 0.8723611111111111 0.10359374999999993 0.19192708333333322
0 0.736087962962963 0.8770833333333332 0.10131944444444443 0.20826388888888872
0 0.6299305555555555 0.8614583333333334 0.10510416666666664 0.20600694444444442