23 0.38515625 0.8906597222222222 0.0921875 0.18017361111111113
39 0.28984375 0.2927777777777778 0.08984375 0.17699652777777786
11 0.690625 0.6807465277777778 0.09453125 0.17710069444444443
31 0.19296875 0.49102430555555554 0.090625 0.1770138888888889
1 0.9046875 0.6775520833333333 0.08984375 0.17934027777777786
15 0.58984375 0.890798611111111 0.09375 0.17552083333333357
3 0.9 0.08937500000000001 0.090625 0.1754513888888889
5 0.7984375 0.8846006944444443 0.0921875 0.18173611111111115
18 0.59921875 0.09684027777777778 0.0921875 0.1747048611111111
2 0.903125 0.4799305555555556 0.09140625 0.17234374999999993
7 0.79765625 0.48305555555555557 0.0921875 0.17157986111111115
4 0.4015625 0.10201388888888889 0.09296875 0.17159722222222223
38 0.69609375 0.28531249999999997 0.09140625 0.17703125000000003
6 0.79453125 0.6760937499999999 0.08828125 0.1707118055555556
20 0.48671875 0.8907465277777777 0.09296875 0.18253472222222236
36 0.7953125 0.2854513888888889 0.09140625 0.17703125000000003
28 0.29453125 0.49111111111111116 0.0890625 0.17385416666666664
40 0.90234375 0.28619791666666666 0.08984375 0.17621527777777776
25 0.39296875 0.4912673611111111 0.09453125 0.17710069444444443
22 0.48984375 0.4891145833333333 0.09296875 0.17628472222222236
26 0.2828125 0.892934027777778 0.09296875 0.179409722222222
41 0.18515625 0.3005729166666667 0.09140625 0.17703125000000003
34 0.09609375 0.49005208333333333 0.08828125 0.1746180555555556
27 0.28515625 0.6881944444444444 0.0921875 0.18329861111111115
10 0.69296875 0.8838194444444444 0.09296875 0.177065972222222
16 0.58828125 0.6838020833333334 0.096875 0.18184027777777773
35 0.39296875 0.2920486111111111 0.09140625 0.17546874999999992
8 0.8046875 0.09227430555555556 0.0921875 0.1739236111111111
3 0.69296875 0.09631944444444444 0.090625 0.1715451388888889
19 0.0859375 0.11137152777777777 0.08828125 0.17149305555555555
12 0.69765625 0.4844965277777778 0.0890625 0.17385416666666664
9 0.296875 0.10355902777777777 0.08828125 0.17071180555555557
24 0.3875 0.6827951388888889 0.0921875 0.18173611111111115
21 0.4890625 0.6821006944444444 0.09609375 0.18026041666666667
30 0.1859375 0.6857118055555556 0.0921875 0.17626736111111113
14 0.1890625 0.10673611111111111 0.084375 0.17296875000000003
37 0.0859375 0.29887152777777776 0.08671875 0.15895833333333337
29 0.18125 0.8928472222222222 0.08515625 0.16907986111111128
32 0.08359375 0.9020486111111111 0.09375 0.19114583333333357
33 0.08828125 0.6839756944444444 0.08125 0.16821180555555557
0 0.90390625 0.8752256944444443 0.08984375 0.16918402777777786
17 0.59140625 0.4837326388888889 0.090625 0.17467013888888888